0|0|62.4|0.06699633598327637
0|1|74.1|0.057874441146850586
0|2|81.3|0.040770530700683594
0|3|69.4|0.05788755416870117
0|4|77.6|0.039835453033447266
0|5|68.8|0.06015753746032715
0|6|78.0|0.0390934944152832
0|7|73.0|0.05746626853942871
0|8|77.6|0.03728938102722168
0|9|72.4|0.05554652214050293
0|10|77.1|0.038809776306152344
0|11|68.7|0.06212878227233887
0|12|84.9|0.04613089561462402
0|13|79.5|0.05100393295288086
0|14|75.0|0.04058647155761719
0|15|77.8|0.05549049377441406
0|16|75.6|0.06647276878356934
0|17|87.0|0.04577374458312988
0|18|59.5|0.06137347221374512
0|19|85.2|0.03934121131896973
0|20|59.4|0.05248737335205078
0|21|84.8|0.041322946548461914
0|22|61.1|0.08498072624206543
0|23|89.0|0.08339643478393555
0|24|88.9|0.06288361549377441
0|25|90.4|0.047930240631103516
0|26|57.9|0.049758195877075195
0|27|90.5|0.0426175594329834
0|28|64.9|0.04626655578613281
0|29|89.2|0.04453873634338379
1|0|67.6|0.042366743087768555
1|1|82.4|0.072418212890625
1|2|76.7|0.0632469654083252
1|3|86.3|0.04073596000671387
1|4|60.6|0.055438995361328125
1|5|85.4|0.03933143615722656
1|6|63.6|0.055118560791015625
1|7|86.7|0.04242348670959473
1|8|64.9|0.05611920356750488
1|9|86.7|0.04212546348571777
1|10|63.9|0.05938911437988281
1|11|91.5|0.05643510818481445
1|12|78.3|0.05912303924560547
1|13|81.6|0.040689706802368164
1|14|69.7|0.05196785926818848
1|15|85.7|0.06042790412902832
1|16|90.2|0.06561088562011719
1|17|81.1|0.04645371437072754
1|18|86.5|0.05901002883911133
1|19|78.0|0.05847620964050293
1|20|94.1|0.06621146202087402
1|21|85.4|0.06483817100524902
1|22|76.9|0.06018829345703125
1|23|95.9|0.05501914024353027
1|24|77.8|0.07957768440246582
1|25|93.8|0.05192232131958008
1|26|85.7|0.06137585639953613
1|27|72.9|0.05663013458251953
1|28|93.6|0.045186519622802734
1|29|65.8|0.050481557846069336
2|0|89.5|0.044449567794799805
2|1|66.7|0.04573655128479004
2|2|90.0|0.04725527763366699
2|3|67.6|0.047536373138427734
2|4|89.2|0.07207083702087402
2|5|76.7|0.07395505905151367
2|6|86.2|0.06599283218383789
2|7|86.8|0.05669236183166504
2|8|74.5|0.06929397583007812
2|9|85.5|0.061421871185302734
2|10|86.3|0.05041360855102539
2|11|69.0|0.06684589385986328
2|12|92.9|0.06027698516845703
2|13|76.7|0.07966899871826172
2|14|79.7|0.056647539138793945
2|15|93.6|0.05451679229736328
2|16|66.7|0.0592801570892334
2|17|87.5|0.03793454170227051
2|18|56.3|0.0685112476348877
2|19|81.1|0.03745460510253906
2|20|63.6|0.07983899116516113
2|21|75.4|0.07812023162841797
2|22|89.1|0.04996156692504883
2|23|76.9|0.06579113006591797
2|24|80.0|0.03632640838623047
2|25|72.4|0.05852794647216797
2|26|83.7|0.03903651237487793
2|27|67.6|0.060537099838256836
2|28|78.4|0.03851461410522461
2|29|65.6|0.06012105941772461
3|0|79.6|0.03910517692565918
3|1|64.5|0.07956862449645996
3|2|78.5|0.08410072326660156
3|3|88.4|0.043295860290527344
3|4|75.0|0.05651736259460449
3|5|78.7|0.054225921630859375
3|6|93.3|0.0645146369934082
3|7|77.4|0.07767891883850098
3|8|90.6|0.04705047607421875
3|9|82.1|0.07820439338684082
3|10|81.2|0.07281208038330078
3|11|89.7|0.04812216758728027
3|12|82.9|0.06578469276428223
3|13|75.9|0.07023406028747559
3|14|87.5|0.04035687446594238
3|15|53.1|0.05693364143371582
3|16|91.1|0.057282209396362305
3|17|82.0|0.07670736312866211
3|18|78.7|0.09079313278198242
3|19|89.0|0.03836178779602051
3|20|77.4|0.07027363777160645
3|21|83.3|0.06159615516662598
3|22|90.2|0.0619204044342041
3|23|76.9|0.08093786239624023
3|24|78.3|0.061506032943725586
3|25|92.3|0.055364131927490234
3|26|65.9|0.06763505935668945
3|27|80.0|0.04044461250305176
3|28|75.7|0.060057878494262695
3|29|77.1|0.037635087966918945
4|0|69.0|0.06063413619995117
4|1|77.6|0.041124820709228516
4|2|72.7|0.07537603378295898
4|3|79.0|0.0706634521484375
4|4|89.5|0.050978899002075195
4|5|73.2|0.0531771183013916
4|6|81.0|0.04256272315979004
4|7|65.7|0.07400250434875488
4|8|81.7|0.06509637832641602
4|9|90.7|0.044506072998046875
4|10|58.1|0.0580291748046875
4|11|97.8|0.05486416816711426
4|12|69.8|0.0643913745880127
4|13|82.4|0.03748893737792969
4|14|65.6|0.05496621131896973
4|15|84.4|0.042937517166137695
4|16|60.0|0.059653282165527344
4|17|83.7|0.0425868034362793
4|18|66.7|0.05783724784851074
4|19|81.2|0.04513716697692871
4|20|78.9|0.06913328170776367
4|21|80.0|0.06409740447998047
4|22|92.5|0.04267239570617676
4|23|66.7|0.056958675384521484
4|24|93.7|0.06066751480102539
4|25|80.0|0.06854701042175293
4|26|84.5|0.05398368835449219
4|27|88.6|0.05845952033996582
4|28|76.1|0.0542294979095459
4|29|93.0|0.058499813079833984
5|0|78.0|0.07171392440795898
5|1|91.5|0.04772233963012695
5|2|75.7|0.06994986534118652
5|3|84.7|0.06646609306335449
5|4|94.2|0.0476682186126709
5|5|64.1|0.05126309394836426
5|6|90.0|0.04232525825500488
5|7|66.7|0.08507847785949707
5|8|82.4|0.06678080558776855
5|9|94.1|0.0682687759399414
5|10|82.5|0.06744265556335449
5|11|80.0|0.07193493843078613
5|12|91.2|0.056990623474121094
5|13|81.6|0.06877279281616211
5|14|80.4|0.05634188652038574
5|15|91.1|0.052841901779174805
5|16|74.4|0.05417060852050781
5|17|90.7|0.06907248497009277
5|18|81.8|0.06594729423522949
5|19|79.2|0.044420719146728516
5|20|78.4|0.05137753486633301
5|21|76.2|0.042563438415527344
5|22|80.6|0.04923200607299805
5|23|78.9|0.055155038833618164
5|24|89.1|0.07036232948303223
5|25|83.6|0.06439948081970215
5|26|94.3|0.04883551597595215
5|27|73.7|0.05026555061340332
5|28|81.4|0.04283404350280762
5|29|67.6|0.04925704002380371
6|0|86.8|0.04563021659851074
6|1|69.4|0.048905134201049805
6|2|85.7|0.05655479431152344
6|3|83.0|0.07510590553283691
6|4|90.0|0.054102420806884766
6|5|90.7|0.05200934410095215
6|6|80.0|0.06327581405639648
6|7|90.2|0.0648508071899414
6|8|84.0|0.06510686874389648
6|9|90.9|0.0408015251159668
6|10|75.0|0.07366228103637695
6|11|86.4|0.0643775463104248
6|12|91.3|0.06063365936279297
6|13|83.3|0.0752413272857666
6|14|88.7|0.054230690002441406
6|15|88.6|0.0662844181060791
6|16|81.1|0.06493878364562988
6|17|82.7|0.0659029483795166
6|18|88.9|0.06626725196838379
6|19|87.5|0.0775454044342041
6|20|82.8|0.06775140762329102
6|21|88.7|0.05579233169555664
6|22|81.4|0.07009625434875488
6|23|89.5|0.05468344688415527
6|24|87.5|0.0619356632232666
6|25|80.4|0.07050323486328125
6|26|84.2|0.05826282501220703
6|27|87.0|0.06743884086608887
6|28|87.3|0.05120134353637695
6|29|85.7|0.04936933517456055
7|0|65.8|0.04260063171386719
7|1|83.9|0.05052328109741211
7|2|73.8|0.04518485069274902
7|3|79.5|0.0457763671875
7|4|76.3|0.041001319885253906
7|5|78.8|0.05931854248046875
7|6|80.0|0.06142711639404297
7|7|92.5|0.06275391578674316
7|8|72.0|0.058783769607543945
7|9|80.4|0.04546022415161133
7|10|71.8|0.058776140213012695
7|11|79.2|0.04620766639709473
7|12|75.0|0.05859255790710449
7|13|77.1|0.0444490909576416
7|14|77.5|0.06616568565368652
7|15|84.2|0.07890105247497559
7|16|90.6|0.0469515323638916
7|17|76.3|0.058470726013183594
7|18|83.7|0.0671539306640625
7|19|93.0|0.07968807220458984
7|20|88.2|0.07012128829956055
7|21|82.5|0.09338903427124023
7|22|84.4|0.08138656616210938
7|23|89.2|0.061124563217163086
7|24|88.0|0.07353997230529785
7|25|78.0|0.09600830078125
7|26|84.6|0.08312320709228516
7|27|89.1|0.06673789024353027
7|28|92.6|0.06761622428894043
7|29|78.6|0.08038496971130371
8|0|80.6|0.07497978210449219
8|1|86.9|0.05439949035644531
8|2|84.4|0.06002187728881836
8|3|77.1|0.043732404708862305
8|4|78.9|0.06257319450378418
8|5|69.4|0.052155494689941406
8|6|88.1|0.05020403861999512
8|7|66.7|0.06779289245605469
8|8|81.1|0.060843706130981445
8|9|80.9|0.05626082420349121
8|10|77.1|0.04668545722961426
8|11|76.3|0.06251049041748047
8|12|71.4|0.04544639587402344
8|13|86.1|0.05696988105773926
8|14|71.4|0.04929399490356445
8|15|90.0|0.0509638786315918
8|16|68.3|0.04736208915710449
8|17|86.8|0.05407595634460449
8|18|69.8|0.04293227195739746
8|19|86.1|0.06239581108093262
8|20|82.0|0.06367373466491699
8|21|84.9|0.04404711723327637
8|22|63.9|0.05844235420227051
8|23|85.1|0.045107126235961914
8|24|66.7|0.06174063682556152
8|25|84.0|0.04596447944641113
8|26|72.5|0.05715060234069824
8|27|82.6|0.04800009727478027
8|28|73.7|0.05671811103820801
8|29|75.6|0.048013925552368164
9|0|82.5|0.06595230102539062
9|1|80.8|0.0714411735534668
9|2|86.0|0.04666948318481445
9|3|69.2|0.0566716194152832
9|4|82.2|0.04658079147338867
9|5|68.6|0.059118032455444336
9|6|81.2|0.0502932071685791
9|7|78.6|0.055856943130493164
9|8|74.4|0.051103830337524414
9|9|86.0|0.05386710166931152
9|10|71.7|0.06576085090637207
9|11|90.7|0.07452964782714844
9|12|90.0|0.07025980949401855
9|13|82.1|0.06757736206054688
9|14|92.3|0.04340100288391113
9|15|66.7|0.059926509857177734
9|16|83.7|0.045105934143066406
9|17|71.1|0.05671262741088867
9|18|81.6|0.046887874603271484
9|19|81.6|0.06892013549804688
9|20|81.8|0.0700228214263916
9|21|84.2|0.045153141021728516
9|22|69.4|0.06695365905761719
9|23|79.2|0.04316592216491699
9|24|75.8|0.0570378303527832
9|25|79.5|0.043955087661743164
9|26|78.4|0.06997156143188477
9|27|89.7|0.07802438735961914
9|28|85.9|0.04891610145568848
9|29|77.5|0.0649862289428711
10|0|90.4|0.054329633712768555
10|1|80.9|0.050861358642578125
10|2|73.2|0.05174088478088379
10|3|85.7|0.047034263610839844
10|4|72.5|0.05595541000366211
10|5|87.2|0.06183910369873047
10|6|82.7|0.07425284385681152
10|7|87.9|0.0704658031463623
10|8|91.1|0.08368539810180664
10|9|91.2|0.07016825675964355
10|10|85.2|0.05428123474121094
10|11|84.1|0.06789374351501465
10|12|83.6|0.047985076904296875
10|13|78.0|0.05087685585021973
10|14|81.0|0.07254242897033691
10|15|88.1|0.07609677314758301
10|16|87.3|0.050238609313964844
10|17|83.3|0.07549548149108887
10|18|79.7|0.0894312858581543
10|19|88.4|0.07831501960754395
10|20|87.5|0.04759407043457031
10|21|80.0|0.07171249389648438
10|22|86.4|0.06482505798339844
10|23|88.0|0.047354698181152344
10|24|70.7|0.06396651268005371
10|25|79.2|0.047789812088012695
10|26|73.7|0.05928921699523926
10|27|87.2|0.06506037712097168
10|28|90.9|0.048291921615600586
10|29|64.9|0.05342555046081543
11|0|88.9|0.0786280632019043
11|1|90.5|0.0754551887512207
11|2|90.0|0.07062745094299316
11|3|86.2|0.05597066879272461
11|4|93.2|0.08194780349731445
11|5|86.6|0.07785296440124512
11|6|85.7|0.04908633232116699
11|7|95.3|0.05884361267089844
11|8|76.6|0.06080889701843262
11|9|96.0|0.09314775466918945
11|10|93.4|0.08393669128417969
11|11|88.1|0.07722949981689453
11|12|84.4|0.08424520492553711
11|13|83.8|0.07892298698425293
11|14|88.9|0.06019783020019531
11|15|88.0|0.09860944747924805
11|16|91.1|0.0784292221069336
11|17|90.5|0.08916997909545898
11|18|87.0|0.07972192764282227
11|19|89.6|0.08950686454772949
11|20|93.0|0.0540008544921875
11|21|85.4|0.08659815788269043
11|22|90.1|0.09269857406616211
11|23|85.5|0.08573007583618164
11|24|87.3|0.08489680290222168
11|25|94.0|0.07028388977050781
11|26|92.9|0.07022309303283691
11|27|87.7|0.0843813419342041
11|28|89.9|0.0865776538848877
11|29|87.1|0.05163240432739258
12|0|88.1|0.059180498123168945
12|1|75.0|0.07533502578735352
12|2|88.5|0.057376861572265625
12|3|89.6|0.0865483283996582
12|4|85.9|0.08160209655761719
12|5|88.2|0.08030843734741211
12|6|83.9|0.04948115348815918
12|7|77.3|0.0752100944519043
12|8|78.3|0.07209253311157227
12|9|89.5|0.05335044860839844
12|10|83.7|0.05649852752685547
12|11|77.8|0.040641069412231445
12|12|69.4|0.06954741477966309
12|13|82.1|0.04763197898864746
12|14|90.0|0.05081319808959961
12|15|67.5|0.048514366149902344
12|16|86.8|0.07349228858947754
12|17|82.3|0.09623146057128906
12|18|85.7|0.07753443717956543
12|19|82.5|0.06844210624694824
12|20|92.6|0.061104774475097656
12|21|76.0|0.07954025268554688
12|22|81.5|0.09019923210144043
12|23|88.7|0.05933403968811035
12|24|90.0|0.0725548267364502
12|25|75.9|0.07422447204589844
12|26|85.9|0.07726120948791504
12|27|93.4|0.06098151206970215
12|28|80.4|0.07409954071044922
12|29|81.4|0.053946495056152344
13|0|90.7|0.055017709732055664
13|1|75.6|0.0658576488494873
13|2|84.9|0.03891801834106445
13|3|60.0|0.062389373779296875
13|4|83.7|0.03818631172180176
13|5|63.6|0.07365942001342773
13|6|81.7|0.06106448173522949
13|7|91.7|0.04949045181274414
13|8|68.3|0.051207542419433594
13|9|88.6|0.0481104850769043
13|10|66.7|0.05003857612609863
13|11|85.0|0.04885578155517578
13|12|68.3|0.04511451721191406
13|13|88.6|0.04782533645629883
13|14|71.4|0.043096065521240234
13|15|82.4|0.052208662033081055
13|16|70.7|0.04163050651550293
13|17|78.1|0.06850481033325195
13|18|80.7|0.07428908348083496
13|19|86.9|0.04097294807434082
13|20|64.5|0.050302743911743164
13|21|90.2|0.04195713996887207
13|22|63.9|0.04381060600280762
13|23|91.7|0.04949617385864258
13|24|66.7|0.0444035530090332
13|25|88.2|0.052401065826416016
13|26|70.7|0.04166746139526367
13|27|85.3|0.05064129829406738
13|28|72.1|0.03987693786621094
13|29|74.2|0.06824517250061035
14|0|76.8|0.04563498497009277
14|1|86.1|0.052596092224121094
14|2|71.7|0.04498720169067383
14|3|83.3|0.05072736740112305
14|4|73.8|0.045218706130981445
14|5|79.5|0.07267141342163086
14|6|85.7|0.05912494659423828
14|7|89.8|0.05235719680786133
14|8|78.3|0.05831122398376465
14|9|80.9|0.03856539726257324
14|10|66.7|0.05823087692260742
14|11|85.4|0.0382380485534668
14|12|64.7|0.05125904083251953
14|13|97.6|0.041559696197509766
14|14|66.7|0.05823016166687012
14|15|85.4|0.04297614097595215
14|16|61.8|0.06858277320861816
14|17|90.4|0.0576632022857666
14|18|87.2|0.057161808013916016
14|19|71.1|0.0452120304107666
14|20|85.0|0.05758547782897949
14|21|66.0|0.047550201416015625
14|22|86.5|0.048627376556396484
14|23|65.8|0.04517102241516113
14|24|83.8|0.051054954528808594
14|25|70.0|0.04317212104797363
14|26|77.1|0.053708791732788086
14|27|73.2|0.03971219062805176
14|28|71.0|0.0541377067565918
14|29|76.2|0.056115150451660156
15|0|89.1|0.05232810974121094
15|1|70.7|0.04659771919250488
15|2|84.6|0.04852938652038574
15|3|69.2|0.0406336784362793
15|4|75.8|0.05678510665893555
15|5|77.8|0.03924250602722168
15|6|73.3|0.05825209617614746
15|7|76.6|0.04710125923156738
15|8|73.7|0.05712175369262695
15|9|76.6|0.05630970001220703
15|10|88.6|0.058103084564208984
15|11|76.6|0.054689884185791016
15|12|88.6|0.04272055625915527
15|13|63.9|0.04810643196105957
15|14|94.6|0.04506707191467285
15|15|69.2|0.050800323486328125
15|16|86.8|0.04783821105957031
15|17|68.3|0.04733395576477051
15|18|81.1|0.04985237121582031
15|19|70.7|0.041441917419433594
15|20|81.2|0.05646514892578125
15|21|73.9|0.04323768615722656
15|22|78.4|0.06535959243774414
15|23|79.2|0.05366683006286621
15|24|89.1|0.04423046112060547
15|25|62.9|0.04805779457092285
15|26|88.1|0.04896092414855957
15|27|68.4|0.04258537292480469
15|28|83.3|0.052644968032836914
15|29|73.2|0.04147624969482422
16|0|78.1|0.055887460708618164
16|1|75.6|0.039704322814941406
16|2|80.0|0.07029891014099121
16|3|83.9|0.08227324485778809
16|4|89.6|0.05123758316040039
16|5|85.7|0.056276559829711914
16|6|78.7|0.05954575538635254
16|7|91.3|0.06531524658203125
16|8|75.0|0.07312655448913574
16|9|88.3|0.0555720329284668
16|10|91.3|0.0659646987915039
16|11|83.6|0.06108593940734863
16|12|90.2|0.06712913513183594
16|13|83.6|0.0841817855834961
16|14|86.4|0.08122682571411133
16|15|83.8|0.07309603691101074
16|16|87.7|0.041632652282714844
16|17|69.4|0.051471710205078125
16|18|83.7|0.04763913154602051
16|19|73.0|0.08229565620422363
16|20|80.3|0.04783964157104492
16|21|87.2|0.07711172103881836
16|22|85.7|0.09963345527648926
16|23|87.8|0.0656590461730957
16|24|89.1|0.06064152717590332
16|25|89.6|0.06970715522766113
16|26|81.7|0.06780791282653809
16|27|90.6|0.053002357482910156
16|28|84.4|0.0695030689239502
16|29|84.2|0.06368660926818848
17|0|93.9|0.05777859687805176
17|1|85.4|0.07374072074890137
17|2|86.2|0.06452679634094238
17|3|88.9|0.06149625778198242
17|4|76.6|0.06818866729736328
17|5|84.2|0.057207345962524414
17|6|88.9|0.048388004302978516
17|7|70.7|0.04677081108093262
17|8|80.6|0.05841207504272461
17|9|79.2|0.06932353973388672
17|10|85.5|0.06447911262512207
17|11|84.6|0.05754280090332031
17|12|72.7|0.04570817947387695
17|13|86.5|0.04891324043273926
17|14|68.3|0.043430328369140625
17|15|80.6|0.05003070831298828
17|16|73.7|0.03789186477661133
17|17|73.3|0.05997061729431152
17|18|78.7|0.0386962890625
17|19|71.9|0.060007572174072266
17|20|80.4|0.038818359375
17|21|71.9|0.06747078895568848
17|22|85.2|0.04488778114318848
17|23|83.8|0.05015683174133301
17|24|75.6|0.04164552688598633
17|25|78.4|0.047330379486083984
17|26|78.9|0.045159339904785156
17|27|65.7|0.05366873741149902
17|28|82.2|0.03860640525817871
17|29|69.7|0.06289505958557129
18|0|79.2|0.03823423385620117
18|1|72.7|0.0643777847290039
18|2|80.8|0.050249576568603516
18|3|82.9|0.06923031806945801
18|4|79.7|0.04672074317932129
18|5|92.1|0.04575943946838379
18|6|67.6|0.05195498466491699
18|7|83.3|0.048134565353393555
18|8|71.1|0.04546546936035156
18|9|87.2|0.04981279373168945
18|10|70.0|0.04062223434448242
18|11|83.3|0.05293774604797363
18|12|75.6|0.04487299919128418
18|13|77.5|0.05294299125671387
18|14|76.7|0.04046201705932617
18|15|76.5|0.0741112232208252
18|16|77.6|0.04541659355163574
18|17|86.5|0.04644656181335449
18|18|71.8|0.04967546463012695
18|19|83.7|0.04906940460205078
18|20|69.2|0.045920372009277344
18|21|86.8|0.048738718032836914
18|22|73.7|0.042913198471069336
18|23|76.5|0.053670406341552734
18|24|73.3|0.04302692413330078
18|25|77.8|0.05746316909790039
18|26|75.0|0.04010152816772461
18|27|79.4|0.06819677352905273
18|28|77.8|0.049561500549316406
18|29|87.5|0.04629635810852051
19|0|71.1|0.04167819023132324
19|1|83.9|0.04855847358703613
19|2|75.6|0.04297661781311035
19|3|77.8|0.0644679069519043
19|4|85.5|0.04877352714538574
19|5|85.0|0.04674673080444336
19|6|70.0|0.05908608436584473
19|7|91.5|0.06328415870666504
19|8|73.5|0.06686663627624512
19|9|87.0|0.04127001762390137
19|10|73.5|0.07150697708129883
19|11|79.3|0.0466160774230957
19|12|84.2|0.04984784126281738
19|13|69.2|0.04703021049499512
19|14|80.5|0.05575394630432129
19|15|72.7|0.04449868202209473
19|16|83.3|0.0537562370300293
19|17|72.1|0.04412674903869629
19|18|83.3|0.05123758316040039
19|19|73.2|0.04908442497253418
19|20|85.4|0.05821108818054199
19|21|77.1|0.04571199417114258
19|22|86.1|0.051229238510131836
19|23|69.8|0.0511019229888916
19|24|84.6|0.04709148406982422
19|25|71.8|0.04714393615722656
19|26|85.7|0.05034184455871582
19|27|69.2|0.05119204521179199
19|28|83.7|0.04821276664733887
19|29|71.8|0.046274662017822266
20|0|86.8|0.049939870834350586
20|1|73.2|0.047765254974365234
20|2|89.5|0.06598448753356934
20|3|82.7|0.0597841739654541
20|4|85.7|0.04173612594604492
20|5|65.6|0.053154945373535156
20|6|88.4|0.0416872501373291
20|7|67.6|0.0423588752746582
20|8|88.6|0.052989959716796875
20|9|67.4|0.043822288513183594
20|10|85.3|0.04828834533691406
20|11|73.2|0.04198956489562988
20|12|82.9|0.05427861213684082
20|13|73.8|0.047895193099975586
20|14|87.2|0.05745124816894531
20|15|76.1|0.04420804977416992
20|16|85.7|0.049419403076171875
20|17|70.0|0.044503211975097656
20|18|78.8|0.0566713809967041
20|19|73.3|0.04267430305480957
20|20|83.3|0.05351591110229492
20|21|75.6|0.04703021049499512
20|22|78.4|0.052242279052734375
20|23|68.3|0.04146099090576172
20|24|79.4|0.0556185245513916
20|25|73.3|0.058678388595581055
20|26|85.7|0.04843783378601074
20|27|69.2|0.05292868614196777
20|28|86.7|0.04902815818786621
20|29|70.0|0.05291461944580078
21|0|86.4|0.049561262130737305
21|1|66.7|0.06066775321960449
21|2|85.4|0.045067548751831055
21|3|66.7|0.04845309257507324
21|4|87.5|0.05946755409240723
21|5|73.9|0.06719970703125
21|6|76.8|0.05613827705383301
21|7|88.4|0.05337357521057129
21|8|75.6|0.04809880256652832
21|9|84.6|0.049718618392944336
21|10|74.4|0.047940969467163086
21|11|85.0|0.052954673767089844
21|12|75.6|0.04427599906921387
21|13|88.2|0.05513596534729004
21|14|76.1|0.04649519920349121
21|15|87.2|0.049054622650146484
21|16|75.6|0.04703354835510254
21|17|85.0|0.05275702476501465
21|18|73.2|0.06798577308654785
21|19|89.3|0.0463862419128418
21|20|67.6|0.057749271392822266
21|21|84.8|0.044179677963256836
21|22|70.3|0.0562891960144043
21|23|84.8|0.046659231185913086
21|24|67.6|0.0652010440826416
21|25|78.8|0.044101715087890625
21|26|69.4|0.06427764892578125
21|27|76.9|0.046844482421875
21|28|77.8|0.0552515983581543
21|29|73.3|0.06336760520935059
22|0|88.2|0.049214839935302734
22|1|73.8|0.04730796813964844
22|2|87.2|0.05005526542663574
22|3|72.1|0.047440290451049805
22|4|86.5|0.050968170166015625
22|5|73.2|0.04906630516052246
22|6|87.5|0.061852455139160156
22|7|76.0|0.05523681640625
22|8|84.1|0.0460362434387207
22|9|69.2|0.05338573455810547
22|10|86.0|0.061676025390625
22|11|80.8|0.057398080825805664
22|12|80.0|0.04391336441040039
22|13|70.6|0.06104707717895508
22|14|76.9|0.04209780693054199
22|15|77.8|0.06250238418579102
22|16|76.0|0.042281150817871094
22|17|80.6|0.052614450454711914
22|18|78.0|0.03985190391540527
22|19|71.9|0.06134939193725586
22|20|81.1|0.04268646240234375
22|21|80.0|0.06755232810974121
22|22|83.6|0.04974198341369629
22|23|85.7|0.048346519470214844
22|24|73.7|0.0467829704284668
22|25|82.5|0.05265021324157715
22|26|74.4|0.04561781883239746
22|27|83.3|0.05300283432006836
22|28|75.0|0.04392123222351074
22|29|85.7|0.05452847480773926
23|0|73.9|0.04742002487182617
23|1|84.2|0.05225539207458496
23|2|74.4|0.05074000358581543
23|3|83.7|0.06838583946228027
23|4|79.6|0.06369137763977051
23|5|82.4|0.044341325759887695
23|6|73.0|0.07083797454833984
23|7|86.2|0.04634904861450195
23|8|86.5|0.05117630958557129
23|9|76.2|0.0463714599609375
23|10|80.0|0.05330705642700195
23|11|75.6|0.04772496223449707
23|12|82.1|0.053914546966552734
23|13|74.4|0.056653499603271484
23|14|86.4|0.06257152557373047
23|15|76.5|0.05890488624572754
23|16|81.2|0.04737138748168945
23|17|75.7|0.061371564865112305
23|18|79.2|0.04849696159362793
23|19|82.9|0.05818629264831543
23|20|75.0|0.0526576042175293
23|21|85.0|0.05091547966003418
23|22|76.2|0.06251645088195801
23|23|80.8|0.04866194725036621
23|24|70.7|0.06367135047912598
23|25|94.0|0.052413225173950195
23|26|76.2|0.06013083457946777
23|27|77.1|0.0455625057220459
23|28|82.4|0.06053733825683594
23|29|76.5|0.05008244514465332
24|0|83.3|0.05386233329772949
24|1|75.6|0.049176931381225586
24|2|84.1|0.05666756629943848
24|3|74.5|0.052931785583496094
24|4|85.7|0.06093788146972656
24|5|78.0|0.06900286674499512
24|6|78.2|0.04860115051269531
24|7|76.9|0.0580744743347168
24|8|77.8|0.05009794235229492
24|9|80.5|0.06289100646972656
24|10|73.6|0.05505514144897461
24|11|84.8|0.04716634750366211
24|12|70.3|0.056817054748535156
24|13|87.0|0.05078840255737305
24|14|70.5|0.06726861000061035
24|15|79.2|0.04675436019897461
24|16|78.9|0.058222293853759766
24|17|76.6|0.055097341537475586
24|18|80.4|0.05679512023925781
24|19|72.7|0.055633544921875
24|20|84.8|0.05363869667053223
24|21|70.5|0.06041574478149414
24|22|84.0|0.04652595520019531
24|23|74.3|0.06215643882751465
24|24|76.0|0.04954695701599121
24|25|82.9|0.05924797058105469
24|26|77.6|0.048645973205566406
24|27|82.9|0.05493760108947754
24|28|81.4|0.05371999740600586
24|29|77.3|0.05125856399536133
25|0|77.5|0.05355215072631836
25|1|81.0|0.06375885009765625
25|2|84.6|0.05912923812866211
25|3|81.6|0.0510106086730957
25|4|80.5|0.06338810920715332
25|5|75.0|0.04852628707885742
25|6|81.6|0.056667327880859375
25|7|77.1|0.04930567741394043
25|8|78.9|0.05583333969116211
25|9|77.8|0.055464744567871094
25|10|80.4|0.051043033599853516
25|11|76.7|0.055596351623535156
25|12|82.6|0.05431032180786133
25|13|75.0|0.05630230903625488
25|14|80.0|0.06011152267456055
25|15|73.5|0.05602622032165527
25|16|78.7|0.05396103858947754
25|17|80.0|0.04950904846191406
25|18|77.5|0.06284928321838379
25|19|78.4|0.04982328414916992
25|20|75.0|0.056324005126953125
25|21|80.4|0.052021026611328125
25|22|76.2|0.050432682037353516
25|23|81.0|0.048940181732177734
25|24|82.9|0.055020809173583984
25|25|75.6|0.06049609184265137
25|26|75.5|0.05298495292663574
25|27|80.0|0.05447196960449219
25|28|77.3|0.05515170097351074
25|29|80.0|0.06529784202575684
26|0|87.0|0.05189847946166992
26|1|75.6|0.05872035026550293
26|2|78.0|0.049445390701293945
26|3|78.9|0.060079336166381836
26|4|76.5|0.05510377883911133
26|5|75.0|0.050673723220825195
26|6|78.6|0.057660579681396484
26|7|78.3|0.0490880012512207
26|8|76.3|0.05150938034057617
26|9|83.7|0.05587291717529297
26|10|74.5|0.051848411560058594
26|11|82.9|0.05099177360534668
26|12|70.0|0.057344913482666016
26|13|80.0|0.047254323959350586
26|14|79.5|0.051468849182128906
26|15|78.6|0.04620099067687988
26|16|78.9|0.05369138717651367
26|17|81.0|0.05072188377380371
26|18|79.1|0.05473661422729492
26|19|76.1|0.05006909370422363
26|20|82.1|0.05379319190979004
26|21|75.6|0.05225348472595215
26|22|83.3|0.05012345314025879
26|23|75.0|0.05286693572998047
26|24|84.8|0.047910451889038086
26|25|74.4|0.05444622039794922
26|26|80.0|0.05145978927612305
26|27|76.2|0.056897878646850586
26|28|77.6|0.04659581184387207
26|29|73.7|0.06324887275695801
27|0|89.8|0.05376744270324707
27|1|80.0|0.058008432388305664
27|2|77.3|0.05180478096008301
27|3|81.4|0.05090761184692383
27|4|73.2|0.05384492874145508
27|5|86.4|0.05034613609313965
27|6|67.6|0.048383474349975586
27|7|85.4|0.04977107048034668
27|8|75.0|0.05075645446777344
27|9|85.7|0.05000495910644531
27|10|69.4|0.059297800064086914
27|11|83.0|0.04907584190368652
27|12|71.8|0.05633115768432617
27|13|82.6|0.04575514793395996
27|14|71.1|0.05785012245178223
27|15|85.7|0.04674339294433594
27|16|74.4|0.058691978454589844
27|17|83.3|0.04495811462402344
27|18|72.2|0.05656123161315918
27|19|82.6|0.04638266563415527
27|20|72.2|0.05651545524597168
27|21|80.9|0.04650568962097168
27|22|74.4|0.05964231491088867
27|23|79.2|0.04464864730834961
27|24|80.0|0.05592966079711914
27|25|76.1|0.04729795455932617
27|26|82.1|0.053635358810424805
27|27|75.6|0.04648923873901367
27|28|84.6|0.05707883834838867
27|29|75.5|0.07311081886291504
28|0|86.0|0.04467201232910156
28|1|69.4|0.0610356330871582
28|2|81.2|0.04456830024719238
28|3|73.0|0.06015586853027344
28|4|81.6|0.046823978424072266
28|5|78.4|0.05769181251525879
28|6|78.3|0.046834468841552734
28|7|79.5|0.05531191825866699
28|8|75.6|0.04358386993408203
28|9|78.8|0.05496025085449219
28|10|76.1|0.04754066467285156
28|11|80.6|0.050824642181396484
28|12|76.2|0.04418373107910156
28|13|78.8|0.05690264701843262
28|14|80.4|0.07833528518676758
28|15|88.9|0.04688096046447754
28|16|73.7|0.05595278739929199
28|17|82.2|0.04373812675476074
28|18|70.6|0.058957815170288086
28|19|83.0|0.046860694885253906
28|20|74.4|0.05887603759765625
28|21|77.1|0.04492950439453125
28|22|77.8|0.05597519874572754
28|23|73.3|0.04637932777404785
28|24|79.5|0.05577826499938965
28|25|76.6|0.048493385314941406
28|26|82.5|0.055213212966918945
28|27|73.3|0.04719996452331543
28|28|84.2|0.05560660362243652
28|29|68.2|0.05330038070678711
29|0|84.8|0.06575179100036621
29|1|81.8|0.06229877471923828
29|2|80.0|0.04933762550354004
29|3|76.3|0.05303645133972168
29|4|79.5|0.05211234092712402
29|5|77.5|0.05702400207519531
29|6|75.0|0.05063772201538086
29|7|85.0|0.053363800048828125
29|8|67.4|0.055228233337402344
29|9|87.0|0.04916548728942871
29|10|69.2|0.049884796142578125
29|11|85.7|0.049590349197387695
29|12|71.4|0.054345130920410156
29|13|83.7|0.05015969276428223
29|14|71.8|0.05843615531921387
29|15|81.2|0.046478271484375
29|16|73.7|0.05822944641113281
29|17|83.7|0.04657292366027832
29|18|74.4|0.06154751777648926
29|19|78.8|0.04482078552246094
29|20|80.0|0.054376840591430664
29|21|80.4|0.04640603065490723
29|22|82.5|0.05755352973937988
29|23|75.5|0.0520014762878418
29|24|85.7|0.05051136016845703
29|25|76.2|0.06462812423706055
29|26|80.0|0.05189704895019531
29|27|71.4|0.05816197395324707
29|28|83.0|0.05849480628967285
29|29|87.5|0.059510231018066406
30|0|79.6|0.049010515213012695
30|1|81.6|0.05243730545043945
30|2|77.3|0.04585981369018555
30|3|83.8|0.05264735221862793
30|4|76.7|0.05202221870422363
30|5|85.4|0.05025792121887207
30|6|74.4|0.04939627647399902
30|7|85.7|0.05170273780822754
30|8|72.5|0.05485057830810547
30|9|83.0|0.05003643035888672
30|10|72.1|0.04959416389465332
30|11|86.0|0.04951882362365723
30|12|72.5|0.056517601013183594
30|13|84.8|0.050522565841674805
30|14|69.0|0.062216758728027344
30|15|84.3|0.04435610771179199
30|16|70.6|0.06638646125793457
30|17|80.0|0.04776120185852051
30|18|78.9|0.05655097961425781
30|19|76.0|0.048549652099609375
30|20|81.6|0.05675458908081055
30|21|70.5|0.050150394439697266
30|22|82.9|0.0489804744720459
30|23|72.5|0.05010843276977539
30|24|86.0|0.050449371337890625
30|25|73.2|0.058194875717163086
30|26|82.0|0.04835033416748047
30|27|69.2|0.05585336685180664
30|28|86.7|0.0643301010131836
30|29|82.7|0.06375336647033691
31|0|78.8|0.0429990291595459
31|1|80.6|0.05703473091125488
31|2|77.1|0.043441057205200195
31|3|81.6|0.055200815200805664
31|4|73.8|0.04398965835571289
31|5|82.4|0.05787038803100586
31|6|74.5|0.04886317253112793
31|7|85.0|0.05138587951660156
31|8|72.7|0.045136213302612305
31|9|85.7|0.05248689651489258
31|10|75.0|0.04500317573547363
31|11|83.8|0.05149507522583008
31|12|74.4|0.0495603084564209
31|13|85.0|0.052254676818847656
31|14|71.4|0.04847121238708496
31|15|85.4|0.050045013427734375
31|16|73.2|0.05107736587524414
31|17|85.4|0.0488126277923584
31|18|71.8|0.04990077018737793
31|19|88.1|0.0491485595703125
31|20|71.8|0.04922962188720703
31|21|87.5|0.049360036849975586
31|22|73.8|0.059435367584228516
31|23|80.4|0.04572439193725586
31|24|69.2|0.04612278938293457
31|25|88.9|0.04976987838745117
31|26|71.1|0.05702567100524902
31|27|85.1|0.04683852195739746
31|28|70.3|0.05446481704711914
31|29|88.4|0.06418323516845703
32|0|81.1|0.06181168556213379
32|1|76.5|0.04783010482788086
32|2|76.3|0.054993629455566406
32|3|78.3|0.04659414291381836
32|4|81.6|0.05434751510620117
32|5|73.9|0.049562931060791016
32|6|85.7|0.05095362663269043
32|7|73.8|0.048720359802246094
32|8|84.6|0.05223965644836426
32|9|73.3|0.04791450500488281
32|10|86.1|0.05343914031982422
32|11|71.1|0.052317142486572266
32|12|90.5|0.04846358299255371
32|13|70.0|0.06430935859680176
32|14|81.1|0.04225468635559082
32|15|69.7|0.05439925193786621
32|16|86.7|0.04606127738952637
32|17|67.6|0.06280398368835449
32|18|81.6|0.04244351387023926
32|19|72.2|0.05142951011657715
32|20|85.7|0.04749894142150879
32|21|70.3|0.050292015075683594
32|22|81.0|0.0433964729309082
32|23|71.4|0.056726932525634766
32|24|85.4|0.04274868965148926
32|25|72.2|0.05390048027038574
32|26|83.7|0.045378684997558594
32|27|72.2|0.05672407150268555
32|28|85.1|0.046231746673583984
32|29|73.7|0.056317806243896484
33|0|81.8|0.052362680435180664
33|1|78.3|0.07384276390075684
33|2|78.9|0.049625396728515625
33|3|82.5|0.04842209815979004
33|4|75.0|0.05298924446105957
33|5|83.7|0.05184483528137207
33|6|73.2|0.04908132553100586
33|7|85.4|0.047560930252075195
33|8|73.2|0.04888033866882324
33|9|83.3|0.04865121841430664
33|10|73.7|0.05065727233886719
33|11|83.3|0.05671095848083496
33|12|70.2|0.051820993423461914
33|13|86.0|0.04593634605407715
33|14|73.7|0.05479860305786133
33|15|83.7|0.04797863960266113
33|16|71.1|0.05315876007080078
33|17|85.7|0.04389810562133789
33|18|75.7|0.05495405197143555
33|19|84.8|0.049347639083862305
33|20|68.4|0.053401947021484375
33|21|84.4|0.046419620513916016
33|22|71.1|0.05837893486022949
33|23|80.9|0.044297218322753906
33|24|71.4|0.06073117256164551
33|25|81.6|0.045644521713256836
33|26|75.0|0.05528974533081055
33|27|80.0|0.04784703254699707
33|28|73.8|0.05835294723510742
33|29|75.6|0.04853081703186035
34|0|76.9|0.05519509315490723
34|1|75.6|0.050850629806518555
34|2|82.1|0.0595705509185791
34|3|83.0|0.055730342864990234
34|4|87.2|0.047486305236816406
34|5|73.7|0.04767489433288574
34|6|87.5|0.048956871032714844
34|7|72.5|0.048430442810058594
34|8|85.0|0.047888994216918945
34|9|74.4|0.050333261489868164
34|10|83.7|0.0502619743347168
34|11|73.2|0.048973798751831055
34|12|82.5|0.04841351509094238
34|13|75.0|0.04861736297607422
34|14|82.5|0.049033403396606445
34|15|76.2|0.04782462120056152
34|16|82.1|0.04907870292663574
34|17|73.0|0.04725980758666992
34|18|82.5|0.0539095401763916
34|19|71.4|0.05156874656677246
34|20|82.2|0.047699689865112305
34|21|74.4|0.04494118690490723
34|22|85.7|0.05200004577636719
34|23|75.6|0.04918408393859863
34|24|82.1|0.05197858810424805
34|25|71.4|0.048856496810913086
34|26|84.2|0.04875802993774414
34|27|75.0|0.04936861991882324
34|28|82.1|0.04869580268859863
34|29|75.6|0.04617500305175781
35|0|82.1|0.04901933670043945
35|1|73.0|0.04727935791015625
35|2|81.6|0.06453585624694824
35|3|83.6|0.05110454559326172
35|4|90.2|0.051032066345214844
35|5|73.2|0.05168342590332031
35|6|82.9|0.04508686065673828
35|7|72.2|0.06008791923522949
35|8|82.4|0.04250502586364746
35|9|69.7|0.059345245361328125
35|10|83.3|0.04175829887390137
35|11|66.7|0.050801992416381836
35|12|85.0|0.047371625900268555
35|13|66.7|0.05160069465637207
35|14|85.7|0.04225945472717285
35|15|62.5|0.06221795082092285
35|16|83.7|0.04515814781188965
35|17|63.2|0.05875372886657715
35|18|83.0|0.04409670829772949
35|19|62.5|0.06165456771850586
35|20|82.7|0.042353153228759766
35|21|69.4|0.05511116981506348
35|22|82.6|0.043041229248046875
35|23|63.6|0.05655097961425781
35|24|82.6|0.03870964050292969
35|25|67.7|0.07017922401428223
35|26|84.5|0.05695366859436035
35|27|93.3|0.05004596710205078
35|28|69.8|0.047353506088256836
35|29|84.2|0.050538063049316406
36|0|69.0|0.04690861701965332
36|1|84.2|0.05362558364868164
36|2|69.8|0.047678470611572266
36|3|84.6|0.06112527847290039
36|4|78.7|0.05693364143371582
36|5|91.5|0.04622912406921387
36|6|60.5|0.05344343185424805
36|7|88.4|0.04172062873840332
36|8|63.9|0.0568537712097168
36|9|86.4|0.0421452522277832
36|10|62.9|0.050121307373046875
36|11|92.7|0.0457155704498291
36|12|64.9|0.04865002632141113
36|13|90.0|0.04763603210449219
36|14|66.7|0.05191373825073242
36|15|86.4|0.05086016654968262
36|16|66.7|0.04352593421936035
36|17|88.2|0.04985404014587402
36|18|66.7|0.04833555221557617
36|19|87.5|0.04841184616088867
36|20|66.7|0.04534316062927246
36|21|87.2|0.051004648208618164
36|22|70.7|0.04408073425292969
36|23|80.0|0.05363154411315918
36|24|73.3|0.041118621826171875
36|25|78.1|0.05892610549926758
36|26|72.9|0.04264378547668457
36|27|80.0|0.05736112594604492
36|28|72.3|0.05058550834655762
36|29|83.3|0.05081820487976074
37|0|69.0|0.05132794380187988
37|1|85.0|0.0484614372253418
37|2|68.4|0.0445713996887207
37|3|80.6|0.05119585990905762
37|4|73.8|0.04331016540527344
37|5|80.0|0.05639219284057617
37|6|73.9|0.06652402877807617
37|7|94.4|0.04579901695251465
37|8|68.4|0.052672386169433594
37|9|88.1|0.043531179428100586
37|10|64.9|0.0489656925201416
37|11|89.7|0.04749250411987305
37|12|68.4|0.04569602012634277
37|13|84.6|0.05102968215942383
37|14|68.3|0.047501564025878906
37|15|85.0|0.04842948913574219
37|16|71.1|0.04446005821228027
37|17|81.6|0.055062294006347656
37|18|76.1|0.05028176307678223
37|19|79.5|0.050163984298706055
37|20|69.2|0.04195141792297363
37|21|77.4|0.05585432052612305
37|22|73.3|0.0412905216217041
37|23|77.1|0.05196332931518555
37|24|75.6|0.03894853591918945
37|25|72.7|0.058763742446899414
37|26|79.2|0.039022207260131836
37|27|65.5|0.06082653999328613
37|28|80.8|0.039383888244628906
37|29|72.7|0.058765411376953125
38|0|79.2|0.054728031158447266
38|1|90.9|0.06355834007263184
38|2|77.8|0.05397748947143555
38|3|93.0|0.043065786361694336
38|4|63.9|0.04979681968688965
38|5|88.1|0.04612112045288086
38|6|62.2|0.0393218994140625
38|7|84.4|0.05348849296569824
38|8|70.0|0.03758645057678223
38|9|75.8|0.06790590286254883
38|10|81.8|0.04226255416870117
38|11|86.1|0.04767155647277832
38|12|74.4|0.04418826103210449
38|13|70.6|0.05182456970214844
38|14|78.3|0.041832685470581055
38|15|71.4|0.05477309226989746
38|16|74.4|0.040686845779418945
38|17|72.7|0.06206774711608887
38|18|76.5|0.03882884979248047
38|19|75.8|0.05826115608215332
38|20|80.4|0.0410304069519043
38|21|66.7|0.0559849739074707
38|22|80.0|0.04109311103820801
38|23|69.7|0.053891897201538086
38|24|78.3|0.04253435134887695
38|25|68.6|0.05904674530029297
38|26|77.6|0.04008913040161133
38|27|71.0|0.0631263256072998
38|28|76.9|0.04191279411315918
38|29|74.3|0.05866289138793945
39|0|79.2|0.04266858100891113
39|1|77.8|0.051438093185424805
39|2|78.6|0.039823055267333984
39|3|70.0|0.05494189262390137
39|4|80.4|0.04053092002868652
39|5|63.3|0.056136131286621094
39|6|81.2|0.04410839080810547
39|7|66.7|0.0563356876373291
39|8|80.4|0.04256296157836914
39|9|68.6|0.05874300003051758
39|10|78.7|0.04316234588623047
39|11|71.4|0.062300682067871094
39|12|84.0|0.04956936836242676
39|13|82.9|0.05149030685424805
39|14|73.8|0.043157100677490234
39|15|80.0|0.05172157287597656
39|16|79.1|0.04119610786437988
39|17|75.8|0.055212974548339844
39|18|75.0|0.0421442985534668
39|19|76.5|0.05474090576171875
39|20|78.3|0.042014122009277344
39|21|74.3|0.05164361000061035
39|22|78.6|0.04373764991760254
39|23|72.2|0.0531308650970459
39|24|81.0|0.04292583465576172
39|25|73.0|0.05631732940673828
39|26|80.0|0.04171586036682129
39|27|65.6|0.06147480010986328
39|28|80.4|0.04315686225891113
39|29|74.3|0.05452871322631836
40|0|78.3|0.04632401466369629
40|1|72.5|0.05111289024353027
40|2|80.5|0.043272972106933594
40|3|70.6|0.05226707458496094
40|4|81.0|0.04220247268676758
40|5|67.6|0.05591845512390137
40|6|82.6|0.04619431495666504
40|7|69.2|0.05446338653564453
40|8|81.8|0.04459047317504883
40|9|69.4|0.05499577522277832
40|10|82.6|0.04508566856384277
40|11|72.2|0.052858829498291016
40|12|80.5|0.0470738410949707
40|13|75.6|0.06260561943054199
40|14|80.9|0.04510855674743652
40|15|78.4|0.05424809455871582
40|16|75.6|0.0418238639831543
40|17|76.7|0.05759310722351074
40|18|80.9|0.040436744689941406
40|19|76.5|0.052756547927856445
40|20|76.2|0.04455137252807617
40|21|73.5|0.05122208595275879
40|22|79.1|0.04521918296813965
40|23|71.4|0.05741572380065918
40|24|79.2|0.04525446891784668
40|25|74.3|0.059474945068359375
40|26|78.4|0.043218135833740234
40|27|80.0|0.054628610610961914
40|28|75.6|0.04156327247619629
40|29|75.8|0.056882381439208984
41|0|77.1|0.04193997383117676
41|1|77.4|0.05520367622375488
41|2|75.6|0.046866655349731445
41|3|79.5|0.05194711685180664
41|4|78.0|0.04344820976257324
41|5|80.0|0.052750587463378906
41|6|77.8|0.04466438293457031
41|7|77.1|0.054086923599243164
41|8|79.5|0.04550600051879883
41|9|75.7|0.054888010025024414
41|10|77.3|0.04644942283630371
41|11|77.1|0.0522613525390625
41|12|80.0|0.04361605644226074
41|13|80.0|0.05406332015991211
41|14|77.3|0.0719456672668457
41|15|84.2|0.04735612869262695
41|16|71.1|0.05170941352844238
41|17|85.7|0.04629254341125488
41|18|70.3|0.05476999282836914
41|19|84.8|0.04162001609802246
41|20|75.7|0.058791160583496094
41|21|80.0|0.04727530479431152
41|22|70.0|0.05542898178100586
41|23|84.4|0.04261374473571777
41|24|70.6|0.058254241943359375
41|25|83.0|0.042079925537109375
41|26|70.6|0.05645465850830078
41|27|80.4|0.04536867141723633
41|28|72.2|0.056807756423950195
41|29|80.0|0.04521965980529785
42|0|76.3|0.05338716506958008
42|1|80.5|0.047618865966796875
42|2|75.6|0.05406475067138672
42|3|76.2|0.04620647430419922
42|4|80.0|0.05469369888305664
42|5|75.6|0.044908761978149414
42|6|81.1|0.05577564239501953
42|7|77.8|0.04903388023376465
42|8|75.7|0.05322837829589844
42|9|77.8|0.0459141731262207
42|10|78.4|0.05535435676574707
42|11|75.0|0.04723978042602539
42|12|76.9|0.055652618408203125
42|13|75.6|0.04815053939819336
42|14|77.1|0.05586576461791992
42|15|72.1|0.06475639343261719
42|16|88.9|0.047621965408325195
42|17|74.4|0.0517733097076416
42|18|85.7|0.04768991470336914
42|19|73.2|0.05290842056274414
42|20|85.7|0.044034719467163086
42|21|72.2|0.052205562591552734
42|22|86.0|0.047508955001831055
42|23|71.1|0.052025794982910156
42|24|86.0|0.04326200485229492
42|25|69.7|0.048520565032958984
42|26|87.5|0.047736406326293945
42|27|70.7|0.05022025108337402
42|28|85.4|0.04726123809814453
42|29|71.8|0.05015420913696289
43|0|85.7|0.05071234703063965
43|1|69.2|0.04989123344421387
43|2|85.0|0.04688835144042969
43|3|71.1|0.05365467071533203
43|4|85.0|0.04855036735534668
43|5|72.1|0.04754900932312012
43|6|86.5|0.051564693450927734
43|7|70.7|0.04898238182067871
43|8|82.9|0.047362565994262695
43|9|74.4|0.049806833267211914
43|10|84.6|0.04724431037902832
43|11|74.4|0.05079483985900879
43|12|85.4|0.04787707328796387
43|13|72.5|0.05015969276428223
43|14|85.4|0.0494384765625
43|15|73.0|0.052049875259399414
43|16|85.4|0.04898381233215332
43|17|72.5|0.05005002021789551
43|18|88.4|0.05968904495239258
43|19|79.5|0.05565643310546875
43|20|87.0|0.04140734672546387
43|21|71.4|0.055915117263793945
43|22|84.4|0.040964365005493164
43|23|71.4|0.05449247360229492
43|24|84.1|0.041383981704711914
43|25|65.6|0.05422210693359375
43|26|84.4|0.0479731559753418
43|27|64.1|0.04905533790588379
43|28|85.4|0.04662346839904785
43|29|69.2|0.054456233978271484
44|0|86.4|0.04743075370788574
44|1|66.7|0.058095693588256836
44|2|82.6|0.04471254348754883
44|3|66.7|0.055089712142944336
44|4|86.0|0.042310476303100586
44|5|68.6|0.0596468448638916
44|6|83.7|0.040079355239868164
44|7|64.5|0.05665707588195801
44|8|85.4|0.04054975509643555
44|9|71.0|0.055039167404174805
44|10|87.0|0.04033613204956055
44|11|68.7|0.05929279327392578
44|12|83.7|0.04250073432922363
44|13|72.2|0.0586400032043457
44|14|83.7|0.04429817199707031
44|15|68.6|0.04919123649597168
44|16|86.0|0.0444796085357666
44|17|72.2|0.04509401321411133
44|18|86.8|0.04929780960083008
44|19|67.6|0.05573010444641113
44|20|95.9|0.04872274398803711
44|21|68.4|0.04727339744567871
44|22|87.2|0.04545760154724121
44|23|71.8|0.04717230796813965
44|24|82.1|0.054781198501586914
44|25|78.3|0.051102638244628906
44|26|86.0|0.04678654670715332
44|27|73.0|0.04700660705566406
44|28|85.0|0.048290252685546875
44|29|70.3|0.04659771919250488
45|0|83.8|0.05202984809875488
45|1|72.1|0.04688835144042969
45|2|84.2|0.04935622215270996
45|3|69.2|0.04495120048522949
45|4|82.1|0.053143978118896484
45|5|70.7|0.04877781867980957
45|6|80.5|0.05434703826904297
45|7|72.7|0.047110557556152344
45|8|83.3|0.05126214027404785
45|9|70.7|0.046449899673461914
45|10|82.1|0.05089735984802246
45|11|73.8|0.048425912857055664
45|12|84.6|0.04966449737548828
45|13|72.1|0.044231414794921875
45|14|86.1|0.05422520637512207
45|15|73.3|0.046506404876708984
45|16|83.8|0.05535244941711426
45|17|71.1|0.04615187644958496
45|18|84.2|0.050972700119018555
45|19|73.2|0.04539299011230469
45|20|80.6|0.05597496032714844
45|21|75.0|0.046170711517333984
45|22|82.5|0.06264114379882812
45|23|80.4|0.05168628692626953
45|24|88.4|0.04834580421447754
45|25|70.0|0.04589104652404785
45|26|86.1|0.04618668556213379
45|27|68.6|0.048024892807006836
45|28|86.0|0.05229902267456055
45|29|68.3|0.04951643943786621
46|0|87.2|0.04706287384033203
46|1|71.8|0.044476985931396484
46|2|86.1|0.05437445640563965
46|3|73.3|0.04528093338012695
46|4|84.6|0.050452232360839844
46|5|72.5|0.04629349708557129
46|6|80.0|0.05120539665222168
46|7|73.8|0.04861092567443848
46|8|79.5|0.053032636642456055
46|9|72.1|0.0444796085357666
46|10|86.8|0.0535578727722168
46|11|75.0|0.045864105224609375
46|12|83.3|0.05141329765319824
46|13|73.2|0.04604697227478027
46|14|84.2|0.05321073532104492
46|15|77.3|0.045241594314575195
46|16|82.4|0.0532686710357666
46|17|76.1|0.048961639404296875
46|18|82.9|0.05430412292480469
46|19|69.0|0.04791593551635742
46|20|85.7|0.0534510612487793
46|21|72.5|0.04836726188659668
46|22|83.3|0.04791712760925293
46|23|71.8|0.04871368408203125
46|24|85.7|0.050874948501586914
46|25|71.4|0.05578470230102539
46|26|97.7|0.04900336265563965
46|27|70.0|0.0507054328918457
46|28|85.4|0.052826642990112305
46|29|71.7|0.04905223846435547
47|0|86.5|0.0465397834777832
47|1|73.0|0.047274112701416016
47|2|84.2|0.04886484146118164
47|3|76.9|0.05015444755554199
47|4|81.4|0.054192543029785156
47|5|73.2|0.04866957664489746
47|6|86.8|0.04594850540161133
47|7|71.8|0.0573275089263916
47|8|81.8|0.04831957817077637
47|9|73.2|0.06366395950317383
47|10|80.8|0.04411649703979492
47|11|68.6|0.05701136589050293
47|12|83.3|0.04315352439880371
47|13|70.6|0.05587959289550781
47|14|84.4|0.0458064079284668
47|15|70.3|0.05742144584655762
47|16|84.8|0.047934532165527344
47|17|73.2|0.05666303634643555
47|18|80.0|0.04549813270568848
47|19|73.7|0.05747652053833008
47|20|80.4|0.0468599796295166
47|21|71.1|0.0579524040222168
47|22|78.7|0.04522514343261719
47|23|77.5|0.055834054946899414
47|24|78.3|0.06647849082946777
47|25|94.4|0.06066131591796875
47|26|76.0|0.06534600257873535
47|27|80.4|0.0477902889251709
47|28|73.7|0.053658485412597656
47|29|76.7|0.048311710357666016
48|0|78.0|0.05320906639099121
48|1|76.7|0.04830431938171387
48|2|78.0|0.049452781677246094
48|3|73.7|0.04478573799133301
48|4|78.4|0.05565524101257324
48|5|78.3|0.04576683044433594
48|6|80.5|0.054921865463256836
48|7|76.7|0.0467679500579834
48|8|80.0|0.05220150947570801
48|9|75.0|0.04716658592224121
48|10|82.1|0.05330491065979004
48|11|74.4|0.048811912536621094
48|12|81.1|0.05210685729980469
48|13|75.0|0.0480499267578125
48|14|82.1|0.052643537521362305
48|15|73.3|0.051798105239868164
48|16|81.0|0.04849576950073242
48|17|77.5|0.051212310791015625
48|18|82.5|0.0468745231628418
48|19|73.7|0.04769730567932129
48|20|81.1|0.050978660583496094
48|21|70.7|0.05300307273864746
48|22|81.8|0.05056405067443848
48|23|72.5|0.04583334922790527
48|24|83.3|0.05078268051147461
48|25|73.2|0.04786372184753418
48|26|85.0|0.047096967697143555
48|27|73.7|0.04857158660888672
48|28|81.1|0.06025075912475586
48|29|80.0|0.04624509811401367
49|0|83.8|0.04389548301696777
49|1|73.0|0.04421424865722656
49|2|82.9|0.051230430603027344
49|3|76.2|0.04566454887390137
49|4|77.8|0.05562448501586914
49|5|76.1|0.0456852912902832
49|6|81.6|0.0503842830657959
49|7|75.0|0.04939532279968262
49|8|79.5|0.05121588706970215
49|9|75.0|0.04299473762512207
49|10|80.6|0.05276036262512207
49|11|77.8|0.04361844062805176
49|12|80.0|0.057059526443481445
49|13|75.0|0.044556379318237305
49|14|80.6|0.0556330680847168
49|15|75.6|0.04647374153137207
49|16|82.5|0.04984903335571289
49|17|76.2|0.04385113716125488
49|18|80.6|0.054834604263305664
49|19|75.6|0.04569268226623535
49|20|79.5|0.05161619186401367
49|21|76.2|0.045885562896728516
49|22|80.0|0.05303215980529785
49|23|77.8|0.04305887222290039
49|24|77.1|0.05187726020812988
49|25|78.6|0.04322671890258789
49|26|75.0|0.053313255310058594
49|27|77.8|0.0473475456237793
49|28|73.7|0.06676006317138672
49|29|85.5|0.04329252243041992
50|0|84.8|0.05312156677246094
50|1|77.3|0.04809403419494629
50|2|82.5|0.05108785629272461
50|3|73.8|0.04962897300720215
50|4|82.5|0.04747486114501953
50|5|74.4|0.046534061431884766
50|6|81.1|0.049822330474853516
50|7|74.4|0.04833698272705078
50|8|81.6|0.05285239219665527
50|9|71.4|0.04582715034484863
50|10|81.1|0.05384421348571777
50|11|74.5|0.04697847366333008
50|12|82.1|0.04928183555603027
50|13|74.4|0.04680442810058594
50|14|82.1|0.04990530014038086
50|15|76.3|0.04349398612976074
50|16|77.8|0.05235147476196289
50|17|77.8|0.04662036895751953
50|18|78.4|0.05627322196960449
50|19|76.1|0.046172142028808594
50|20|79.5|0.050695180892944336
50|21|76.2|0.04706406593322754
50|22|80.6|0.05112266540527344
50|23|75.0|0.047715187072753906
50|24|78.9|0.05110573768615723
50|25|76.2|0.04427838325500488
50|26|81.6|0.053495168685913086
50|27|76.2|0.04264259338378906
50|28|77.8|0.05417180061340332
50|29|77.3|0.046769142150878906
51|0|76.9|0.05373549461364746
51|1|77.3|0.05730557441711426
51|2|89.1|0.05296659469604492
51|3|75.6|0.046355485916137695
51|4|82.1|0.04842352867126465
51|5|74.4|0.04388570785522461
51|6|83.3|0.05212974548339844
51|7|76.7|0.04727959632873535
51|8|78.9|0.0520939826965332
51|9|76.7|0.04441404342651367
51|10|79.5|0.05297088623046875
51|11|77.5|0.04756617546081543
51|12|76.9|0.0499417781829834
51|13|78.0|0.04652261734008789
51|14|75.0|0.05307340621948242
51|15|75.0|0.04788851737976074
51|16|78.0|0.05251193046569824
51|17|76.2|0.04306817054748535
51|18|76.5|0.05313587188720703
51|19|80.4|0.04380965232849121
51|20|74.3|0.05387711524963379
51|21|79.5|0.045896053314208984
51|22|77.1|0.053144216537475586
51|23|78.3|0.046317100524902344
51|24|78.4|0.05495095252990723
51|25|75.6|0.04656386375427246
51|26|76.9|0.050605058670043945
51|27|76.9|0.0439603328704834
51|28|78.4|0.05407118797302246
51|29|80.5|0.04446697235107422
52|0|75.7|0.05398988723754883
52|1|78.6|0.0447392463684082
52|2|76.3|0.060987234115600586
52|3|79.6|0.05659604072570801
52|4|85.4|0.048406124114990234
52|5|74.4|0.04512739181518555
52|6|79.5|0.049077749252319336
52|7|78.9|0.04354500770568848
52|8|75.0|0.055993080139160156
52|9|78.7|0.043992042541503906
52|10|74.3|0.051903486251831055
52|11|81.0|0.04424881935119629
52|12|75.7|0.05330848693847656
52|13|80.0|0.04398465156555176
52|14|73.7|0.05389738082885742
52|15|79.5|0.04416346549987793
52|16|74.3|0.05567812919616699
52|17|79.5|0.044027090072631836
52|18|73.7|0.04889822006225586
52|19|81.0|0.04624581336975098
52|20|73.5|0.051845550537109375
52|21|79.5|0.04532361030578613
52|22|75.0|0.05231642723083496
52|23|80.4|0.04532504081726074
52|24|72.2|0.050090789794921875
52|25|80.5|0.04755234718322754
52|26|71.8|0.05039072036743164
52|27|81.0|0.044931650161743164
52|28|74.4|0.04912424087524414
52|29|84.2|0.04596304893493652
53|0|75.0|0.05214071273803711
53|1|83.3|0.04783463478088379
53|2|73.7|0.04839491844177246
53|3|83.3|0.04779863357543945
53|4|76.3|0.0478668212890625
53|5|84.2|0.06094646453857422
53|6|82.0|0.04964470863342285
53|7|81.6|0.04467344284057617
53|8|75.0|0.04639434814453125
53|9|84.6|0.04573512077331543
53|10|77.1|0.046259403228759766
53|11|82.9|0.04879260063171387
53|12|75.0|0.0439152717590332
53|13|82.4|0.05220222473144531
53|14|77.3|0.04214334487915039
53|15|82.4|0.05198502540588379
53|16|76.2|0.04195404052734375
53|17|77.8|0.0510554313659668
53|18|80.5|0.04151201248168945
53|19|73.5|0.04978442192077637
53|20|79.5|0.0434873104095459
53|21|73.7|0.04880332946777344
53|22|81.6|0.049451351165771484
53|23|72.1|0.054212093353271484
53|24|80.5|0.04777407646179199
53|25|73.2|0.05241537094116211
53|26|79.1|0.046777963638305664
53|27|73.7|0.05006599426269531
53|28|80.5|0.047022104263305664
53|29|73.7|0.0473783016204834
54|0|78.9|0.045676231384277344
54|1|74.4|0.0487370491027832
54|2|81.6|0.044045448303222656
54|3|75.7|0.04739069938659668
54|4|79.5|0.04665803909301758
54|5|73.0|0.04677319526672363
54|6|80.6|0.050657033920288086
54|7|77.5|0.044739484786987305
54|8|85.0|0.06796669960021973
54|9|79.2|0.05108189582824707
54|10|81.0|0.0460207462310791
54|11|73.7|0.04829549789428711
54|12|78.9|0.04586315155029297
54|13|74.4|0.05581402778625488
54|14|78.6|0.04979395866394043
54|15|73.8|0.04976987838745117
54|16|83.7|0.045805931091308594
54|17|70.6|0.05277371406555176
54|18|83.7|0.04569602012634277
54|19|70.6|0.052992820739746094
54|20|81.8|0.04523921012878418
54|21|74.4|0.05418848991394043
54|22|78.0|0.04804277420043945
54|23|74.4|0.05706381797790527
54|24|77.3|0.045953989028930664
54|25|78.9|0.04518628120422363
54|26|79.5|0.04679298400878906
54|27|76.3|0.05103325843811035
54|28|79.1|0.04424142837524414
54|29|73.5|0.0481564998626709
55|0|80.0|0.04691457748413086
55|1|75.0|0.053999900817871094
55|2|77.3|0.05004286766052246
55|3|73.8|0.04982113838195801
55|4|81.0|0.04632830619812012
55|5|75.7|0.05120277404785156
55|6|81.0|0.04739832878112793
55|7|76.3|0.04987049102783203
55|8|80.0|0.04674386978149414
55|9|75.7|0.05008697509765625
55|10|81.0|0.05050158500671387
55|11|78.0|0.06329751014709473
55|12|84.6|0.04810833930969238
55|13|72.5|0.05068516731262207
55|14|82.1|0.049396514892578125
55|15|73.2|0.05195021629333496
55|16|78.6|0.04817461967468262
55|17|76.3|0.050672054290771484
55|18|80.5|0.04600858688354492
55|19|75.7|0.05050039291381836
55|20|80.5|0.04990530014038086
55|21|76.2|0.05001378059387207
55|22|78.6|0.04523634910583496
55|23|75.0|0.04917430877685547
55|24|80.0|0.05341935157775879
55|25|78.3|0.049733877182006836
55|26|76.3|0.047774553298950195
55|27|75.6|0.05054140090942383
55|28|81.0|0.046353816986083984
55|29|75.0|0.04952812194824219
56|0|81.4|0.0465540885925293
56|1|76.3|0.04844331741333008
56|2|79.5|0.04690909385681152
56|3|76.3|0.05210471153259277
56|4|81.0|0.049129486083984375
56|5|73.2|0.049643516540527344
56|6|79.5|0.0498654842376709
56|7|74.4|0.04731607437133789
56|8|78.9|0.05386018753051758
56|9|72.1|0.04782891273498535
56|10|80.5|0.047621726989746094
56|11|74.4|0.048856258392333984
56|12|80.5|0.05244755744934082
56|13|76.2|0.06639838218688965
56|14|83.9|0.05050849914550781
56|15|76.7|0.050353288650512695
56|16|80.5|0.04620671272277832
56|17|78.9|0.04520869255065918
56|18|80.6|0.04940176010131836
56|19|75.6|0.04998421669006348
56|20|81.4|0.04703116416931152
56|21|76.9|0.05057239532470703
56|22|81.0|0.04782986640930176
56|23|77.8|0.050298452377319336
56|24|79.1|0.045297861099243164
56|25|78.9|0.049555301666259766
56|26|81.1|0.05063581466674805
56|27|75.6|0.05361151695251465
56|28|82.2|0.04565095901489258
56|29|78.4|0.0512850284576416
57|0|78.6|0.05095958709716797
57|1|78.6|0.05264639854431152
57|2|79.5|0.04634571075439453
57|3|77.1|0.052930593490600586
57|4|82.2|0.04798555374145508
57|5|75.0|0.054041385650634766
57|6|81.8|0.04775047302246094
57|7|74.4|0.05306291580200195
57|8|81.8|0.04836225509643555
57|9|77.5|0.056853532791137695
57|10|78.3|0.06002092361450195
57|11|71.7|0.05093121528625488
57|12|74.4|0.05282735824584961
57|13|82.2|0.05167746543884277
57|14|73.8|0.06413936614990234
57|15|92.3|0.05713367462158203
57|16|77.1|0.05020618438720703
57|17|82.5|0.050351858139038086
57|18|75.6|0.05112791061401367
57|19|82.5|0.05543637275695801
57|20|93.5|0.0690450668334961
57|21|85.7|0.05848073959350586
57|22|77.8|0.04889988899230957
57|23|78.6|0.050150394439697266
57|24|81.0|0.049681901931762695
57|25|76.2|0.0511929988861084
57|26|82.9|0.049613237380981445
57|27|74.4|0.04914236068725586
57|28|82.9|0.04922294616699219
57|29|77.5|0.05098366737365723
58|0|83.7|0.0475161075592041
58|1|78.4|0.058732032775878906
58|2|80.0|0.05348658561706543
58|3|72.5|0.05396437644958496
58|4|77.3|0.04625129699707031
58|5|78.9|0.050760507583618164
58|6|80.5|0.053258419036865234
58|7|77.3|0.05215764045715332
58|8|74.4|0.0501856803894043
58|9|80.5|0.05048656463623047
58|10|76.9|0.04869484901428223
58|11|82.1|0.04888725280761719
58|12|76.2|0.05301976203918457
58|13|80.0|0.04973244667053223
58|14|78.0|0.055899620056152344
58|15|76.7|0.06755971908569336
58|16|81.5|0.0560457706451416
58|17|78.7|0.04826951026916504
58|18|78.6|0.05343127250671387
58|19|80.5|0.048598527908325195
58|20|78.0|0.05298280715942383
58|21|81.4|0.052696943283081055
58|22|83.7|0.051782846450805664
58|23|75.0|0.047193050384521484
58|24|84.2|0.05033278465270996
58|25|78.6|0.05318140983581543
58|26|80.9|0.04827070236206055
58|27|79.5|0.05315995216369629
58|28|79.5|0.050438880920410156
58|29|80.5|0.047606706619262695
59|0|83.8|0.049988508224487305
59|1|75.0|0.0506894588470459
59|2|82.9|0.051572561264038086
59|3|73.8|0.050681114196777344
59|4|82.5|0.047583580017089844
59|5|79.5|0.05178356170654297
59|6|81.0|0.049675703048706055
59|7|75.0|0.04646444320678711
59|8|81.6|0.049481868743896484
59|9|76.9|0.05502963066101074
59|10|82.2|0.050542354583740234
59|11|71.8|0.0482022762298584
59|12|78.4|0.052440643310546875
59|13|72.7|0.050757408142089844
59|14|80.5|0.04833340644836426
59|15|76.3|0.04817056655883789
59|16|79.5|0.05659174919128418
59|17|80.4|0.0624997615814209
59|18|78.0|0.04814863204956055
59|19|72.2|0.05092668533325195
59|20|81.4|0.047800302505493164
59|21|73.2|0.055867910385131836
59|22|78.3|0.04707002639770508
59|23|76.3|0.05351519584655762
59|24|79.5|0.045041799545288086
59|25|75.0|0.05557107925415039
59|26|80.0|0.04466438293457031
59|27|76.9|0.05366158485412598
59|28|80.5|0.0490727424621582
59|29|77.5|0.04839301109313965
60|0|78.9|0.04764103889465332
60|1|78.6|0.055021047592163086
60|2|77.8|0.048033952713012695
60|3|76.9|0.056235313415527344
60|4|75.6|0.04848647117614746
60|5|80.0|0.04882931709289551
60|6|75.7|0.046520233154296875
60|7|84.6|0.053009986877441406
60|8|78.3|0.048119544982910156
60|9|76.9|0.05361604690551758
60|10|79.1|0.048508405685424805
60|11|79.5|0.05216526985168457
60|12|75.6|0.048462867736816406
60|13|78.0|0.04841160774230957
60|14|78.9|0.04488658905029297
60|15|82.1|0.049669504165649414
60|16|76.9|0.04490232467651367
60|17|81.1|0.04947543144226074
60|18|78.0|0.05328011512756348
60|19|83.7|0.058447837829589844
60|20|78.3|0.04493522644042969
60|21|82.5|0.05370140075683594
60|22|76.2|0.04582548141479492
60|23|80.6|0.0540771484375
60|24|75.6|0.04820442199707031
60|25|77.5|0.05367422103881836
60|26|75.6|0.046094655990600586
60|27|81.1|0.05117154121398926
60|28|79.1|0.04855775833129883
60|29|77.5|0.04740428924560547
61|0|78.9|0.04709577560424805
61|1|78.4|0.05051445960998535
61|2|77.5|0.049553871154785156
61|3|75.0|0.05067157745361328
61|4|79.1|0.05317187309265137
61|5|77.3|0.048238515853881836
61|6|78.9|0.049025774002075195
61|7|78.0|0.051131248474121094
61|8|80.5|0.04905080795288086
61|9|78.9|0.05143117904663086
61|10|79.5|0.04846978187561035
61|11|77.5|0.050871849060058594
61|12|78.6|0.0458834171295166
61|13|79.5|0.05247235298156738
61|14|78.6|0.04574251174926758
61|15|81.1|0.04814934730529785
61|16|79.5|0.04813408851623535
61|17|81.0|0.04830336570739746
61|18|76.3|0.06107616424560547
61|19|72.5|0.046959877014160156
61|20|77.8|0.05086469650268555
61|21|78.0|0.047395944595336914
61|22|78.9|0.05795931816101074
61|23|89.6|0.056745052337646484
61|24|73.9|0.05068659782409668
61|25|81.0|0.05095815658569336
61|26|72.5|0.04944610595703125
61|27|81.6|0.04985952377319336
61|28|73.8|0.05226325988769531
61|29|80.5|0.04518699645996094
62|0|74.3|0.04925417900085449
62|1|81.0|0.04381966590881348
62|2|74.3|0.05566740036010742
62|3|79.5|0.0465846061706543
62|4|73.0|0.048723459243774414
62|5|83.3|0.047928571701049805
62|6|75.7|0.05532050132751465
62|7|78.3|0.0461888313293457
62|8|73.7|0.04653739929199219
62|9|81.6|0.047484397888183594
62|10|79.5|0.04924654960632324
62|11|76.3|0.04757213592529297
62|12|78.0|0.0472865104675293
62|13|79.5|0.047594547271728516
62|14|78.9|0.04558753967285156
62|15|76.3|0.049117326736450195
62|16|78.9|0.043938398361206055
62|17|76.3|0.049710988998413086
62|18|78.9|0.047458648681640625
62|19|73.0|0.05283331871032715
62|20|80.4|0.04519009590148926
62|21|75.0|0.04871845245361328
62|22|82.1|0.04869270324707031
62|23|76.7|0.046129703521728516
62|24|79.4|0.06012296676635742
62|25|84.6|0.05503487586975098
62|26|81.4|0.048128366470336914
62|27|77.5|0.047126054763793945
62|28|79.5|0.04540085792541504
62|29|76.3|0.05054950714111328
63|0|79.1|0.049620866775512695
63|1|76.3|0.05536246299743652
63|2|75.0|0.04867196083068848
63|3|78.6|0.04807591438293457
63|4|75.7|0.049820661544799805
63|5|80.5|0.0441739559173584
63|6|75.7|0.05121254920959473
63|7|79.1|0.04865741729736328
63|8|75.7|0.04714059829711914
63|9|81.6|0.05270695686340332
63|10|75.6|0.049234867095947266
63|11|76.9|0.046184539794921875
63|12|78.9|0.04895281791687012
63|13|79.1|0.04469585418701172
63|14|77.1|0.04882001876831055
63|15|78.6|0.04672360420227051
63|16|78.4|0.04592466354370117
63|17|76.3|0.04854464530944824
63|18|79.5|0.04829668998718262
63|19|76.9|0.0496675968170166
63|20|78.0|0.05042219161987305
63|21|76.7|0.04773736000061035
63|22|79.5|0.04736065864562988
63|23|76.9|0.0500028133392334
63|24|78.6|0.05046844482421875
63|25|76.7|0.04758620262145996
63|26|81.6|0.04719090461730957
63|27|79.5|0.06282734870910645
63|28|86.5|0.05048036575317383
63|29|76.2|0.04909110069274902
64|0|82.1|0.04607820510864258
64|1|76.3|0.05062747001647949
64|2|82.5|0.046176910400390625
64|3|75.0|0.04943990707397461
64|4|81.1|0.047130584716796875
64|5|75.0|0.05838894844055176
64|6|75.6|0.04495596885681152
64|7|75.0|0.0462183952331543
64|8|79.5|0.05222034454345703
64|9|75.6|0.04929852485656738
64|10|78.0|0.04599809646606445
64|11|74.3|0.04813265800476074
64|12|78.6|0.053070068359375
64|13|72.5|0.04668402671813965
64|14|80.0|0.048389434814453125
64|15|73.7|0.04505586624145508
64|16|78.8|0.04775524139404297
64|17|79.5|0.04456520080566406
64|18|78.4|0.05227947235107422
64|19|79.1|0.046538352966308594
64|20|76.3|0.05059647560119629
64|21|81.0|0.04944896697998047
64|22|75.6|0.05397629737854004
64|23|78.6|0.04478120803833008
64|24|78.4|0.056816816329956055
64|25|79.6|0.050258636474609375
64|26|76.9|0.050206899642944336
64|27|78.6|0.04827380180358887
64|28|80.5|0.05305933952331543
64|29|75.0|0.060791969299316406
65|0|92.0|0.0537724494934082
65|1|71.8|0.049562692642211914
65|2|82.1|0.052007198333740234
65|3|73.2|0.04887533187866211
65|4|80.5|0.0512547492980957
65|5|75.6|0.04323625564575195
65|6|80.0|0.04986381530761719
65|7|78.6|0.04819345474243164
65|8|79.5|0.0487062931060791
65|9|78.0|0.05101323127746582
65|10|79.5|0.05049753189086914
65|11|74.4|0.04812121391296387
65|12|79.5|0.04872584342956543
65|13|76.9|0.05795741081237793
65|14|76.1|0.04613542556762695
65|15|76.9|0.048714399337768555
65|16|81.0|0.04623270034790039
65|17|75.0|0.051398277282714844
65|18|82.2|0.04966545104980469
65|19|74.4|0.05935096740722656
65|20|73.9|0.05008339881896973
65|21|74.4|0.05346512794494629
65|22|82.6|0.04654717445373535
65|23|75.0|0.05508136749267578
65|24|82.6|0.048403263092041016
65|25|70.3|0.05409669876098633
65|26|82.6|0.04880833625793457
65|27|71.1|0.05040478706359863
65|28|82.9|0.04859733581542969
65|29|75.0|0.0507044792175293
66|0|83.3|0.04650259017944336
66|1|76.3|0.049623727798461914
66|2|82.1|0.05997896194458008
66|3|88.0|0.05237293243408203
66|4|76.7|0.052660226821899414
66|5|76.7|0.05145096778869629
66|6|76.7|0.04702901840209961
66|7|77.8|0.05408477783203125
66|8|79.1|0.044754743576049805
66|9|78.4|0.052835941314697266
66|10|79.1|0.04781627655029297
66|11|75.7|0.05283975601196289
66|12|79.1|0.04735112190246582
66|13|78.9|0.05065345764160156
66|14|77.5|0.05248737335205078
66|15|83.3|0.05553436279296875
66|16|76.1|0.04724478721618652
66|17|82.5|0.04862642288208008
66|18|78.0|0.04541468620300293
66|19|80.6|0.05076932907104492
66|20|78.6|0.04869484901428223
66|21|80.0|0.05442047119140625
66|22|76.6|0.050373077392578125
66|23|82.9|0.04708242416381836
66|24|74.4|0.04780316352844238
66|25|81.1|0.04958152770996094
66|26|78.0|0.04551124572753906
66|27|82.9|0.053427934646606445
66|28|78.3|0.048593997955322266
66|29|79.5|0.053275346755981445
67|0|75.0|0.04407358169555664
67|1|82.9|0.0518040657043457
67|2|79.1|0.04511904716491699
67|3|80.0|0.05681777000427246
67|4|79.6|0.06296491622924805
67|5|88.0|0.04778861999511719
67|6|70.3|0.04623818397521973
67|7|84.6|0.0464015007019043
67|8|77.5|0.04915618896484375
67|9|82.1|0.05022621154785156
67|10|74.4|0.04698491096496582
67|11|84.2|0.05912947654724121
67|12|84.0|0.06516814231872559
67|13|88.9|0.047501325607299805
67|14|68.4|0.055867910385131836
67|15|84.4|0.04718494415283203
67|16|64.9|0.06795096397399902
67|17|74.5|0.043828725814819336
67|18|76.3|0.05553627014160156
67|19|79.1|0.0420231819152832
67|20|77.8|0.053020477294921875
67|21|78.6|0.04417824745178223
67|22|76.3|0.05501389503479004
67|23|80.0|0.04469180107116699
67|24|75.0|0.05515789985656738
67|25|79.5|0.04494285583496094
67|26|76.9|0.058992624282836914
67|27|78.7|0.049083709716796875
67|28|78.4|0.056908369064331055
67|29|77.1|0.048995018005371094
68|0|80.0|0.05395197868347168
68|1|77.8|0.054212093353271484
68|2|80.0|0.056884050369262695
68|3|71.7|0.061918020248413086
68|4|78.8|0.056755781173706055
68|5|81.6|0.06785941123962402
68|6|81.8|0.04554319381713867
68|7|81.6|0.05244278907775879
68|8|76.7|0.049234628677368164
68|9|81.0|0.054595947265625
68|10|75.0|0.050382137298583984
68|11|92.7|0.05462908744812012
68|12|71.1|0.052097320556640625
68|13|82.5|0.04589962959289551
68|14|75.0|0.054399728775024414
68|15|81.4|0.051199913024902344
68|16|72.5|0.052114248275756836
68|17|79.5|0.04751420021057129
68|18|75.6|0.05656099319458008
68|19|77.8|0.04952049255371094
68|20|75.6|0.05804753303527832
68|21|75.6|0.04756927490234375
68|22|82.1|0.054021358489990234
68|23|78.3|0.05466628074645996
68|24|77.3|0.05144548416137695
68|25|79.1|0.04741334915161133
68|26|82.9|0.05250382423400879
68|27|77.5|0.0451655387878418
68|28|81.6|0.051543474197387695
68|29|79.1|0.049880266189575195
69|0|78.9|0.049486637115478516
69|1|77.5|0.04957866668701172
69|2|82.9|0.053687095642089844
69|3|77.8|0.05166196823120117
69|4|81.4|0.06610488891601562
69|5|79.2|0.06685113906860352
69|6|82.1|0.04908943176269531
69|7|73.7|0.05497264862060547
69|8|79.5|0.044591426849365234
69|9|81.1|0.055500030517578125
69|10|80.0|0.045744895935058594
69|11|81.6|0.0552518367767334
69|12|80.4|0.04884076118469238
69|13|76.9|0.05486130714416504
69|14|77.8|0.04668569564819336
69|15|79.5|0.05623936653137207
69|16|75.6|0.048029422760009766
69|17|80.6|0.05348467826843262
69|18|77.8|0.0531160831451416
69|19|83.7|0.050557851791381836
69|20|75.6|0.061898231506347656
69|21|78.4|0.04584455490112305
69|22|75.0|0.056194305419921875
69|23|80.4|0.04698300361633301
69|24|75.0|0.04894304275512695
69|25|82.9|0.048391103744506836
69|26|71.1|0.05262875556945801
69|27|83.3|0.04887652397155762
69|28|73.8|0.05176734924316406
69|29|81.0|0.04809880256652832
70|0|70.3|0.05476999282836914
70|1|80.9|0.04703688621520996
70|2|76.3|0.0547327995300293
70|3|78.7|0.04493522644042969
70|4|79.5|0.05422019958496094
70|5|77.3|0.05218005180358887
70|6|85.4|0.05921578407287598
70|7|83.3|0.04481196403503418
70|8|77.5|0.05584430694580078
70|9|81.8|0.04723548889160156
70|10|76.3|0.05352377891540527
70|11|78.3|0.046504974365234375
70|12|77.1|0.05639147758483887
70|13|75.6|0.05095934867858887
70|14|79.5|0.04790306091308594
70|15|79.5|0.04696297645568848
70|16|82.1|0.05318927764892578
70|17|77.8|0.05291438102722168
70|18|79.1|0.050974130630493164
70|19|78.0|0.04520726203918457
70|20|79.5|0.05132889747619629
70|21|78.6|0.044879913330078125
70|22|76.5|0.05225539207458496
70|23|81.4|0.047547101974487305
70|24|79.5|0.05115652084350586
70|25|78.0|0.04844403266906738
70|26|76.9|0.053307533264160156
70|27|79.1|0.04494190216064453
70|28|78.4|0.05601811408996582
70|29|78.3|0.05303454399108887
71|0|77.5|0.05093693733215332
71|1|75.6|0.050873756408691406
71|2|82.1|0.05381941795349121
71|3|69.0|0.046671390533447266
71|4|82.1|0.05042600631713867
71|5|71.4|0.05742192268371582
71|6|84.8|0.0439450740814209
71|7|75.7|0.06396770477294922
71|8|86.3|0.058991193771362305
71|9|81.2|0.05336356163024902
71|10|77.3|0.048906564712524414
71|11|76.3|0.053391456604003906
71|12|77.3|0.04784870147705078
71|13|78.9|0.054044485092163086
71|14|75.6|0.05025291442871094
71|15|78.0|0.051654815673828125
71|16|76.2|0.046480417251586914
71|17|82.1|0.04838442802429199
71|18|76.9|0.0463414192199707
71|19|81.6|0.05051136016845703
71|20|78.0|0.049422502517700195
71|21|80.5|0.05196022987365723
71|22|76.2|0.04487776756286621
71|23|79.5|0.05262875556945801
71|24|75.0|0.04701662063598633
71|25|79.5|0.0507810115814209
71|26|78.0|0.05173969268798828
71|27|80.4|0.04981637001037598
71|28|74.4|0.047455549240112305
71|29|82.1|0.04766654968261719
72|0|75.0|0.04771137237548828
72|1|81.1|0.05036449432373047
72|2|75.0|0.05457353591918945
72|3|78.7|0.046716928482055664
72|4|78.9|0.05432629585266113
72|5|80.0|0.050882577896118164
72|6|76.2|0.05545663833618164
72|7|82.6|0.05625128746032715
72|8|71.1|0.048671722412109375
72|9|83.7|0.055333614349365234
72|10|86.0|0.05466938018798828
72|11|82.6|0.04682469367980957
72|12|76.9|0.048691511154174805
72|13|82.1|0.044953107833862305
72|14|75.0|0.04800558090209961
72|15|77.8|0.04795098304748535
72|16|76.3|0.050658464431762695
72|17|80.5|0.04553794860839844
72|18|79.5|0.05167984962463379
72|19|80.0|0.04831862449645996
72|20|75.6|0.04788494110107422
72|21|82.1|0.04857301712036133
72|22|76.3|0.044809579849243164
72|23|76.9|0.050478219985961914
72|24|77.5|0.04840373992919922
72|25|82.5|0.04726409912109375
72|26|75.0|0.05333209037780762
72|27|84.1|0.046129703521728516
72|28|76.9|0.04872608184814453
72|29|78.9|0.0472111701965332
73|0|76.9|0.04568147659301758
73|1|83.3|0.05186796188354492
73|2|74.4|0.04523634910583496
73|3|82.1|0.05427408218383789
73|4|77.3|0.043386220932006836
73|5|80.6|0.04974985122680664
73|6|77.5|0.046423912048339844
73|7|77.8|0.05202794075012207
73|8|77.3|0.046793222427368164
73|9|76.9|0.04997539520263672
73|10|80.0|0.04471015930175781
73|11|80.6|0.06582498550415039
73|12|81.8|0.05814504623413086
73|13|83.0|0.04834461212158203
73|14|71.1|0.05072140693664551
73|15|83.7|0.053802490234375
73|16|69.8|0.051958322525024414
73|17|83.3|0.046942710876464844
73|18|71.1|0.04823660850524902
73|19|84.6|0.04366040229797363
73|20|75.7|0.04911971092224121
73|21|82.1|0.045545339584350586
73|22|75.7|0.04414200782775879
73|23|83.3|0.0532071590423584
73|24|74.4|0.05402517318725586
73|25|77.8|0.05057716369628906
73|26|72.5|0.0484461784362793
73|27|78.9|0.049897193908691406
73|28|74.4|0.045068979263305664
73|29|80.6|0.047243595123291016
74|0|77.5|0.0457615852355957
74|1|86.1|0.051043033599853516
74|2|73.8|0.047074079513549805
74|3|80.0|0.04853510856628418
74|4|78.0|0.04843544960021973
74|5|81.6|0.048972368240356445
74|6|75.6|0.045987844467163086
74|7|82.9|0.046423912048339844
74|8|74.4|0.05103302001953125
74|9|76.2|0.05098152160644531
74|10|74.4|0.04824972152709961
74|11|82.5|0.050087690353393555
74|12|73.8|0.04670238494873047
74|13|81.6|0.05847907066345215
74|14|85.1|0.05501890182495117
74|15|86.4|0.04685664176940918
74|16|76.3|0.0469207763671875
74|17|81.6|0.048751115798950195
74|18|77.5|0.04793953895568848
74|19|81.1|0.049302101135253906
74|20|78.6|0.047347307205200195
74|21|79.5|0.04799962043762207
74|22|73.7|0.04723811149597168
74|23|79.5|0.05352663993835449
74|24|75.6|0.047109127044677734
74|25|79.5|0.05118918418884277
74|26|75.0|0.04966926574707031
74|27|85.7|0.0627284049987793
74|28|88.7|0.05581355094909668
74|29|86.7|0.0473780632019043
75|0|75.0|0.056963205337524414
75|1|84.4|0.04779648780822754
75|2|71.1|0.05663180351257324
75|3|83.0|0.04812455177307129
75|4|70.0|0.0547027587890625
75|5|81.8|0.045882463455200195
75|6|76.3|0.05803203582763672
75|7|77.8|0.04833531379699707
75|8|76.7|0.05879068374633789
75|9|79.6|0.04907941818237305
75|10|79.5|0.05399370193481445
75|11|75.6|0.05080914497375488
75|12|81.0|0.053366899490356445
75|13|75.0|0.06297850608825684
75|14|90.0|0.048287391662597656
75|15|77.5|0.046202898025512695
75|16|84.6|0.054584503173828125
75|17|76.1|0.048954010009765625
75|18|82.1|0.04790782928466797
75|19|75.0|0.04939842224121094
75|20|79.4|0.0482172966003418
75|21|77.5|0.0490267276763916
75|22|82.1|0.04761242866516113
75|23|72.5|0.0484163761138916
75|24|82.1|0.04671978950500488
75|25|74.4|0.04907083511352539
75|26|82.9|0.055077314376831055
75|27|73.3|0.04521751403808594
75|28|82.9|0.05527091026306152
75|29|72.7|0.050455570220947266
76|0|81.6|0.04939866065979004
76|1|75.6|0.05644035339355469
76|2|80.9|0.05359077453613281
76|3|73.2|0.054788827896118164
76|4|84.1|0.0490565299987793
76|5|74.4|0.05328798294067383
76|6|83.3|0.04500889778137207
76|7|73.7|0.05466508865356445
76|8|84.4|0.04379916191101074
76|9|69.4|0.04940295219421387
76|10|87.8|0.048772573471069336
76|11|68.4|0.051284074783325195
76|12|85.4|0.05141401290893555
76|13|69.0|0.05201458930969238
76|14|84.4|0.04534411430358887
76|15|68.6|0.05199623107910156
76|16|88.6|0.0610356330871582
76|17|85.1|0.06648755073547363
76|18|85.5|0.05810666084289551
76|19|85.4|0.05153632164001465
76|20|78.6|0.05256843566894531
76|21|82.1|0.047006845474243164
76|22|75.0|0.052071332931518555
76|23|83.3|0.0463259220123291
76|24|75.7|0.04951071739196777
76|25|82.1|0.051357269287109375
76|26|73.8|0.05158686637878418
76|27|82.2|0.05149531364440918
76|28|73.8|0.04895782470703125
76|29|84.2|0.05728793144226074
77|0|87.5|0.06866979598999023
77|1|88.7|0.053624629974365234
77|2|80.0|0.0483548641204834
77|3|76.9|0.049820661544799805
77|4|76.3|0.04905867576599121
77|5|78.0|0.0490262508392334
77|6|78.4|0.04964256286621094
77|7|76.2|0.049474477767944336
77|8|81.8|0.04787111282348633
77|9|76.3|0.04851722717285156
77|10|80.0|0.05058765411376953
77|11|78.0|0.04954075813293457
77|12|81.0|0.04802560806274414
77|13|74.4|0.04937243461608887
77|14|80.5|0.04768967628479004
77|15|77.5|0.059014081954956055
77|16|87.8|0.05744028091430664
77|17|79.2|0.05034017562866211
77|18|78.0|0.045258283615112305
77|19|77.1|0.0452880859375
77|20|81.6|0.048058271408081055
77|21|76.9|0.04663491249084473
77|22|80.0|0.04889345169067383
77|23|75.7|0.047817230224609375
77|24|82.1|0.04765152931213379
77|25|76.9|0.05047774314880371
77|26|78.0|0.04811978340148926
77|27|78.9|0.04762673377990723
77|28|76.9|0.050438880920410156
77|29|78.6|0.04931330680847168
78|0|78.0|0.05368852615356445
78|1|76.2|0.04477977752685547
78|2|78.4|0.05098080635070801
78|3|79.1|0.04626607894897461
78|4|75.0|0.047846078872680664
78|5|82.5|0.05043935775756836
78|6|74.4|0.052213191986083984
78|7|78.0|0.048815250396728516
78|8|76.9|0.052408695220947266
78|9|78.3|0.05280923843383789
78|10|75.6|0.04858517646789551
78|11|80.5|0.04712867736816406
78|12|77.5|0.051819801330566406
78|13|76.7|0.049614667892456055
78|14|78.0|0.04736828804016113
78|15|75.0|0.049767494201660156
78|16|78.6|0.04796767234802246
78|17|76.3|0.0483856201171875
78|18|81.6|0.06699800491333008
78|19|85.7|0.05160236358642578
78|20|77.3|0.0454411506652832
78|21|77.8|0.049156904220581055
78|22|81.0|0.04564476013183594
78|23|78.4|0.04776644706726074
78|24|79.5|0.051404714584350586
78|25|75.6|0.050251007080078125
78|26|78.6|0.04895186424255371
78|27|74.4|0.04534506797790527
78|28|79.5|0.05292987823486328
78|29|79.1|0.048282623291015625
79|0|78.0|0.05069136619567871
79|1|76.9|0.047280073165893555
79|2|76.9|0.047234535217285156
79|3|79.5|0.051958322525024414
79|4|76.7|0.04701995849609375
79|5|76.9|0.048879146575927734
79|6|79.5|0.04792475700378418
79|7|75.0|0.04645133018493652
79|8|79.5|0.04738283157348633
79|9|75.0|0.048184871673583984
79|10|80.0|0.051613569259643555
79|11|75.6|0.05313754081726074
79|12|80.5|0.050952911376953125
79|13|75.6|0.04899263381958008
79|14|78.6|0.05197334289550781
79|15|75.0|0.047020912170410156
79|16|79.5|0.05272483825683594
79|17|77.3|0.04655933380126953
79|18|82.1|0.05056333541870117
79|19|73.8|0.048362016677856445
79|20|79.5|0.04879045486450195
79|21|79.1|0.06255054473876953
79|22|92.0|0.05246710777282715
79|23|85.7|0.06851387023925781
79|24|84.2|0.04773402214050293
79|25|79.5|0.0533292293548584
79|26|76.2|0.06635808944702148
79|27|88.9|0.06600356101989746
79|28|86.5|0.05600476264953613
79|29|78.3|0.04798245429992676
80|0|76.3|0.04766368865966797
80|1|80.0|0.042127132415771484
80|2|79.4|0.05527377128601074
80|3|85.1|0.045845985412597656
80|4|76.9|0.046095848083496094
80|5|79.4|0.04329276084899902
80|6|78.4|0.0438535213470459
80|7|80.0|0.04583740234375
80|8|73.7|0.04379987716674805
80|9|77.8|0.046434640884399414
80|10|76.3|0.046433210372924805
80|11|76.3|0.04586315155029297
80|12|74.3|0.04435110092163086
80|13|78.9|0.04540586471557617
80|14|75.0|0.04844355583190918
80|15|83.3|0.05686759948730469
80|16|77.3|0.04642128944396973
80|17|77.8|0.045426130294799805
80|18|81.6|0.044671058654785156
80|19|73.7|0.049982547760009766
80|20|80.0|0.04480862617492676
80|21|77.8|0.04854178428649902
80|22|76.2|0.042296648025512695
80|23|77.8|0.04362034797668457
80|24|80.0|0.048337459564208984
80|25|74.4|0.047635793685913086
80|26|79.5|0.04612445831298828
80|27|75.7|0.059274911880493164
80|28|84.3|0.043314456939697266
80|29|78.4|0.04474902153015137
81|0|80.6|0.04615426063537598
81|1|73.0|0.04892992973327637
81|2|80.0|0.044148921966552734
81|3|76.3|0.04944610595703125
81|4|80.0|0.047600507736206055
81|5|73.7|0.04775190353393555
81|6|80.5|0.04747605323791504
81|7|72.2|0.04658079147338867
81|8|82.1|0.04398369789123535
81|9|77.1|0.05769705772399902
81|10|89.8|0.04842376708984375
81|11|71.8|0.05257296562194824
81|12|78.0|0.04404640197753906
81|13|75.7|0.0455622673034668
81|14|81.1|0.044329166412353516
81|15|74.3|0.0510098934173584
81|16|80.0|0.04996490478515625
81|17|75.6|0.04623007774353027
81|18|82.1|0.044254302978515625
81|19|74.3|0.04836583137512207
81|20|78.0|0.049936532974243164
81|21|75.0|0.04672408103942871
81|22|82.1|0.05733942985534668
81|23|79.6|0.04144692420959473
81|24|82.4|0.04715132713317871
81|25|75.7|0.046295166015625
81|26|73.7|0.04685068130493164
81|27|77.8|0.04311704635620117
81|28|75.0|0.05196213722229004
81|29|78.6|0.0426785945892334
82|0|74.3|0.0560457706451416
82|1|77.3|0.04641580581665039
82|2|73.7|0.05122876167297363
82|3|76.7|0.04493427276611328
82|4|73.5|0.062066078186035156
82|5|80.8|0.04259991645812988
82|6|74.3|0.04861044883728027
82|7|80.0|0.043671607971191406
82|8|73.0|0.052724361419677734
82|9|75.6|0.04306221008300781
82|10|77.8|0.04513287544250488
82|11|77.8|0.04722476005554199
82|12|74.4|0.048296451568603516
82|13|79.5|0.04819154739379883
82|14|75.6|0.048917293548583984
82|15|79.5|0.04495501518249512
82|16|78.9|0.056624412536621094
82|17|86.4|0.04384899139404297
82|18|75.0|0.04159426689147949
82|19|85.7|0.04926729202270508
82|20|75.0|0.04372286796569824
82|21|75.0|0.051805973052978516
82|22|78.0|0.04035615921020508
82|23|71.9|0.052596092224121094
82|24|81.8|0.0440220832824707
82|25|72.2|0.05337357521057129
82|26|78.6|0.04600715637207031
82|27|73.0|0.05248570442199707
82|28|81.0|0.060021162033081055
82|29|84.0|0.05054450035095215
83|0|75.6|0.045763492584228516
83|1|75.0|0.04422807693481445
83|2|81.6|0.04796171188354492
83|3|73.0|0.0503542423248291
83|4|81.4|0.04616665840148926
83|5|71.8|0.04814267158508301
83|6|82.1|0.04249739646911621
83|7|73.5|0.05071139335632324
83|8|80.5|0.04435253143310547
83|9|72.2|0.0476531982421875
83|10|81.1|0.05396437644958496
83|11|84.1|0.05771470069885254
83|12|79.6|0.04294180870056152
83|13|74.3|0.04580950736999512
83|14|77.8|0.04836106300354004
83|15|75.0|0.04470658302307129
83|16|78.9|0.04840803146362305
83|17|77.5|0.04125499725341797
83|18|81.2|0.05421018600463867
83|19|73.9|0.043538808822631836
83|20|80.0|0.04612231254577637
83|21|77.5|0.05041694641113281
83|22|78.0|0.05384397506713867
83|23|75.0|0.05492091178894043
83|24|82.2|0.047887325286865234
83|25|76.3|0.051615238189697266
83|26|75.6|0.047832489013671875
83|27|73.0|0.04542183876037598
83|28|78.4|0.045185089111328125
83|29|77.1|0.04816603660583496
84|0|78.0|0.04617643356323242
84|1|80.0|0.043718814849853516
84|2|73.7|0.046186208724975586
84|3|82.9|0.050281524658203125
84|4|70.0|0.05375051498413086
84|5|82.6|0.05356264114379883
84|6|84.4|0.04560685157775879
84|7|81.1|0.045325517654418945
84|8|73.7|0.048322200775146484
84|9|82.1|0.042473793029785156
84|10|73.5|0.04810738563537598
84|11|79.5|0.046939849853515625
84|12|76.9|0.04774212837219238
84|13|76.3|0.049689292907714844
84|14|78.0|0.04088139533996582
84|15|77.1|0.052716732025146484
84|16|77.5|0.044283151626586914
84|17|77.8|0.06281614303588867
84|18|84.0|0.041741371154785156
84|19|75.0|0.05182766914367676
84|20|81.4|0.04075479507446289
84|21|77.8|0.04949617385864258
84|22|81.6|0.04131197929382324
84|23|76.5|0.05339670181274414
84|24|78.3|0.046497344970703125
84|25|75.0|0.04993748664855957
84|26|72.5|0.045662641525268555
84|27|77.8|0.04573512077331543
84|28|78.4|0.04594898223876953
84|29|75.0|0.05611014366149902
85|0|90.9|0.04884648323059082
85|1|77.5|0.04580807685852051
85|2|78.9|0.045255422592163086
85|3|73.0|0.04507756233215332
85|4|82.9|0.046267032623291016
85|5|69.4|0.046950340270996094
85|6|79.5|0.04520297050476074
85|7|75.7|0.0518643856048584
85|8|78.0|0.046007394790649414
85|9|79.5|0.047431230545043945
85|10|74.4|0.04778909683227539
85|11|76.9|0.0500330924987793
85|12|75.6|0.0654141902923584
85|13|75.5|0.051865577697753906
85|14|81.4|0.05094623565673828
85|15|70.7|0.05027031898498535
85|16|83.3|0.048813581466674805
85|17|71.1|0.051045894622802734
85|18|81.0|0.043089866638183594
85|19|73.0|0.052712202072143555
85|20|83.7|0.04456686973571777
85|21|72.2|0.05338001251220703
85|22|81.8|0.05060720443725586
85|23|71.1|0.06352472305297852
85|24|87.0|0.0470125675201416
85|25|81.1|0.04715538024902344
85|26|77.5|0.045011281967163086
85|27|77.1|0.05117988586425781
85|28|83.3|0.043646812438964844
85|29|72.2|0.05333876609802246
86|0|81.8|0.04806804656982422
86|1|71.8|0.04889106750488281
86|2|83.3|0.04598665237426758
86|3|72.2|0.055861473083496094
86|4|79.5|0.04773402214050293
86|5|73.7|0.06523275375366211
86|6|84.9|0.0421605110168457
86|7|78.1|0.052494049072265625
86|8|79.5|0.04842853546142578
86|9|74.4|0.04960322380065918
86|10|80.5|0.04493546485900879
86|11|75.0|0.0482335090637207
86|12|81.1|0.044966936111450195
86|13|73.5|0.05052042007446289
86|14|81.4|0.04398632049560547
86|15|75.0|0.05305027961730957
86|16|81.8|0.04284787178039551
86|17|73.5|0.06721377372741699
86|18|82.1|0.04304862022399902
86|19|72.7|0.04998278617858887
86|20|81.0|0.046547889709472656
86|21|73.0|0.05326485633850098
86|22|81.4|0.04440498352050781
86|23|76.9|0.052376747131347656
86|24|83.3|0.04900503158569336
86|25|76.2|0.05157732963562012
86|26|81.4|0.04499650001525879
86|27|74.3|0.053812503814697266
86|28|81.8|0.05390048027038574
86|29|83.0|0.07104253768920898
87|0|86.0|0.04778003692626953
87|1|84.2|0.04893684387207031
87|2|78.0|0.04859590530395508
87|3|79.5|0.04732775688171387
87|4|75.7|0.044443368911743164
87|5|84.2|0.05251049995422363
87|6|73.2|0.04648113250732422
87|7|81.1|0.04973959922790527
87|8|72.5|0.0472259521484375
87|9|79.5|0.048961639404296875
87|10|73.0|0.04975104331970215
87|11|80.0|0.04913139343261719
87|12|73.7|0.045304059982299805
87|13|82.1|0.04801774024963379
87|14|79.5|0.04395437240600586
87|15|75.7|0.05518984794616699
87|16|80.0|0.045476675033569336
87|17|74.3|0.05017733573913574
87|18|81.4|0.04925942420959473
87|19|76.2|0.05249524116516113
87|20|77.5|0.044760942459106445
87|21|76.9|0.053397417068481445
87|22|79.1|0.04754352569580078
87|23|73.7|0.051830291748046875
87|24|80.4|0.04442954063415527
87|25|76.5|0.05226445198059082
87|26|79.5|0.04820728302001953
87|27|75.0|0.0494532585144043
87|28|76.9|0.04498291015625
87|29|77.5|0.05187416076660156
88|0|80.0|0.04332613945007324
88|1|72.2|0.051853179931640625
88|2|80.5|0.0506892204284668
88|3|76.7|0.05258965492248535
88|4|84.1|0.047982215881347656
88|5|76.9|0.055576324462890625
88|6|79.5|0.046365976333618164
88|7|76.9|0.05541634559631348
88|8|80.4|0.049320220947265625
88|9|78.0|0.048952341079711914
88|10|80.0|0.05011248588562012
88|11|76.9|0.05101490020751953
88|12|79.1|0.045888423919677734
88|13|78.4|0.06203937530517578
88|14|73.5|0.045558929443359375
88|15|87.2|0.0504763126373291
88|16|75.0|0.04666876792907715
88|17|81.6|0.05041074752807617
88|18|77.5|0.05002880096435547
88|19|80.0|0.0498046875
88|20|76.7|0.0509943962097168
88|21|81.0|0.05202460289001465
88|22|75.6|0.04990744590759277
88|23|80.0|0.053255319595336914
88|24|77.3|0.05213618278503418
88|25|78.6|0.050466299057006836
88|26|79.1|0.04950976371765137
88|27|81.4|0.053420305252075195
88|28|74.4|0.05673551559448242
88|29|77.8|0.04876422882080078
89|0|77.5|0.048996925354003906
89|1|80.0|0.05199098587036133
89|2|73.8|0.056835174560546875
89|3|80.4|0.049514055252075195
89|4|74.4|0.05510902404785156
89|5|81.4|0.04738569259643555
89|6|76.9|0.051432132720947266
89|7|81.0|0.04755234718322754
89|8|75.0|0.058594703674316406
89|9|77.6|0.04639244079589844
89|10|78.9|0.053066253662109375
89|11|84.4|0.0458531379699707
89|12|72.2|0.05603647232055664
89|13|81.3|0.04426980018615723
89|14|75.0|0.05333542823791504
89|15|79.5|0.04850506782531738
89|16|71.4|0.05476784706115723
89|17|80.4|0.04964399337768555
89|18|75.0|0.06039595603942871
89|19|75.5|0.043440818786621094
89|20|82.9|0.05298304557800293
89|21|76.7|0.047226905822753906
89|22|79.5|0.05302071571350098
89|23|80.0|0.053581953048706055
89|24|76.2|0.05594491958618164
89|25|73.3|0.052509307861328125
89|26|81.0|0.046425580978393555
89|27|73.7|0.05287933349609375
89|28|81.0|0.04877591133117676
89|29|75.0|0.0528562068939209
90|0|81.0|0.05251884460449219
90|1|70.7|0.04976677894592285
90|2|81.4|0.04917168617248535
90|3|75.6|0.05521583557128906
90|4|81.0|0.047748565673828125
90|5|73.7|0.06144094467163086
90|6|82.4|0.04699301719665527
90|7|73.0|0.05840420722961426
90|8|79.2|0.046149492263793945
90|9|76.3|0.057299137115478516
90|10|80.4|0.04535365104675293
90|11|76.9|0.05548262596130371
90|12|80.4|0.04354977607727051
90|13|77.8|0.05700802803039551
90|14|83.0|0.045197248458862305
90|15|74.3|0.05454397201538086
90|16|80.4|0.045685529708862305
90|17|80.0|0.06422805786132812
90|18|74.5|0.048569440841674805
90|19|76.9|0.049027442932128906
90|20|78.0|0.049893856048583984
90|21|76.9|0.05367541313171387
90|22|76.1|0.04749345779418945
90|23|78.9|0.0538790225982666
90|24|78.3|0.04469108581542969
90|25|79.4|0.05562615394592285
90|26|75.0|0.051941871643066406
90|27|78.6|0.0480954647064209
90|28|76.9|0.050874948501586914
90|29|78.6|0.0553898811340332
91|0|73.3|0.05085015296936035
91|1|81.0|0.053748130798339844
91|2|75.6|0.05291867256164551
91|3|78.6|0.047974348068237305
91|4|75.0|0.04878091812133789
91|5|85.4|0.04865407943725586
91|6|70.3|0.04983234405517578
91|7|83.3|0.04792189598083496
91|8|74.4|0.054879188537597656
91|9|79.1|0.05066871643066406
91|10|73.2|0.05159115791320801
91|11|81.4|0.04414772987365723
91|12|75.7|0.052857398986816406
91|13|83.7|0.047899723052978516
91|14|72.5|0.051584720611572266
91|15|81.4|0.04740023612976074
91|16|76.3|0.050847768783569336
91|17|83.3|0.04489707946777344
91|18|75.7|0.04923129081726074
91|19|82.1|0.045633554458618164
91|20|74.4|0.05084705352783203
91|21|82.5|0.05059027671813965
91|22|71.8|0.04940915107727051
91|23|78.9|0.04951190948486328
91|24|73.8|0.04800868034362793
91|25|83.8|0.05010080337524414
91|26|76.2|0.05070972442626953
91|27|82.9|0.04626822471618652
91|28|76.9|0.05473923683166504
91|29|84.4|0.04600954055786133
92|0|74.4|0.05331110954284668
92|1|84.1|0.046466827392578125
92|2|72.2|0.04743218421936035
92|3|85.4|0.04737234115600586
92|4|74.4|0.049498558044433594
92|5|81.6|0.05100440979003906
92|6|74.4|0.04812121391296387
92|7|83.3|0.04850053787231445
92|8|73.7|0.04809904098510742
92|9|81.1|0.04980111122131348
92|10|75.0|0.048967838287353516
92|11|81.4|0.0497281551361084
92|12|73.7|0.04929947853088379
92|13|80.5|0.049417734146118164
92|14|76.2|0.04787254333496094
92|15|82.5|0.048928260803222656
92|16|75.0|0.05080056190490723
92|17|80.5|0.054578542709350586
92|18|75.0|0.0564875602722168
92|19|84.8|0.04702258110046387
92|20|70.0|0.05409741401672363
92|21|84.1|0.04448676109313965
92|22|72.2|0.052416324615478516
92|23|84.4|0.04356050491333008
92|24|65.6|0.055777788162231445
92|25|83.3|0.043530941009521484
92|26|69.4|0.06067323684692383
92|27|82.4|0.048320770263671875
92|28|75.7|0.05673384666442871
92|29|85.1|0.042001962661743164
93|0|71.9|0.057237863540649414
93|1|83.3|0.04535484313964844
93|2|71.4|0.0558016300201416
93|3|83.0|0.04636693000793457
93|4|68.6|0.050574541091918945
93|5|85.0|0.05005812644958496
93|6|69.2|0.05444049835205078
93|7|82.6|0.04050278663635254
93|8|71.4|0.05376601219177246
93|9|83.3|0.040918827056884766
93|10|72.2|0.052433013916015625
93|11|82.9|0.04248642921447754
93|12|70.6|0.04666924476623535
93|13|83.8|0.04683494567871094
93|14|72.5|0.05016756057739258
93|15|82.9|0.04751706123352051
93|16|73.7|0.05285763740539551
93|17|79.1|0.04603767395019531
93|18|73.7|0.0478978157043457
93|19|82.5|0.04793739318847656
93|20|74.4|0.0530552864074707
93|21|80.5|0.0460050106048584
93|22|72.2|0.052838802337646484
93|23|79.5|0.04745674133300781
93|24|75.0|0.04547309875488281
93|25|83.8|0.047586917877197266
93|26|71.8|0.0464632511138916
93|27|80.6|0.04991030693054199
93|28|75.6|0.04899191856384277
93|29|82.1|0.051071882247924805
94|0|73.8|0.04449129104614258
94|1|84.2|0.05026817321777344
94|2|73.0|0.052034616470336914
94|3|80.4|0.04740452766418457
94|4|73.0|0.04922056198120117
94|5|79.5|0.04988813400268555
94|6|74.4|0.048163414001464844
94|7|82.1|0.050611019134521484
94|8|71.4|0.04535508155822754
94|9|84.6|0.05133247375488281
94|10|72.1|0.04576253890991211
94|11|84.6|0.04943585395812988
94|12|72.5|0.04743170738220215
94|13|78.9|0.04999542236328125
94|14|74.4|0.048616647720336914
94|15|78.6|0.04919838905334473
94|16|76.9|0.04894614219665527
94|17|76.7|0.04942607879638672
94|18|76.9|0.04548764228820801
94|19|78.4|0.05154156684875488
94|20|79.1|0.0502169132232666
94|21|75.6|0.051392316818237305
94|22|76.2|0.05298328399658203
94|23|75.0|0.048949241638183594
94|24|74.4|0.045618295669555664
94|25|78.4|0.05357170104980469
94|26|75.6|0.045172929763793945
94|27|80.0|0.05370664596557617
94|28|73.9|0.04493999481201172
94|29|81.1|0.05306887626647949
95|0|73.8|0.048044443130493164
95|1|81.1|0.05306887626647949
95|2|75.0|0.0441436767578125
95|3|81.1|0.05165600776672363
95|4|74.4|0.047063350677490234
95|5|75.7|0.0541684627532959
95|6|74.4|0.046797990798950195
95|7|79.5|0.05123734474182129
95|8|73.8|0.04546475410461426
95|9|84.6|0.05141329765319824
95|10|76.2|0.041130781173706055
95|11|71.9|0.055478811264038086
95|12|78.3|0.044564008712768555
95|13|74.3|0.053569793701171875
95|14|77.8|0.05077052116394043
95|15|76.2|0.05161237716674805
95|16|73.2|0.04640030860900879
95|17|79.5|0.05205965042114258
95|18|76.2|0.045061588287353516
95|19|79.5|0.05729866027832031
95|20|71.7|0.04314422607421875
95|21|80.0|0.057770490646362305
95|22|73.5|0.04796481132507324
95|23|81.1|0.05266213417053223
95|24|73.3|0.04543757438659668
95|25|83.8|0.05045771598815918
95|26|76.2|0.04371356964111328
95|27|79.4|0.059645891189575195
95|28|74.0|0.04428887367248535
95|29|80.0|0.04918408393859863
96|0|73.2|0.0395054817199707
96|1|75.0|0.05366396903991699
96|2|76.2|0.03850150108337402
96|3|72.7|0.06200909614562988
96|4|76.9|0.03939557075500488
96|5|70.0|0.06225991249084473
96|6|75.5|0.042955636978149414
96|7|74.3|0.05575060844421387
96|8|77.8|0.04311943054199219
96|9|72.2|0.0564424991607666
96|10|79.2|0.04016852378845215
96|11|75.0|0.05532407760620117
96|12|80.0|0.040160179138183594
96|13|72.7|0.05661630630493164
96|14|79.2|0.0392911434173584
96|15|72.7|0.06299543380737305
96|16|76.5|0.040148019790649414
96|17|73.3|0.060417890548706055
96|18|78.0|0.043096065521240234
96|19|77.8|0.05524921417236328
96|20|77.8|0.04343104362487793
96|21|75.7|0.050948143005371094
96|22|80.5|0.05737161636352539
96|23|90.9|0.06106877326965332
96|24|76.9|0.05077552795410156
96|25|85.4|0.04777693748474121
96|26|69.2|0.0483248233795166
96|27|85.4|0.046018123626708984
96|28|72.2|0.04623222351074219
96|29|84.2|0.05122733116149902
97|0|74.4|0.043685197830200195
97|1|77.1|0.05179643630981445
97|2|79.1|0.040158748626708984
97|3|79.4|0.05373883247375488
97|4|79.5|0.0399627685546875
97|5|74.2|0.05669093132019043
97|6|80.0|0.03968667984008789
97|7|73.5|0.05565619468688965
97|8|81.2|0.04065346717834473
97|9|71.9|0.05539846420288086
97|10|77.8|0.04073977470397949
97|11|75.0|0.061997413635253906
97|12|75.5|0.044173240661621094
97|13|73.7|0.053407907485961914
97|14|80.0|0.04326939582824707
97|15|71.4|0.05923008918762207
97|16|80.4|0.04543805122375488
97|17|69.7|0.05755901336669922
97|18|79.2|0.044539451599121094
97|19|75.0|0.05904841423034668
97|20|75.0|0.045444488525390625
97|21|82.1|0.04858517646789551
97|22|74.4|0.04196524620056152
97|23|80.0|0.056806325912475586
97|24|78.7|0.040490150451660156
97|25|75.8|0.05433082580566406
97|26|80.0|0.04225349426269531
97|27|74.3|0.054940223693847656
97|28|79.1|0.046468496322631836
97|29|73.7|0.05399823188781738
98|0|75.6|0.0431056022644043
98|1|79.4|0.05671501159667969
98|2|77.6|0.04137277603149414
98|3|74.2|0.05671334266662598
98|4|78.7|0.04100680351257324
98|5|72.7|0.055382728576660156
98|6|81.8|0.04640460014343262
98|7|71.1|0.05162787437438965
98|8|77.5|0.04196786880493164
98|9|72.7|0.05423402786254883
98|10|80.4|0.04235720634460449
98|11|75.0|0.050887107849121094
98|12|81.0|0.0426180362701416
98|13|72.2|0.057877302169799805
98|14|80.4|0.04327845573425293
98|15|68.6|0.05251884460449219
98|16|83.3|0.045678138732910156
98|17|71.1|0.056250572204589844
98|18|80.0|0.04716300964355469
98|19|73.7|0.05475044250488281
98|20|80.4|0.04519248008728027
98|21|73.7|0.05622673034667969
98|22|80.0|0.04606223106384277
98|23|73.7|0.052664756774902344
98|24|80.5|0.04600191116333008
98|25|73.7|0.052011966705322266
98|26|83.3|0.04427480697631836
98|27|73.0|0.05330014228820801
98|28|79.1|0.04700517654418945
98|29|73.7|0.0559232234954834
99|0|78.3|0.04346275329589844
99|1|73.5|0.052027225494384766
99|2|81.0|0.04811811447143555
99|3|75.0|0.051432132720947266
99|4|80.5|0.04453730583190918
99|5|72.2|0.05266618728637695
99|6|84.4|0.04687380790710449
99|7|76.3|0.05366992950439453
99|8|81.0|0.04592084884643555
99|9|74.4|0.055516958236694336
99|10|77.8|0.046224117279052734
99|11|73.0|0.053415775299072266
99|12|80.4|0.04458355903625488
99|13|75.0|0.05338597297668457
99|14|81.2|0.04694962501525879
99|15|75.7|0.05414724349975586
99|16|80.0|0.04378485679626465
99|17|75.7|0.0512239933013916
99|18|81.0|0.047135353088378906
99|19|71.1|0.054073333740234375
99|20|81.4|0.04680967330932617
99|21|75.0|0.05481123924255371
99|22|81.8|0.04433917999267578
99|23|75.0|0.05501198768615723
99|24|78.3|0.04253101348876953
99|25|76.5|0.06027388572692871
99|26|78.4|0.043613433837890625
99|27|77.8|0.056851863861083984
99|28|77.8|0.04876899719238281
99|29|78.6|0.048561811447143555
