-0.05930541783621269
0.001227420536085232
-0.0440753212973444
-0.025421679108719102
0.08819620247151161
0.1628244935702975
-0.032454102770071894
-0.4693594839008088
-0.6252831724645129
-0.3555924631494151
0.083848246993688
-0.11376070645496135
0.036737471622215835
-0.02893895393521083
-0.7060787350550098
-0.03789007371253348
-0.07073505548197508
-0.11690156961078073
-0.09821764573210813
0.01991146306452292
-0.017945351225816822
-0.0027731606839331764
-0.0640019358842123
-0.3942192163828479
-0.23312055738854598
0.30932806098984067
-0.09225520207249684
-0.029360731061976383
-0.018807146547101434
-0.033168634911022066
-0.14291904326821656
-0.04286696608223429
0.0006414372354123906
-0.19251378513600859
-0.014899033518447397
-0.39979457724483897
0.14156227881016226
-0.036302683445824185
-0.08511281403171173
0.0066398452738661564
-0.19718035253159952
-0.02876916643181759
-0.13579736340765355
-0.017613883796971035
-0.016805107658185357
-0.052142201241233116
0.12323286182041239
-0.1034587719941172
-0.023199709960140414
-0.33047574818320075
-0.027831726560071435
-0.2326771796258371
-0.04011390357780683
0.003929264478710314
-0.11218941478592954
-0.31614049120750815
-0.20221343280571097
-0.033588927259384914
-0.1069621097298327
-0.023459011681244063
0.023892689323449807
-0.0009465934784926705
-0.09377126170832363
-0.43138001033803675
-0.10344894317342893
0.07559607944350474
-0.7047411206680668
-0.11343413720875214
0.128774977126295
-0.08173606127774836
0.06765353934379557
-0.13086248686773874
-0.09785664844692148
-0.19793602110354874
-0.020028900003612855
-0.0212758701638661
-0.128180175363512
-0.2458242593318118
-0.10152242683991627
-0.09764634838758363
-0.13346480118604218
0.12880215619929605
-0.2331751599658893
-0.10637517683237421
-0.05921244005938379
-0.0663302989897564
-0.13377114522905684
-0.2539594659901395
-0.03874563027777219
-0.038842510260087754
-0.0134045020220604
-0.03697258908617417
0.04546260147882531
-0.005784455337881819
0.002894886257633795
-0.035866611085719584
-0.12839221500265902
-0.006559349075649055
0.02706646498398926
-0.21812749675376292
-0.041168642793193065
0.0077502679247792895
-0.046650121482190006
-0.0006187234140020576
-0.0748246347804907
-0.16508600951496666
-0.0428476783731212
-0.006164126728200392
-0.010221950330950781
0.008204133085306906
-0.09693763311149543
-0.015916673387878503
0.010178381511273439
-0.10802589277403728
-0.12306000638054955
-0.0006210601011794619
-0.22523127064136306
-0.10313985438812934
-0.049280922568287096
-0.2065273403426045
-0.01893695751371277
-0.1251753879531233
0.15399089091878154
-0.15530687286010933
-0.48271409492876255
-0.1010371817719949
-0.08095719675619222
-0.09298544414340139
-0.02493419302387556
-0.03454548141157321
-0.10170795145925882
-0.024606776102814004
-0.049621401706124245
-0.1824269944912313
-0.0560671827950726
-0.24831796671272674
-0.2596599253458438
-0.25457723796109094
-0.10818739768236386
-0.049377312567659766
-0.10623714714383815
-0.03053833276026305
0.108065340352872
-0.1006327058063002
-0.10440583511572607
-0.022584579203137604
0.08039461941311841
-0.11847405012922825
-0.03357676434164828
-0.02651260070116075
-0.07631860224358349
-0.2568085491922457
0.007897702612393719
0.015152872836203665
-0.029534082755997736
-0.06258577247897186
0.01303860071856894
-0.09170804086471478
0.10126735527579601
-0.24497850270264374
-0.09270074975399822
0.06201385947236179
-0.02156494790415643
0.3071044864236186
-0.154099497567926
0.029205253970908698
-0.0194977725556139
0.07325487941691212
-0.05020826549670108
-0.4489294003202709
-0.00195365254949268
-0.03867028250140439
-0.39306107911684124
0.012580476794927128
-0.15236187989298905
-0.02123191930950705
-0.024624740971878778
-0.0004232078079654661
-0.009387312339547602
0.1498328329825912
-0.0016946590704060944
-0.024066251768732953
-0.036761140532695
0.011141946180228643
-0.02841051134342654
-0.05780042480437823
-0.09957041182704948
-0.06548743591118707
0.15543970407571447
-0.11628751609637669
-0.14167247626771384
-0.039952498728233525
-0.03250649920574088
0.011001289499625496
-0.2143539143530555
-0.11005715869091182
0.04052334091504396
0.14850392574130356
-0.038699770931774145
-0.04872723210259651
-0.00729210202530814
0.21771201868929702
-0.004766263627469889
-0.001374108827578586
0.21901128538009862
0.010084178283574103
-0.09129613413137273
-0.1419991332326738
0.05604800380564204
-0.024808675441644553
-0.25626617133214386
-0.09745181978172644
-0.006059653577815244
-0.18764455348229359
0.020812713914400392
-0.08362812266023842
-0.1218694605587704
-0.5190000369592279
-0.026341553626332184
-0.17071284298340272
-0.06329713930773247
-0.11233010715081453
-0.021413514959644334
0.010708696766295366
-0.028161536714850208
-0.08547857595018278
0.10639316492580733
-0.013388100428598552
-0.0766254939579065
-0.10305256710975927
-0.10364249782279016
-0.03544086772981992
0.2076616022492958
0.10254443938420936
0.004372312212968742
-0.00022103156518284703
-0.012110847900845276
0.010409165725743443
-0.5002604958767597
-0.1157218819034994
0.005540397534124708
-0.02031217437177955
-0.34558728081074613
0.03470395020093745
0.00675277350622613
-0.10680443972961491
-0.10452515337195827
-0.04338490520821595
-0.006986070326908059
-0.06650433889072785
-0.14725186899491824
-0.08349207454306845
-0.06751358636017891
-0.1399007829043732
-0.08224354983817204
-0.001977006623774725
-0.15338007285378524
-0.3643122317683833
-0.022547063377995533
-0.09380619213180566
-0.28712344178678006
-0.1769649616782211
-0.2956282701937842
-0.08050313720448793
-0.46673277262598445
0.17975652969951827
-0.1366623521743487
-0.34729628562978754
-0.26958524927640176
-0.28771104981627577
-0.2457871726081432
-0.10810729316781306
-0.4154833103476733
-0.008478700995093815
-0.16961634859709374
-0.09933468192872684
-0.003660823027827939
-0.045501046490950096
-0.02506013302537285
-0.15454278224112203
-0.0243400482406891
-0.01899264895090979
-0.06373171922961873
-0.07982587662227765
-0.07048046564833012
-0.13739080722975924
-0.07768119432699534
-0.1254141439063608
-0.13144210469545
-0.34924970907085534
0.2331141536301365
-0.02138007829708232
-0.03686152479159119
-0.04427875300110665
-0.019409611350123177
-0.012022277455336352
-0.09737558380048869
0.0007548791611020565
-0.03154487038891822
-0.0639109758516153
-0.37145416639547696
-0.007070824746193129
-0.06863663287918287
-0.028600378630086878
-0.07640796850451664
-0.006336239107062917
-0.007544148264295003
-0.07455366719695146
-0.03736903480147965
-0.11276848987564775
-0.018074380968612355
0.10357790913507126
-0.20358195132518617
-0.0017344994407130325
0.00029574908302730534
-0.021499860785835427
-0.035482577628638795
0.0044339603938591396
-0.15326139020941176
0.0008220141825947867
-0.1563808078914299
-0.003768240491482143
-0.07732927740606563
-0.1381458311440483
0.09050766949237789
-0.6923183813390906
0.08621370148682596
0.012490303029932355
-0.09554822666261169
-0.10904619541754297
0.13901442613635956
-0.1302584807688838
-0.23703575584325853
-0.17404570317306026
-0.0886894767783551
-0.1505688945254862
-0.1019393042510152
-0.020227688663542364
-0.014513780689574575
-0.11811973277620558
-0.10690498572656676
-0.02949072168205918
-0.09289337245220924
-0.10730497607157413
-0.11013153831202009
-0.03834272554934976
-0.12791487815224156
-0.0977027116025406
-1.0460268942335365
-0.10010864499605425
-0.8294000966704324
-0.7649299495265548
-0.029844810575427982
-0.0043384802010082634
-0.10477079787817214
-0.12756991615870059
-0.09230539149215836
-0.034532379551743625
-0.09279712748806951
-0.029045164948730544
-0.1015204323522944
-0.03445045592997442
-0.1350456932016779
-0.06717318513972993
-0.043897318740262176
-0.021309264612852895
0.029572451778690997
-0.004494165860870945
-0.13325306385622288
-0.01219876332062487
-0.054319664026997255
-0.2230715693367358
-0.3312909172628924
-0.1124522563900263
-0.1105365917252889
-0.13274201685788822
-0.11961105581652307
-0.11327360238262493
-0.15620516456039443
-0.20437595166441969
-0.04420924811755868
-0.28773678672845016
-0.26671593346994704
-0.26871131342679305
-0.2683622477688818
-0.017940932461449413
-0.13460342917963727
-0.07176101351616417
-0.045888241568209504
-0.2507344882609744
-0.030880825959992714
-0.01702444913777989
-0.1607996059163248
-0.03680379266693529
-0.12091176491552551
0.032982500687750715
-0.005780394897374419
-0.1751481215657913
-0.032934120424129625
-0.008253229849503534
-0.021439523286312722
-0.3862636566753179
-0.2400731675458366
0.0121114553651025
0.11093774880599208
0.09177926880353134
-0.01535578050754094
-0.030588761361681954
-0.04173454380776517
-0.1381107616377958
-0.025493054343972636
-0.03093869863376095
-0.21006465787555656
-0.0033304397669482824
0.0030665109004397915
-0.1257977466171434
-0.07304376690845196
-0.10837490966282826
0.042706813995142597
-0.0842866003544385
0.08505172312282795
-0.11704581414522788
-0.02685512840744456
-0.009418064232972884
-0.003738065565972476
-0.11140733514242644
-0.09544805621622873
-0.09707158893004743
-0.0945388848471348
-0.055560034485194094
-0.009506771836244867
-0.06944164194135255
-0.06852339810973716
-0.04875488965852665
-0.12506734500689656
-0.07476390648707551
-0.1209099635559517
0.028443329528388128
-0.12735319255278507
0.009900204459743234
-0.016701225433866297
-0.03137515004311562
-0.07828842419087127
-0.0873251459173909
0.0016419367327235735
-0.13509097278556167
-0.13290856456801045
-0.11505178878823885
-0.33396465755087384
-0.11766875234776182
-0.06788083288277938
-0.3131586369603092
-0.12526976999032732
-0.029794007873580018
-0.08485564400411649
-0.12310655192580372
-0.0029460581735283524
-0.08690343683071874
-0.14006634933018947
0.0034645431090481143
-0.1063599429866676
-0.1190560355541788
-0.11956123470803282
0.041508473662329536
0.14142139939030723
-0.09287596371289836
-0.8474299605606795
-0.9567544523778925
0.016201730997530597
0.2837716706177842
-0.11447432829339294
-0.08113481845243345
-0.11528256476076613
-0.10267792305119437
-0.03109641096107338
-0.046199974946493014
-0.2980083178986155
0.04595250184239732
-0.023993302376354764
-0.02704223190590145
-0.044891481034947764
-0.1471607745432216
-0.12365775916133673
-0.1369124876900664
-0.07419097203139703
-0.15226537351656674
-0.14673038144814413
-0.16828360782013096
-0.1664531314788529
0.07395865954465816
-0.04252986220267354
-0.16100749177137288
-0.032152758616795285
-0.1661255156926848
-0.16845019676040496
-0.10665168860147935
-0.0051621898368147765
-0.1608188794711104
-0.3739694266851369
-0.11620221928186114
-0.21893742729573157
-0.10266563740167488
-0.03304504515816157
0.059138255148120496
-0.04087299685993975
-0.06808681109964278
-0.3771650936851457
-0.10982134141673837
-0.0029792190177982607
-0.19155472578606733
-0.11325544585830603
-0.006242718474642351
-0.1184864813363073
-0.035230121243498086
-0.07996419532454721
-0.0014772521507311128
-0.041270662775437145
-0.1292240119425382
-0.10742171927446303
-0.02328285769467716
-0.026101472997803358
0.1716462891187176
-0.059512390937918526
-0.11291032267543005
-0.14082842133924492
-0.6369749281464897
0.00870928940954642
-0.12161055764839666
-0.11716729823274871
-0.12285921813121116
-0.013959568472774719
-0.0980539313462219
-0.7406630458560753
-0.2633641038303321
-0.3140431769803438
-0.2555224540058389
0.16575927752235853
-0.10613621242246589
-0.018350408459150105
-0.01445340954654243
-0.08961752422438474
-0.20148684609781184
-0.027552350466812522
-0.13061701730154274
-0.06741210464923365
-0.12312462331308856
-0.06769654619802304
-0.023484166658109484
-0.04166893841807188
-0.12266196600315125
-0.20462569383170431
-0.027516550535711018
-0.08091454888994527
-0.004917869168956525
0.21657171768400785
-0.09811211178796962
-0.16601171499610948
-0.13684814640944742
-0.0029745122007478328
-0.02931336008460127
-0.025167681508661242
0.003059074452446669
-0.02449136961312745
0.0016293613977724228
-0.12750662655819414
-0.0481051310661262
-0.030083001421073924
-0.476896293392167
-0.09329496651121531
0.02630457819492574
-0.035081049847644465
-0.06991329703510464
-0.04243061028209134
-0.02190701851128794
-0.028929504175621075
0.018736727530946386
-0.2680400650266573
-0.023768330135255516
-0.0011704001946829365
-0.03969184222738487
0.0027650146369078686
-0.13533266858032741
-0.18225630211611965
-0.13402198130601
0.00018399340558393406
-0.014906537670124337
0.020091922467712735
0.11880752577080268
0.015503764966952174
0.3013038298007497
-0.13500141032835836
-0.20670201202576785
-0.0015631607000341512
0.22721076636117196
-0.04717324337544539
-0.020450110185959346
-0.06527725588220377
-0.022749330235525406
-0.1042421144874294
-0.05469333487130368
0.012613593806243866
-0.032469462147317364
-0.037866646354403205
0.12450192230030134
-0.003040214070261102
-0.10673606565808826
-0.08960671079688906
-0.00417149600935135
-0.10885677553040922
0.0007448214439376203
-0.2369926880657141
-0.39416600192332485
-0.12649253351019996
-0.022216387537413045
-0.14314560881638957
-0.04623813886943671
-0.02574371194658601
-0.03837723424848412
-0.03491874440336721
0.18956047203465207
-0.2517228680321056
-0.3520312255850127
0.00021949769109584242
-0.00837743882641761
-0.0024438805429316227
-0.0017750483511437421
-0.35438946809973926
-0.011455123745877597
-0.11342424177376816
-0.1227162814611073
-0.3968639385071955
-0.13458262510117341
-0.02497281151269926
0.014330783081261794
-0.10625643905534096
0.08489087898328072
-0.1717714099057018
-0.03557106377273648
0.25413936761199746
-0.13346914428254905
0.14606096787619724
-0.034486443762131766
-0.06603917007092
-0.00955703580557945
-0.001707061054476234
-0.11218466239666312
-0.01771014754463298
0.05685105449148504
-0.09674876836382658
-0.09989400782459633
-0.03351890475369251
0.0033294117633167336
-0.03742701797678117
-0.04034725911045386
0.10280620090785024
-0.08545172019289494
-0.00018206394317350332
-0.3926947458799541
-0.9018365432717653
-0.5948307152075235
-0.7216762391862064
-0.877630968622309
-0.09326655531180425
-0.10256676130171209
-0.01783137909493944
-0.004982873689355444
-0.876370403419328
-0.4407593591408685
-0.028375476378961952
-0.27442035687143157
-0.29396848931551084
-0.029726517416785947
-0.023167419900770238
-0.015415535537497194
-0.037156553825129404
-0.027227420315306654
-0.039213279867256035
-0.04134119959884232
-0.030936206764093532
0.42348662104367696
-0.17573895192699604
-0.15706074484868712
0.03499981240937585
-0.10299121135306608
-0.008216604164346053
0.005411781902203309
-0.043551981739742535
-0.02407477138985771
-0.03445296273129792
-0.022025295971158022
-0.09805545622464279
-0.07469754470701548
-0.028250678199406676
-0.2543682517661279
-0.1330144136365092
-0.17291685498647277
0.05381652907922654
0.021312677961677247
-0.04357472917573151
-0.1606779969058317
-0.8922939182447391
0.019775032565485788
0.0627271843236332
-0.0806330963024015
-0.11990019960360038
0.11984090274318863
-0.09281850309611028
-0.15633824784859934
-0.0004448542614976965
-0.017852761225883765
-0.8918082548594938
0.02102332027288025
-0.07655558032484588
-0.00016032519609103757
-0.22422410251247024
-0.27806270704129377
-0.09467096917858998
-0.027839515308673343
-0.10413758262907295
-0.09635165841885363
-0.06770513601884884
-0.02280954491451594
-0.034606544824153734
-0.2856082409048687
-0.13023226385594808
-0.10887850987810957
-0.03058094704287149
-0.13397036451007546
-0.8885135105391574
-0.06659640813460146
-0.4478323686351649
-0.3908354539844668
-0.012934807933662404
-0.07738546628714603
0.00043777802363576906
-0.028938894559389756
-0.20138239309269837
-0.3801527209105104
0.1350447908776808
-0.12231111987694017
0.04060125663846131
-0.1508475351265053
-0.10397470358534579
-0.007747402579582177
-0.007163261174191798
-0.18739654962183708
0.14191580199199805
-0.0010200751409815603
-0.3426125084234552
-0.20834008218497319
-0.13862492277012392
-0.009104650127464885
-0.010743472459758489
-0.09671674895002007
-0.11611225413622629
-0.37241002867032785
0.06739044706640696
-0.1083044968051161
0.00873212200917364
-0.02489059463261184
0.03598934875491251
-0.03906588112726864
-0.14598359145463186
-0.10819559881012425
-0.11380681059421902
-0.04815545054112644
-0.09703225893973463
-0.0170261787003364
-0.006918911002098539
-0.0010166972561588287
-0.022245678826950468
-0.1027447818403099
0.1322470831755248
-0.08428059584786982
0.1306610986319174
0.11149453719355257
-0.03724848397184154
-0.3272381981751648
-0.040209616555545245
-0.024015655917161385
-0.30771634276806603
-0.03319359795282252
0.19381269380455146
0.10217592193442487
-0.03999374658377008
-0.112843940764468
-0.009470768928932236
-0.06224970988814558
0.04812386685688107
0.0056394331409370625
-0.042567527036359826
-0.13239808474916578
0.023730438591046447
-0.11523254599202196
-0.13336955437367518
-0.09876446562644224
-0.21007491753269603
-0.013704451544465547
-0.19413643299675198
0.4525820209228035
-0.004442948226601466
-0.03917209901907427
-0.017996110362325107
-0.08212170996956474
0.009430333455455636
-0.12760130602845826
0.1745746293272278
-0.02581401075875347
-0.055290160500846966
-0.03136506553405748
-0.11384375800752085
-0.01904241164537859
-0.00555288837778931
0.03742823874559172
-0.11636281614023088
-0.12361440437583526
-0.6977293462507964
-0.30634102509429306
-0.2966436273937057
-0.0905412839972287
-0.2025318590885173
0.2421490206342655
0.10113565295972264
-0.2914682948798504
-0.10547695710385674
-0.03175832410188491
0.0013703033984810015
-0.06021730225130199
-0.058322930909977005
-0.12132574887919784
-0.055452384759238395
-0.06984331210412284
0.2154809553432442
0.1772508506571085
-0.1601989285922775
-0.03759579256794066
0.09160414757031286
0.03217147302342708
-0.04472570046543536
-0.11301709000592769
-0.01838513037738829
-0.036123234362186826
-0.26115930349391503
-0.029399883061700872
-0.02137761302271872
-0.7265301601075113
-0.02540497364832468
-0.09494521093480021
-0.2228757143763233
-0.020937987665508397
-0.09868091398902874
0.03673309579142459
-0.02879009312131137
-0.003647631893741062
-0.03787037626871863
0.016545532997332857
-0.14607237572486045
-0.008031882119749645
-0.011364582189411394
0.004871894482872193
-0.008027719456501263
-0.00862936306605487
-0.03024827715289892
0.04337543772648863
-0.02726834891593377
-0.008755920158294192
-0.026098725826017754
-0.01436737709393014
-0.06837298138118
-0.06944048261154592
-0.13560999787202263
0.004316425138834663
-0.045876517833245735
-0.12332980399479632
-0.10713854070439677
-0.055503361339803256
0.23295937851309165
-0.033863924173839446
-0.1209164407973572
-0.01973886952253536
-0.091261107570568
-0.3709290835704018
0.15323300500465373
-0.16686244696204433
0.06059459282421524
-0.058485659678010386
0.005945333520169237
-0.09867684398479193
-0.04609266582167647
0.11343273213530894
-0.047619582880077775
-0.5527141411919663
-0.05053332542384099
-0.003397279600293863
-0.028368785676475567
-0.00899427803839155
-0.06161824542177018
-0.09567938069916294
-0.11282152508320467
-0.056852400620003726
-0.12099514922138681
-0.04707900490355195
-0.0343723468930474
-0.011533587807240744
-0.02443081300965595
-0.09858794850020773
0.03214671125078285
-0.019632592408714518
-0.12735508242851598
-0.18004479538079243
0.1559753794223268
0.2823735810350947
-0.13660826978190166
-0.00023684437896291492
-0.10316700103945929
-0.10382890553459496
-0.1564595796827124
-0.11135145225707163
-0.10912470208278739
-0.13817437473495955
-0.10519797166677289
-0.0196601460382247
-0.1778751293736213
-0.2565784155675642
0.042743531728144886
0.029991358149549105
-0.06824602087666357
0.021142323284645447
-0.08080172861663903
-0.0992618064605814
0.004760787913529386
-0.07733938032576596
-0.14844980913612227
-0.023800440409136182
0.061086334642258516
-0.05739254439264913
-0.02600559396656331
-0.20048116616514475
-0.07782033027657281
-0.09247209269600064
-0.08525213308018308
-0.21807938281998002
-0.09211402891318152
-0.10128176320549523
-0.15923095653910374
-0.4160341411659412
-0.03870052267487862
-0.22712816718652895
0.1522196754333725
-0.03736845089789462
-0.02646500001660094
-0.16157993090839398
-0.09971461984012411
0.013715304883588592
-0.032271116963895105
-0.23812568535515996
-0.08887052075090915
-0.10708000360979282
-0.09185423473412767
-0.043595835659184394
-0.0828770666322324
0.10106535727278795
-0.376111318489215
-0.23758862937172728
-0.10271338908341285
-0.04052880764558086
-0.39864872273059976
-0.1799513939325504
-0.13095238197862125
-0.11065468623226095
-0.36243566570972896
