0.21207200166157314
0.16187815967115382
0.18580127004377855
0.19184251416561215
0.19258395321228924
0.1665036793082368
0.15753046848155836
0.23532866668701172
0.2831379278059359
0.20337470766476223
0.17488895121129971
0.20243854537106198
0.19847038286072866
0.20319577739018352
0.29697750405029016
0.22921416592597962
0.19261100891821398
0.33637802506641923
0.17439989674923032
0.16035400677234568
0.1993660672038209
0.20816781123479208
0.2055214206437419
0.2966767187471743
0.2107272398131234
0.18786307670035454
0.2004683173059703
0.18132449868910325
0.21950561620972373
0.18227524150249572
0.2079293385169489
0.18626411965018824
0.14856222916156686
0.22146873452446678
0.1816824562549591
0.294110759055173
0.16581672001392284
0.20791518546500298
0.2146848383567316
0.20902028903048087
0.2235961584189466
0.20811721309702444
0.20731290682833242
0.19543054610705204
0.1881642379079546
0.2179970316151927
0.18341276543481008
0.19373845675895954
0.20345750257748516
0.20407012459209986
0.16710616550907012
0.21947848316601345
0.2043193727823404
0.1753309643625499
0.20648820579968966
0.296185942446744
0.194380256340916
0.21638755693531675
0.19236062029312398
0.20207092330235393
0.1336280192269219
0.1627085409341035
0.20210927397227116
0.20377343461293132
0.1613995148382689
0.1810239471708025
0.2977076323385592
0.21496634870981998
0.18323265450341358
0.22540017426930942
0.17574335817091477
0.1829436660169841
0.19302052367565245
0.1838595950960399
0.1831901216863872
0.18225384701130004
0.17354675415747178
0.21794631835392542
0.21230863958811588
0.19272915843718064
0.1990696918623788
0.17889546292168754
0.21721398230961392
0.21692123562311955
0.22031724275075473
0.17142366055243027
0.20108233932249558
0.22325010415485927
0.1908907709984069
0.20784055843449278
0.21836411573670125
0.17212160610848928
0.197442469740874
0.18979471303382012
0.17938053134672655
0.22874387454986572
0.21781513124918767
0.15753941286441892
0.20141109957791015
0.1931274389880044
0.2243923077800057
0.1621849286913158
0.2013222853402446
0.17560876358387084
0.16274355653517258
0.2006158947604043
0.19757028848377628
0.16422085169546619
0.16426019076101794
0.17455970514652341
0.16766775730841174
0.1653593349813701
0.15599755156871886
0.16403405908339036
0.19226215034937688
0.1769595860326013
0.2198775086619637
0.21168222218966312
0.17388985205203927
0.23046805479309776
0.1957798228398809
0.34416614831772996
0.17857187523754367
0.21950232709155365
0.21629775554156133
0.2141389980933649
0.2285416534564478
0.2305455389640314
0.2040514926649943
0.19947343052350558
0.2263306704184992
0.19706595808482
0.19177302106897878
0.2146507195570997
0.19335983544802496
0.22110128209370525
0.21336162254589947
0.21847398803013715
0.33978228159626367
0.20434249342404878
0.20166266740285432
0.1826633974121463
0.1879244505250177
0.20073933521299872
0.16607522178203502
0.19854737246737764
0.178367331063676
0.16177133693607576
0.2070124569556696
0.21675362062454226
0.23193762042305685
0.22508996884625657
0.18129892659187316
0.17894765784865932
0.177212862934385
0.17382743934105183
0.20320557862734623
0.19737123564177866
0.17485924744302297
0.19141761043976094
0.14851307882202996
0.17866899469803119
0.2359808138486381
0.18793362927436827
0.17596548486263194
0.20329779188435776
0.16596005998119231
0.15515634073151482
0.21482982123599337
0.22438116938090152
0.1952874907325296
0.1473995830050302
0.28019645333290105
0.19828911440713065
0.21250331711769102
0.2156022686958313
0.17804139372280667
0.19928779056197718
0.19977104023391123
0.15763519981811785
0.2066682097573919
0.23577269946303323
0.23046919178962708
0.13449893607033622
0.18388544276648874
0.2003672436932872
0.2191762925634448
0.180587269883002
0.16684857109497334
0.16906365911777202
0.17331496704456417
0.1715794681393823
0.26718430638313295
0.1575049858143989
0.19709257751917666
0.2052403335822256
0.19216517877578734
0.17120161471366882
0.213671913449444
0.19795154527121897
0.20794142037844487
0.16454320836574474
0.19487006833678797
0.1828348057521017
0.16104545641452708
0.18845038811963302
0.21225563014254853
0.17993842496784457
0.16392113972217479
0.21600670647621156
0.24030360733237222
0.19324778076580593
0.1931544021825145
0.20436100165646776
0.17048736670921588
0.16072014141590035
0.22799736703143403
0.2156821748088388
0.15874005927952056
0.2214401658376058
0.2049855119081644
0.20636014359337942
0.22091965948309852
0.17620608903743604
0.1592461434689314
0.2137036113004039
0.1749398038563905
0.20683229118799992
0.19472817495757458
0.1784899292168794
0.1750609157262025
0.16088984287650893
0.1640729324868385
0.17627382375575879
0.20604530851643785
0.16947918990562702
0.1497667039765252
0.1818561247012598
0.24175800715651466
0.3316612926044141
0.1442306913576628
0.20192054192822678
0.23814926301207498
0.18576708749228832
0.177547596472281
0.34085224533135366
0.17561187006809093
0.19810689241138857
0.20837470253308615
0.275927506685257
0.18464238837653515
0.1862605483859193
0.21108546555959262
0.18981010334832327
0.18837627461978368
0.1833778069348171
0.1915345799582345
0.23077768366139634
0.1733121346068506
0.164140723323822
0.2275229269357828
0.22742336909573777
0.22883941809933883
0.17101098397682454
0.20242982298350162
0.15972697125197693
0.17055357036590577
0.22432201068204147
0.2225065521458934
0.2330305282334636
0.2010901609084589
0.33952586919762373
0.2866067433357239
0.20682457658249565
0.34855694431130607
0.33727130550210194
0.18252933397389098
0.15570960678373066
0.22192163382735206
0.348070747433538
0.32500885877609254
0.20444668214123948
0.16593354836342825
0.21265348950415167
0.2747446943312576
0.3457603743098032
0.34303829316108947
0.3468018726722614
0.17466837423188344
0.21774960905527896
0.1598169485382412
0.3597253406047821
0.16570018127852795
0.22586822020380118
0.17250858593494334
0.36281410457537727
0.23224925963774973
0.1782402383364164
0.15746185042240002
0.250598595407274
0.22856873512268067
0.18664832073288995
0.16581282771239847
0.2142984256018763
0.18140522472466095
0.17949449410805335
0.2373222890165117
0.171745726951333
0.1921729620082958
0.2161337068698389
0.2041729132273725
0.16481859840665544
0.19092157324155173
0.2835967014002246
0.3632809388637543
0.2092003070053301
0.1362280205946702
0.2159381613731384
0.18109411157043287
0.3244064552816626
0.17947105947050074
0.17760904423798188
0.15624215512740902
0.3509164324638901
0.18200986183295814
0.31671009564399716
0.17577477432646843
0.1929773006574163
0.18600664250458343
0.1761146472775659
0.1637326419353485
0.3433063833316493
0.1983822976788388
0.35452060626187454
0.33023763824757935
0.1846958815296994
0.3399613622010472
0.23179219942177293
0.24068062076863553
0.3369459430173061
0.3400342134660291
0.22570761902912242
0.21326273114141758
0.3410997250855687
0.2163036760161905
0.17537349513598852
0.17528499307503573
0.22167744458638705
0.2868095196836135
0.1915057038506375
0.2805431820504806
0.28990928307701563
0.14828702429245258
0.1779785966873169
0.3295796915578262
0.17279255286095632
0.15861230717421815
0.14707722830190892
0.20937759191012212
0.20387122184252568
0.3312523647068609
0.3567750685355243
0.3402952907416385
0.18600873835338566
0.14966278197877694
0.2804309846513412
0.15817910707603067
0.1713900596980589
0.34292868934313453
0.24020861421790077
0.17872472153426455
0.18589922644057366
0.18892273500853893
0.17578238483950578
0.18141224609137818
0.35828809801098954
0.165312102014695
0.3526434710108001
0.34902403519736025
0.19300894118704887
0.20618167988861663
0.18745188094534965
0.18993546344199272
0.19819271236872502
0.20317076660552116
0.2139861538028717
0.18040203488738843
0.16897033352782762
0.25010016049978867
0.1928060674338051
0.28301254883934474
0.30509540712511213
0.2880261440934806
0.30844661668494894
0.3248657672781506
0.1752254901067266
0.22101271564677613
0.35559961389092837
0.16081108324135407
0.2677466759758611
0.3525271802088794
0.22884909063792058
0.21999882417756156
0.15040704150130785
0.16828749437263046
0.17500153913789868
0.28719985112359253
0.3311210392730337
0.17285993647575376
0.34175275549683765
0.1774366238734705
0.31154884413436607
0.17395138356069853
0.16624900556960198
0.26302495951652527
0.15950874981880186
0.2980657589435578
0.33878848919997345
0.18421939986435015
0.2119211705207825
0.17988889830795368
0.1614722347751106
0.1646292675033058
0.30992752295274
0.17481306331840593
0.3542775826497577
0.20894501223660156
0.21772841970723372
0.2229863811979358
0.32410062533158523
0.1514029043674469
0.17488649253992689
0.1640131727543623
0.2628523158550262
0.3423931247630443
0.1756115933564993
0.34714147965832537
0.1772758091955769
0.3450437073230744
0.21177854374343272
0.3208432113443102
0.1753272121557048
0.16057078324831447
0.17894923954475217
0.30985324723379953
0.1833530879020691
0.1737898422801305
0.3391542936343152
0.18286486535537533
0.2091594441731771
0.19382496649110822
0.1848194935983115
0.14947100690893222
0.1635850579738617
0.16559719559237443
0.18015360391746132
0.24525235301082574
0.1590182616063698
0.1632388050959144
0.17853689752086518
0.1726865703093039
0.33199317910156356
0.18550710129156345
0.17246041583433386
0.17029919758675588
0.20393161018689476
0.32819846730965835
0.3249921999527858
0.15344056186676025
0.20914003174107773
0.33439487211686325
0.1735271289021836
0.3431932450774609
0.2158244328749807
0.1743389230508071
0.261984147977829
0.18496564944585167
0.15793201290644132
0.19604623348173436
0.18011004001554784
0.215892925511959
0.3441539300053627
0.18480185381153175
0.34220887635753366
0.3279142424921772
0.1920604971116477
0.19827567130979834
0.18251126200613316
0.1831733003323966
0.17004220210588894
0.2023128929249076
0.18543700129446325
0.3203871200765882
0.18561572462972936
0.18582831174787817
0.33668180794232244
0.2457498765570446
0.19154895096290403
0.18175811677444273
0.3399986256106955
0.16783306746948057
0.1512047021775632
0.16197583985328673
0.16371472668647766
0.17591398651783285
0.1913609095619571
0.1869602122968131
0.2089548211702159
0.15150108572527848
0.17127125021502457
0.19191053087894736
0.16597725132416036
0.16462654500472837
0.1340679957219704
0.1648973719340104
0.21446246837006241
0.16119550994924597
0.20332699857219574
0.3422875338254853
0.23912877469646687
0.18431104342740282
0.13758277107189054
0.17471955755661273
0.20087110078940956
0.1611554391787086
0.25649036532466857
0.17374550300675468
0.19111235561241977
0.20472564897998688
0.34058252762345703
0.18089313128898885
0.20253402269049867
0.2694119608980938
0.24727907155380874
0.20430367744132266
0.2058421287236624
0.1703472380728518
0.19493147331315117
0.29473140580313545
0.18959043930812056
0.15661160826683043
0.21047184163415938
0.16752518303254071
0.181789943343502
0.15752983331680295
0.3272823714387828
0.17917274958947124
0.22689707086636468
0.15781052848409277
0.18264682593892834
0.1807641107137086
0.1831127249277555
0.16933783756018922
0.15116635861906036
0.15434223535173225
0.20708461076673804
0.20721268112842856
0.3385180785073244
0.19893858239385817
0.2978996839523315
0.19130719732416088
0.27446657942921926
0.2310145341648775
0.20741121026474663
0.3482034987466184
0.17757940522411414
0.1873189098720091
0.29542290984130487
0.1715951443419737
0.19957903462487298
0.20817595320778923
0.16212871333669288
0.17703508734703066
0.2408442045241287
0.20685054147944734
0.1575772005612733
0.19108440753504716
0.20199692413586529
0.18906840593275365
0.13902339460962104
0.1919776422862547
0.1798575078524076
0.20356997798724347
0.19784114788813764
0.15829897185872657
0.21194534301757811
0.13136967139823413
0.1407007880745647
0.1670354056085859
0.1332179101048229
0.347009090319469
0.22487895280775366
0.19620869405129376
0.17217950463294984
0.17662864944051368
0.19922933569321266
0.16374839649916934
0.2305464374317842
0.22134084502249274
0.19786245668635652
0.195860141966078
0.19140814329302588
0.21959790973827756
0.1567500841867237
0.20837478399276735
0.223661593748973
0.16637137330444166
0.1431684972277475
0.3410410446755826
0.1644589194019189
0.2896465378854333
0.24304755091667177
0.17026401477439382
0.24424731264409327
0.17779222128050667
0.19120265776002912
0.20238896057385358
0.1437804675351887
0.19650275037023757
0.16787592924506972
0.3021745183467865
0.28681223297119135
0.17601612321117469
0.27749835657269767
0.1576770667584388
0.15984102121570654
0.2860439791679382
0.21339763445238916
0.21233810916042967
0.18665377808444072
0.2254206577555774
0.20065240042550223
0.21493828280552013
0.13516137404261894
0.18060938372708008
0.1648878127625845
0.18663139648998484
0.2403646583557129
0.20704215014682098
0.3478201605161031
0.14181714696704217
0.22039554624721922
0.15412563841159527
0.16499165790421622
0.1425377182465679
0.2134372930261824
0.266956002490465
0.15423762364207574
0.19089899011219247
0.1878539704947182
0.23164513377968324
0.1535151781388863
0.25370768825213114
0.13905807628544098
0.1678280608159191
0.1782966816152845
0.20227618852644477
0.25429926315943396
0.2595432070891062
0.23391551046535886
0.25234899441401165
0.25283217112223305
0.3264668321341079
0.3255681258046274
0.2725759879180363
0.18836390431110678
0.2554648343722026
0.19205694541018056
0.17540503437702473
0.2225293343800765
0.20847143347446737
0.28339806961209585
0.20103908632622391
0.21090570422608085
0.12917373699961968
0.1724305156485675
0.2610203187282269
0.13870924358515394
0.1685763075875073
0.15357844236009408
0.1892641120561412
0.2186955980989668
0.1704248956528456
0.1937236320135886
0.17627090182969735
0.200325599597848
0.17600795737484046
0.28978035284125286
0.2108793370458815
0.15116113322464067
0.1914196200453477
0.19848668708897277
0.27150651978642754
0.22168986723158093
0.17613895549870176
0.3518777668311299
0.16309145725639174
0.19678585969999934
0.21631088297169906
0.3472791592894623
0.2815651016154986
0.1707401127897935
0.1667645136204512
0.1840502754536421
0.20019831968180707
0.17150778642871925
0.19223567915789655
0.3498387389002869
0.1573678020985572
0.19274677555363876
0.2774045233646136
0.17451473488903685
0.1938131388385644
0.15776127739267037
0.2016185740248798
0.28863128351361567
0.19429398409107276
0.23171469919821794
0.19401707164028234
0.18830147377231665
0.19701231165246652
0.1908971431366233
0.1675440960181387
0.20543799067652502
0.3390451019730155
0.34445317120748375
0.1673231439841421
0.1849436576449113
0.30064321064949034
0.22149646970230766
0.205964856507027
0.2808377151408892
0.18870233483875498
0.20208046643630317
0.1725551993929582
0.16129712359528794
0.20634037509060546
0.23572931718826295
0.15889750021186907
0.2125303889761035
0.15821624653679983
0.17274011207453777
0.3336801259160657
0.18033338444573538
0.17788749806488616
0.1649036626320965
0.13889439983187982
0.1760822767790626
0.21719747200108214
0.22134257948561892
0.34514872861756124
0.1788923854407142
0.18300173563777275
0.3442987548771189
0.32644267583755526
0.2806958170040794
0.1688399784070141
0.32840625623600705
0.23315053804500682
0.2148063193140803
0.158583955927899
0.19263829536998972
0.3395412785960247
0.1826732637235268
0.33544745215808647
0.1906311093239074
0.19987221110698788
0.18518777778274134
0.2605635011196137
0.17542686479774555
0.18736298433521337
0.20719157289309675
0.15788432853904802
0.22371812220982143
0.1594127644845589
0.1786058998357563
0.25577725337101864
0.23833504228756344
0.20638086110567874
0.2407771659476086
0.23944644241497434
0.1892501642022814
0.1734501816579445
0.1804971182595997
0.19005186468577215
0.21266291767573187
0.1901006771836962
0.1832514118039331
0.16513034227006723
0.18325213540432067
0.24486056095188105
0.1862975167391593
0.16147665875298636
0.16749591963974078
0.3462632306540234
0.20299049513680595
0.19242006070865605
0.2955123688944851
0.17940301223115607
0.15173570637850417
0.17501095821982934
0.16792175463728
0.25626022823651634
0.18754142677947266
0.1371883384686596
0.3424016726464313
0.1475134091763883
0.1704781106726764
0.187444529045059
0.1363814783587898
0.21228052970341274
0.27024433739980064
0.2458607590777203
0.19910883534786314
0.34601934264417283
0.346826405410919
0.28817566190447125
0.23546473770306026
0.232820900969389
0.18053542650611706
0.20871456821759543
0.18552912390395387
0.16578676956040517
0.17647809302970155
0.3416669047935517
0.13626608972696913
0.2351550879743364
0.1611461909336619
0.16981666343552726
0.19855158365638564
0.18532153316105113
0.2061780663536441
0.14866067103437478
0.14384772590688757
0.189609630949357
0.21933743267223751
0.18022102611405508
0.1760156865914663
0.16518493600452647
0.21276726849330876
0.25810484298070274
0.17803952717477348
0.20839819629987083
0.16465439192856415
0.18026314652831862
0.26064421065648397
0.29310733691383817
0.18804214945206274
0.21266881462505885
0.16950477867591673
0.20353157631958588
0.1335545378117948
0.16697305464440848
0.19237114936327762
0.21952318339512264
0.16443595953548654
0.2094791658719381
0.17270269938076244
0.15503762550914987
0.213808712069668
0.17353998847568736
0.17063988872135386
0.15655978965759276
0.15692141361797557
0.17131390023231508
0.18033591501320465
0.16611438103283152
0.1698322505530189
0.18174370638931853
0.23050207950852133
0.3504631726852255
0.24549291246077592
0.17114277172088624
0.3485219913558315
0.17490296728470744
0.1927385619304163
0.19028555385674104
0.1800400572163718
0.20899145563443502
0.2731475142070225
0.19386198051227543
0.20639606625056095
0.15412697450738205
0.3574020577130252
0.14657318608384384
0.1820158782528668
0.17477705813803765
0.22505608757336937
0.18731328746389014
0.1629075016222502
0.24846601401534035
0.2695883945104118
0.1827612067900206
0.15974946156380665
0.36214058160781865
0.17670526520829452
0.18552112854133218
0.19326328394072395
0.19320588018265236
0.179174024232939
0.3501799056849666
0.2662002489643712
0.1671819605500565
0.17569309270988076
0.16639859467017942
0.19737362143652779
0.18108201520066514
0.1738293078121232
0.19482568300376504
0.36029625565506695
0.1440322041511536
0.1858930435704022
0.1917260602773246
0.17101585395195903
0.18392150886310552
0.21792657181951736
0.19130859172950357
0.3391916085462101
0.2065941580136617
0.19613564379074994
0.21670060560438367
0.23575753922462464
0.2036526075617908
0.17773764885078042
0.19492691990988595
0.16843539950507028
0.18388922450201853
0.18328500278247808
0.18153971552848813
0.19212716128197183
0.16951411522040932
0.1813417721535108
0.19363940752158731
0.1753369177089018
0.18822545168059213
0.19923822757857187
0.17477782643447487
0.35542221762601617
0.20258763797534918
0.16123496532440185
0.18449283726467108
0.18644414074672674
0.1738955819606781
0.16789965737250542
0.213443583700392
0.2810360316965315
0.1958249600728353
0.21410754964086745
0.1679283809661865
0.2544976271181991
0.15708971655974954
0.20939316070243105
0.1687491396726188
0.18513533819106318
0.1856932500617145
0.19518685734878152
0.1835991132999799
0.16469260334968566
0.163175415877373
0.18164738255578117
0.19506385600730167
0.19005718047802267
0.2161694244162677
0.1977745727316974
0.33187679585313007
0.20615732519522958
0.20050851023360475
0.18404734886298746
0.19790163672133668
0.20895968397458398
0.2089462145169576
