1010.5940087863867
1099.3015132449289
1506.1775066094888
1708.9364700324213
1254.3164487071394
1531.1720954787725
1143.0485834708225
1392.6283511813708
1122.358566917126
1768.9325221171125
1710.7919084901023
1276.1471553572944
1743.4623380731477
1259.6163002311941
1177.077776095865
1494.7993709966704
1525.1099747317553
1197.8073131248566
1360.8034321716054
1625.8094433152191
1098.7891284933087
1585.8667492759091
1129.4699617182994
1336.4356300673485
1208.239232446574
1603.8706729146438
1556.1856599128437
1736.7664121500975
1133.0490111875731
1419.7561692307002
1143.6260580392593
1556.6748581141308
1195.9097799180256
1698.8210899307608
1385.9502531519456
1261.2081356480815
1724.4207987294744
1225.6570765564534
1728.18725706119
1444.447396071947
1168.9067349155928
1261.957667395083
1518.939571965878
1087.1947218760545
1001.9258456950668
1331.7645721570586
1589.1881475899122
1811.7870201862713
1109.7688017423138
1357.8772966670358
1159.554629380255
1428.0570085509557
1498.762087425481
1698.7547583482537
1222.2709013711853
1246.3094552571642
1690.104178373843
1697.4427413557385
1435.4497456128486
1474.2292267521532
1411.1770141417924
1077.365653382027
1548.1530275995513
1191.1657425575054
1522.3811242240567
1590.3488183431753
1195.3294629139314
1409.0935259526364
1164.9020914974315
1497.5963080861561
1509.1409736017665
1533.41607880464
1637.5727665212437
1381.744202061335
1759.9929051956774
1586.3173265665682
1601.9387697135228
1250.2536923838338
1607.1480970925606
1175.7733684095663
1450.844980568982
1184.9680059472116
1446.688636582137
1150.5890683947796
1600.9075907247484
1531.3871527642968
1184.6263437113919
1366.7220982311624
1091.173548477008
1503.1217874983827
1467.3602532291686
1087.4569499452564
1769.4090510249662
1575.890553298751
1240.8853629200842
1620.0135202195393
1010.6050159776138
1752.125944775221
1480.320178501236
1688.639444578176
1384.1107010262963
1122.1323973858753
1140.8757120712153
1681.31577559984
1024.5524776438056
1328.7818533600782
1595.3149770256668
1081.654822239596
1440.6809377402315
1152.8775030539127
1390.9181872339568
1232.9372105632383
1293.4204272330958
1000.0
1535.5619070541986
1762.429729588469
1189.9261952354466
1405.1088312740283
1381.5560017508146
1095.445143798524
1185.5189158681264
1515.8825940664387
1294.8471531484624
1662.7281298833955
1530.9706099865411
1514.0354175346356
1362.663837463591
1162.8398762567806
1426.4520951537502
1168.5009117025074
1288.5255872699786
1558.0219256071705
1725.6762848400463
1188.0454181908985
1078.0273448034307
1312.741407969539
1659.74569049897
1181.2054728060173
1375.0643206709572
1078.3427030406324
1722.1190741934258
1419.1754251671837
1285.6361995728719
1344.3938989587068
1273.1050108690276
1416.8279558712445
1568.6855526325362
1772.1936548343117
1412.4938032851069
1523.2296731531874
1288.8435428085209
1499.3515589381068
1095.5828712787527
1051.1733196123523
1551.8993518634693
1080.5149945174655
1562.3652265251442
1489.1068597684953
1589.9468747918252
1727.2409296925607
1494.4808879621687
1231.2005981241791
1069.6206282253058
1118.7399084177855
1369.4934039980203
1297.0270889927951
1360.664132535522
1332.974778706269
1691.7781598546055
1750.2964001633113
1252.3723251954239
1047.9845084875776
1509.8244160499844
1545.723275658078
1498.1124796218503
1506.0079015522338
1682.7251141541983
1272.1466057597534
1293.3562633921583
1608.4787300438702
1127.7254817498829
1174.6672992040014
1700.9850579987992
1350.144627654057
1722.2139582788595
1089.798317109145
1450.260149636616
1605.1077278194389
1183.3564140581173
1513.7713176187776
1508.9398212648778
1500.2343758043407
1192.1298349191065
1116.9355349568284
1118.1060141953303
1089.8348945853484
1749.9490163111022
1153.2440951897145
1346.1009840771503
1016.7855538516152
1197.8371844951926
1560.970565961859
1458.7774195492002
1476.6130087556194
1511.2734233779524
1050.1328028032651
1197.5614538040438
1707.5036138137802
1143.9726245176985
1654.8868121237783
1127.9607272800183
1233.0768614635986
1410.967766456697
1139.7831585206347
1681.31577559984
1487.9709145717718
1114.176081109634
1435.7374611798546
1769.894229723374
1278.5440487095793
1102.3315178099615
1094.9931140125843
1485.1084732659533
1045.8142084899796
1269.4268289044617
1515.0599073670305
1113.8771890404287
1452.017897230764
1592.4378213556063
1195.55974716934
1070.3787423968913
1186.2075532692702
1224.7712477333205
1413.5335557966432
1514.3926613151878
1157.9840456813854
1216.6453263998242
1372.0016164576768
1141.0329397542403
1416.095152115302
1704.012006439415
1486.7154284611997
1173.495973629696
1746.391805664482
1270.772226129723
1542.7122750331955
1468.6695401905624
1653.2765857970683
1455.1190280118078
1050.770256765203
1149.434316048194
1427.2890858941314
1463.45011016155
1390.8621684666177
1727.9780093760946
1595.6259877451153
1174.225262489369
1361.7945604592987
1389.7917465590497
1525.8744786699174
1347.4940829416626
1456.261479266464
1381.6211873089644
1373.5663774934499
1331.2443984353831
1122.058425059699
1116.1095787623408
1154.1002644093503
1439.0698940397515
1288.952253519918
1583.8631034385921
1434.8052794658465
1404.7261697005592
1306.2320737950863
1496.131574290489
1081.0480547625405
1155.6169312437446
1538.3993612221534
1451.5548696881433
1181.1554776806993
1516.9999595555441
1462.4241017368784
1700.148067258418
1417.035949324461
1300.724479240954
1422.6263286385624
1376.2534937620078
1164.7862301945227
1176.7043571334866
1184.4692519851428
1528.8726703678349
1492.0222276622987
1460.2852389244833
1202.2763042118045
1396.1111808149299
1056.1928119333302
1485.9463018349036
1733.6931915038313
1451.771065050283
1082.483639242278
1415.3619678436985
1165.0514143912828
1056.735615482516
1644.6631010098245
1426.072016350745
1447.776968123649
1426.4230783849184
1610.5733014662455
1385.2303011899737
1509.59944189719
1221.0161536788592
1032.000796122052
1330.077734152179
1666.0406945878822
1251.2656011109743
1178.2085292135516
1273.1135932936118
1217.2761982211723
1313.3647559056276
1215.1901757196051
1759.1559144552962
1601.1477300655558
1518.727162787042
1054.9800174752309
1214.65675665526
1389.1037971073577
1285.3713390339706
1097.385589128275
1642.395706172112
1135.5856627206329
1096.8849476942091
1045.0368860348012
1487.5524192015812
1497.1778127159655
1091.761035874126
1708.4368676674085
1370.3622723154278
1080.2411743045477
1215.958500066588
1336.408157226749
1708.09947929204
1410.5492710865065
1602.6386460040028
1568.1708115009394
1297.096565763237
1055.7240480762905
1733.2092015034773
1047.574594314683
1420.782381998814
1114.3138085898627
1743.2530903880524
1751.83224547696
1319.9646404107139
1193.0622162057457
1386.6636164143051
1611.263037290098
1435.7865036060489
1317.7401576959214
1554.8966614777055
1182.6581280873943
1051.6123716464888
1495.0922835420565
1186.2015781118664
1078.780118690845
1719.933993222096
1103.1736171364046
1825.0689352603192
1422.8057907662103
1207.7656292632132
1549.4897339897934
1204.924186539407
1043.2457451924433
1514.7591138197063
1077.8160263292439
1761.4952381847602
1189.0374813115418
1364.5102508548368
1269.4877232503195
1473.4913425813727
1721.9098265083303
1233.157093925646
1721.072835767949
1393.8094562788815
1192.1444815058305
1072.8932413286368
1867.9647107048584
1058.0126601436757
1638.2107524702058
1653.5120156249432
1241.3939049534615
1205.076218060609
1042.600805378503
1725.9841868391354
1080.6907298779947
1269.8081337681217
1265.9085855928668
1395.5112284678207
1672.0641431853064
1729.4427431717618
1320.5243894851565
1418.2019330072285
1394.6464470192627
1378.115879896733
1152.8112957785506
1421.011655341272
1689.2671876334618
1691.2707564730708
1081.672395775649
1365.5209674762891
1514.8915283704305
1170.0934380825065
1553.9573079416987
1187.7438072698042
1552.4340204614236
1006.1977366102938
1489.5807322115968
1586.9360785103854
1503.1217874983827
1428.3725148261385
1322.9709411364192
1730.279733912143
1100.3026172870311
1017.0957164472529
1179.6389588793816
1386.70320872334
1503.4038591772357
1756.0073906936277
1348.2939007314933
1733.627696873668
1746.391805664482
1268.5579605870541
1392.684749971494
1595.1066097151224
1462.8115150171777
1160.8656969071803
1453.3988649130458
1412.8509956225548
1666.4591899580728
1473.6844471345123
1459.574941118437
1108.2247098718815
1744.6005535030617
1370.3737155482065
1357.7135302276208
1420.0568940498997
1688.8486922632712
1746.391805664482
1530.287580700334
1354.0123447960468
1308.3417817687562
1111.4223488788289
1356.0570052814605
1250.3441885617663
1405.1051530920636
1468.875428559285
1656.3376415652456
1436.7044143496505
1477.3634464728484
1436.7052317234204
1372.6905614989982
1512.243646042828
1092.9666621847339
1155.9075076189451
1518.3723145695649
1105.4126323240507
1608.3969108476836
1025.4955226308318
1168.165253359304
1239.0789668885973
1600.9910033926928
1191.6451322735538
1384.1501307074545
1449.7648211320545
1149.7903044383054
1524.9064004861739
1174.225262489369
1422.7606093878842
1742.0920897456754
1526.6817363144046
1086.7123185346675
1605.3269221920814
1679.6941584046367
1448.1787073315568
1876.789077924737
1098.06196592287
1469.5853091045954
1719.8173496573775
1319.7643838370877
1460.3596199375445
1286.0816421582645
1743.8808334433384
1680.0602894892681
1130.5942593388017
1293.8348291889013
1775.0587385225397
1783.5849009544613
1520.404865404847
1045.5181148418321
1376.02340304578
1502.2655496102907
1420.590651507324
1180.9771785156574
1719.2815582875337
1367.41931805689
1132.9785386256106
1341.0739602991634
1186.896190670414
1492.081868592835
1810.003101933457
1304.2929588454651
1565.9275291894392
1473.644804506672
1308.9595199727323
1516.8470951149247
1676.0845834724573
1121.9637892955257
1747.4380440899586
1521.709651672081
1405.5398689630058
1352.9601169234152
1533.0888862936658
1099.9901506460726
1115.4967056221767
1525.362903736665
1476.4078199434766
1677.3901298400237
1606.0235951286159
1608.706828871767
1432.1017826513234
1260.6564083533965
1744.927071868815
1430.7619026990092
1338.0997122435642
1093.2855328797723
1487.1931834297086
1797.4482408277381
1631.1001014055255
1304.7909137462243
1393.8094562788815
1440.442555875758
1151.9134106923116
1406.1550696995048
1493.8542060229806
1491.373709350129
1282.2036069887092
1693.0336459651776
1182.8305735389138
1499.7324272963551
1500.944271047681
1599.7091784126683
1691.6268126083478
1124.6989510233725
1743.671585758243
1038.9375261960995
1051.0968951648663
1744.206958213802
1464.4170633313458
1521.490186814862
1429.2927017229706
1565.113929138694
1348.611956298294
1264.4473564607565
1712.1600154514572
1054.126899729899
1205.374968173509
1299.7452654646095
1587.797181776979
1060.4676902231197
1339.1491637088752
1449.887835884425
1699.3110765180368
1599.7091784126683
1601.8016552636213
1073.8853583420562
1475.4160534660532
1067.4178059154158
1453.7733575104312
1356.2785135731046
1058.0417240828274
1433.882569815506
1118.602861264173
1464.9536692112874
1221.3280607276017
1080.5239856289345
1642.7293253193866
1352.3672963870017
1118.0700497494545
1401.3019129407026
1741.016009562527
1575.6258733127872
1042.8765360696516
1437.3668957901573
1023.6650483685358
1190.752560116819
1671.0626390301697
1514.927479316139
1207.859217836082
1417.6330003628734
1058.075994147148
1388.5782641514986
1116.9102266430639
1214.2966028720061
1570.4864313910762
1030.85095557124
1731.5352200227148
1295.0989042695928
1605.5194798560278
1489.0881589684668
1175.7230921498938
1058.8689161562734
1341.0790396348627
1547.4138267178002
1383.294760102842
1062.8311130056018
1219.6204068770594
1176.428902173029
1461.7015433242836
1052.5271102598545
1090.9001369509751
1270.8833889624298
1097.5772632773173
1299.6851884925218
1559.115127504178
1179.734361698519
1288.698050277478
1625.4485250272098
1324.7525562896155
1326.3703986454482
1184.5098679491807
1481.2691074849
1502.2022092795628
1323.6579613460033
1093.5185938228612
1001.7915220335791
1187.2386057719839
1341.8397879754696
1664.1943298790584
1506.5024126830253
1534.3805798531262
1736.7664121500975
1424.4814069945126
1477.5438839780868
1418.9899717316273
1403.877557099992
1593.44503018357
1668.7609144941212
1156.2018501317464
1741.6934725069514
1565.8110534272278
1758.1096760298196
1095.898990584263
1010.7427434578425
1381.091937792952
1515.9966177073402
1170.2414105533858
1477.8672406343123
1926.2551372671237
1053.8299887079813
1387.1060898865094
1119.5337591687853
1583.8063543454246
1072.857837041009
1732.1629630780008
1224.2488301201895
1740.0017032811866
1256.4299563642803
1517.3006451015297
1499.7554008993566
1138.8065560942566
1579.6696256959426
1477.0900349468156
1484.1806435811982
1120.4284520790852
1313.8421270922463
1758.3189237149147
1375.046108747778
1757.0634376043429
1092.138866899264
1094.243808700208
1205.2748398866956
1147.2406026694152
1696.869644068116
1687.9951744049051
1781.0714152476107
1370.436653328489
1609.195209699284
1476.2530442064344
1006.9770686127724
1712.1896176366372
1585.480335826187
1487.545471524537
1530.1269022465283
1130.2797747808315
1226.561704976294
1021.3109776158107
1580.2961773942552
1157.0290422051924
1554.766290361406
1546.027338700482
1222.9701646313379
1690.1670155165143
1515.0558204981812
1104.1726901965797
1101.852128093913
1615.1935071097214
1685.2706385855186
1207.8264627755589
1188.6075700693696
1257.040346795343
1307.898730821406
1369.8992300747775
1135.0391378995373
1309.886830514688
1370.606667072629
1208.3996336268942
1235.0616459922219
1481.908453320397
1064.6668356893824
1068.1751027132314
1566.5800576140805
1083.9998675854492
1148.189206746681
1082.2233056965638
1525.2170025187372
1043.6451826665657
1171.738088199628
1749.5305209409116
1122.1981959743525
1337.2283918048472
1158.1726546787904
1458.705009560575
1117.4846141564726
1788.402415225925
1430.440159141953
1360.3772343422859
1723.2612439900472
1768.7813079696805
1316.6432420967108
1756.6449422341523
1439.4254516296594
1238.2023335203758
1294.468927959347
1498.7257863538944
1177.6684494950878
1564.2279645629244
1509.141303899159
1076.163296566499
1082.3060249039086
1080.1001793747193
1153.9793228957428
1746.2074878793687
1793.6817824960226
1122.4248404660368
1075.2133233344875
1102.6894367018715
1354.8492220349756
1009.9060593346946
1572.462023792933
1563.300081206084
1504.5754540204775
1449.0199074243692
1118.6408591696427
1353.5693879407722
1131.487444525864
1106.89798071897
1704.9607640156103
1331.5491702494478
1169.2866901716118
1516.9970705450655
1321.196857906953
1690.9313606289857
1119.9606352792414
1392.3332776140517
1297.468470828543
1173.843957625709
1548.9453630590378
1506.1856803471878
1323.2643783198146
1661.052472745495
1583.396441399818
1381.7805751940957
1758.8151814615844
1505.4745651673716
1558.7571177929601
1199.0207097939003
1675.875335787362
1702.031296424276
1344.4650639611857
1055.4134460437272
1733.1315991722122
1606.685662359442
1258.475845364925
1581.1523458055076
1781.0525403772426
1493.5737186204215
1188.4977369939531
1138.2076113787477
1425.292241774257
1083.704386967629
1087.8132749992246
1126.2960993697639
1337.5402198980653
1361.3449346619313
1297.3536298138717
1491.5127994602065
1485.6828810463692
1503.0367478986343
1155.478386389746
1439.130788385609
1667.3844603383716
1217.4716912811966
1129.4638314150252
1276.772879307719
1258.244706135698
1008.9522862148688
1256.988852247839
1178.6431162725935
1529.787756640038
1534.0054052927403
1231.368419635346
1541.747569641267
1423.104132192225
1125.1482077368796
1492.0271319049182
1382.4111790575762
1081.8869563902485
1567.9681028060033
1609.8719951807643
1646.9991552442089
1555.7037121196263
1344.0174983376662
1103.813018813503
1451.4991929524263
1245.6989596884343
1475.8271924723147
1080.6516407570166
1334.8016090820033
1535.4517481785847
1079.0713080963733
1423.104132192225
1778.4067014840648
1430.6438889404576
1389.1303352167702
1135.4117194824942
1460.9214915852685
1679.6417941190775
1194.4506879650314
1053.829784364539
1089.1403312243729
1411.926162923461
1491.748816136266
1099.3394880546623
1310.9118172221472
1584.0156020305199
1442.354919220994
1056.743721854245
1412.2865249880638
1546.171196483985
1408.9255580925928
1351.8614257205456
1606.2173215252906
1195.206288241814
1491.2212013677934
1223.5157616227484
1367.444247956872
1732.6853506554764
1496.7119096671204
1733.312466594823
1122.5346122383592
1344.7927773584197
1097.3733285217263
1492.1558682736782
1612.9792415670527
1252.7299262197566
1246.0695115533294
1255.7766869470722
1514.4431988576384
1836.5775579405613
1366.5700892754937
1068.2770700910269
1808.0913865962548
1313.3024796335462
1394.6464470192627
1765.0148496379647
1048.4596386962726
1501.572014102967
1068.8285930422692
1651.811852001401
1584.4402277039849
1419.7544969215285
1450.248826029469
1076.576479007185
1674.2013543065996
1115.3782335817195
1476.0494518641794
1214.364853581793
1198.2580947589586
1445.1409377157102
1466.306014113593
1601.9892425438143
1438.777013748375
1026.4751450940614
1189.518938754592
1177.6684494950878
1344.4270025963879
1414.130185572454
1316.9074828686878
1438.5884608892782
1133.1866010779115
1136.6910502885125
1299.2575987163746
1093.5623457748743
1171.7806341816452
1446.5398729229
1579.9867022106455
1678.4374155512114
1700.3573149435133
1308.2850469812786
1072.3433002528545
1096.930924968766
1139.447757645522
1315.9145533808419
1439.6510467901528
1610.3509762099277
1166.4356904621882
1223.802812920462
1438.8526043458628
1666.079444159196
1060.049181379735
1743.4742673119517
1513.7010373560388
1142.2058584320764
1042.8332463511413
1504.7740758465643
1367.8627433270626
1696.0293609232801
1509.9811554477349
1701.8966154818172
1053.3005348485262
1620.2955541814595
1411.7995965554942
1465.372164581478
1067.9276428043931
1584.8525927709013
1410.9434363179876
1217.7968016981758
1053.9863556238413
1220.9652766063614
1071.6839200966415
1641.4598132055726
1477.244012128503
1119.4136078837334
1511.385812271314
1110.0442567027715
1736.4570439510128
1068.1751027132314
1080.2380447202936
1725.996113969113
1512.362165239464
1426.251016297202
1494.3433237933825
1684.2088700584136
1329.9889123248113
1446.5398729229
1155.311846484128
1418.0993525991055
1735.3041304757403
1053.3844646816328
1163.4073206446953
1749.112025570721
1595.9108924136362
1709.4820608996529
1119.3918028634018
1093.469142709782
1688.5781962547662
1440.4169260125525
1330.1327701083144
1135.5567398393289
1148.57893439799
1508.652356064612
1420.5931599710814
1113.1045040972904
1439.84394699985
1183.3019834496013
1179.2685990975147
1097.4132295899246
1555.487622713346
1280.9561019083342
1667.0472156705334
1538.0599878783469
1283.994064231683
1560.0941301869962
1339.459667558403
1561.7697873248965
1106.090211090863
1189.5203691586894
1476.2530442064344
1010.8917758964084
1177.4331133501923
1597.382523976638
1407.779600067188
1161.6920617885528
1138.678903296918
1136.5529141213988
1758.7374190851056
1646.7427040197622
1231.657621744758
1415.1527201586032
1379.583964843201
1013.0841106217313
1585.619289367071
1043.2464287918276
1055.3664470519575
1072.2418546769827
1106.1567296882665
1156.9431201854131
1093.2855328797723
1678.8048033786963
1449.7599123983705
1267.7349147013751
1069.1391950748325
1712.199563303488
1125.2063874382839
1625.6558913644872
1230.3734060507331
1129.8770138557115
1088.050584589211
1214.1192327639371
1027.9303349690265
1469.1005475320562
1291.5474152393617
1472.9855925612449
1427.2764166006978
1632.214069761605
1608.288333501576
1115.1623254435797
1136.763387867149
1799.0948402872089
1418.553812415172
1379.5806136924002
1713.3306714194227
1122.1642749629013
1630.259340436584
1066.5505113902468
1203.4896636637397
1569.7753162112601
1416.2124452512833
1490.796543784842
1171.6084403650227
1321.940641499456
1037.7373295826776
1185.6566433483554
1626.4875691753641
1442.9675853639046
1606.4051043357185
1487.747771532588
1692.1966552247964
1203.0658402274935
1550.6765607036937
1078.0624645208698
1469.1386229131938
1227.0194342874402
1704.123773275229
1238.1308133155092
1593.1393975140636
1346.5909706644265
1214.7604624864266
1422.1412658912786
1348.4546118475876
1437.1010599034994
1505.4259575318156
1514.3873536933054
1417.404315709532
1595.9297108287592
1336.3815925792271
1699.7295718882274
1516.4277823709645
1083.750951908563
1744.927071868815
1008.9935566495126
1530.8115172868424
1682.1527663402212
1678.9964775277385
1190.201650195904
1602.8331809612396
1135.4496638754715
1067.3791352996261
1053.98917224967
1645.3251737634464
1124.6781411290144
1273.611578058786
1075.1336701809573
1500.5257756774906
1063.5661165666752
1307.794353663735
1132.0806535393715
1219.0884198529914
1761.3236452189708
1662.0649885710714
1326.5800550174285
1665.2237295048635
1046.1387058766313
1494.0681440127057
1076.163296566499
1092.2774117532626
1618.7760277637062
1368.123894246547
1536.9348728840748
1409.611334685542
1461.8603181790875
1546.1417710282685
1708.6422318064
1690.522673744034
1722.3283218785211
1543.8858194233349
1405.5273266442189
1046.3231697090098
1237.8108114845918
1563.314180903615
1463.2917936987928
1268.4308589658342
1747.019548719768
1001.5169323973543
1108.5004405630302
1516.1414972080556
1596.022575616431
1126.2082316894994
1203.2857608176353
1394.294567611319
1166.6982717857695
1724.0023033592838
1546.502232860796
1095.0356395398023
1226.4133516370566
1513.8263788881868
1223.393972931033
1043.0467199977197
1254.769273775666
1660.567017630619
1266.915856683318
1419.5469215456048
1258.609210654709
1118.3079055164965
1122.933628023823
1434.5084609190335
1080.2767300635385
1052.3619309120406
1786.3581135176864
1616.3987247334444
1168.9916182406764
1155.0312829376087
1256.7240231463904
1238.1299959417393
1050.2705302834938
1300.6804496594887
1504.4242398730455
1401.796015384609
1600.5461691530495
1316.591747549207
1249.9398208561909
1302.0866326284984
1424.6587771025818
1367.9154639352214
1107.9942832878532
1279.8446662887675
1209.842106055663
1510.89453021602
1260.8700193119578
1415.727129575403
1166.512523596559
1665.6221992176916
1551.3411125789598
1204.8769081350827
1512.9841001232962
1160.2890397125134
1041.1805165883964
1434.8465156050875
1008.3925705409721
1533.8895978826079
1198.3780093819855
1722.7468172487117
1656.4153010734979
1798.9730515954934
1577.641141617191
1265.2790657090861
1423.104132192225
1289.8194221734873
1100.6255656646504
1245.8419174607793
1267.1913116437754
1497.0028947292062
1172.8124894953742
1735.5109260395257
1229.1891529596492
1323.5982755048203
1281.1908621069829
1477.2257189926195
1164.6656061375775
1045.9519567924174
1418.918342335733
1799.9225580489901
1064.5213953248206
1234.3715010723886
1496.9763300816842
1145.2362843659694
1219.571933182964
1353.3599307985348
1274.3897570824806
1555.173751185703
1083.7252299987617
1071.8937446794075
1447.0048645058996
1385.1961891306996
1171.1380417604432
1261.6688394961047
1147.3130267718518
1205.3122831176836
1110.936828859506
1776.1049769480164
1140.2143007289355
1157.1697029718553
1353.8218967076593
1672.3724804964402
1681.7244624847917
1331.692114917848
1071.1070224258754
1458.048495603142
1517.142575732745
1287.0951803146972
1007.0166716375879
1711.0289468833744
1727.8774617871527
1059.7677000263825
1199.0648038833856
1542.120902865138
1432.325273422091
1717.3964440073958
1675.875335787362
1174.159055214007
1516.1682661990199
1211.824864591818
1164.1711564326702
1201.5687765761022
1182.831595256126
1556.3785601225409
1601.6028290940926
1736.975659835193
1715.632395955471
1311.4382292484358
1186.3452807494991
1121.8765593958954
1127.397919211594
1234.7552948142848
1000.138278941611
1508.555655593023
1447.901193800123
1276.28008702986
1235.1670160258388
1254.7083794298082
1061.0132737413364
1220.6447362559622
1061.0132737413364
1679.6417941190775
1599.0224764446102
1091.8274474929308
1096.5812933386899
1665.4071605088438
1375.6049076755894
1558.4248553554944
1391.1390961726065
1508.4481248067982
1382.1275405607332
1727.1410186357134
1053.0859742339267
1082.4987606570214
1648.7914571009605
1329.6588403020685
1503.608909537567
1838.0422917362284
1209.968200073482
1765.7810438642696
1449.992901550632
1313.1603187801722
1364.9332757357283
1657.282244185219
1497.8810634346441
1057.553943603662
1400.923877572122
1330.6956043588816
1160.3050828205016
1150.2477474798748
1123.825180913017
1132.3957511276692
1376.651146101066
1392.237237832472
1101.2425716050075
1126.218448861623
1656.8337964436887
1238.819450716653
1139.0912683638344
1071.2767972579625
1441.1885268513415
1047.1876119945218
1278.2063454945978
1688.8486922632712
1469.347870598289
1679.4847012623993
1686.1284723570323
1341.6561071495291
1296.059552392871
1100.0906544829963
1279.7351382036004
1754.1339700130084
1034.683621178318
1463.7438447577235
1653.8777809442552
1183.1742792091582
1260.5659167315102
1419.1294734611254
1397.949863110328
1195.1093666538475
1087.7965687466512
1434.1386780859232
1192.7575779743925
1252.1487734693553
1197.2257516875704
1363.2862356798862
1667.8833702563288
1042.1481406756009
1767.0169228226673
1532.4724628399827
1801.4447755859305
1100.5042505197193
1520.1987362584146
1342.5827062768435
1216.9870098661313
1315.9353964119744
1316.4669502524412
1445.912129867614
1752.7947010455418
1211.748031457447
1538.5370220197374
1094.3817405238794
1429.1723150599892
1272.764340690962
1436.1592260451248
1679.8510418041728
1285.7996428894
1434.9644299369684
1698.0559990943498
1605.3122756053572
1515.1731136341623
1430.859073426428
1029.0604983282662
1158.248874782834
1452.2226640581546
1756.7432954535043
1521.556317742125
1152.850121032621
1310.3033969973285
1658.7170256095462
1184.5064053383203
1357.3269345256394
1331.781345092277
1519.9466779062025
1489.0424915841154
1760.3351581660936
1213.9674299273884
1310.319629925852
1586.008359281545
1179.7543873558816
1235.1008087504767
1563.3143852470575
1689.6856830036527
1689.2671876334618
1098.5139487126319
1507.7298446276088
1313.2917675308927
1760.1764056070206
1656.295964503092
1105.4661462175416
1391.9931848044644
1276.155337276913
1033.1042507114216
1154.8718950524774
1793.0540394407365
1756.5649296058177
1462.609830698578
1366.8250873261702
1460.7597243979124
1585.4750228966827
1163.9749867278933
1546.3499969961513
1444.7917741770561
1444.439222334248
1064.3835299792463
1512.076088502784
1101.2296979681314
1607.5159152890174
1434.1864944514625
1092.55286671372
1146.2345020824641
1702.240544109371
1375.6065424231292
1614.0070890827064
1259.0760161692879
1077.4028438885575
1673.2009869952728
1232.2547132836726
1250.6527029215486
1533.252604050659
1192.046839981071
1429.3249634979304
1002.8922770848037
1450.3145049923146
1496.774438760518
1633.1066619640428
1401.526282040541
1573.4679218424312
1369.785686569517
1192.2494091076614
1110.9421417890105
1539.1515905480533
1397.5553878106577
1414.1064817331267
1559.7220275283312
1088.2943718728015
1031.4525308021057
1180.5281385980902
1062.7405772246448
1240.458538666324
1207.8979115316693
1099.1378341475058
1568.3780157516098
1295.986980870593
1055.2287195717288
1129.3181077447532
1483.984991382837
1080.4328484535902
1292.2135748618332
1172.164663215442
1389.52008307787
1180.4017473816452
1572.968182499946
1257.872428793049
1532.1896094628996
1301.8786110040578
1048.1388194915853
1031.8473084237057
1519.6394482563578
1462.899813270962
1029.3800914722985
1302.9619105117467
1391.7169794279284
1263.4842272283877
1151.5717484564918
1485.794322677987
1094.3102203190128
1670.3492760724864
1529.0817090142841
1383.7655673943063
1305.1058069910796
1130.972491891645
1719.6048324772025
1409.50303266103
1355.7245055683259
1455.3135629690448
1459.609429637151
1801.2146991594536
1399.271965183147
1285.2483136451044
1594.059490915095
1156.553232897169
1488.5986576270577
1307.2035967715371
1039.2523318651938
1094.523841892818
1117.226173798656
1750.8717128965277
1010.1610293243574
1088.9719522277726
1097.1380498092478
1212.5850221978283
1603.7244286621753
1545.8048007301932
1717.0971297511383
1305.5069331686598
1418.0478580516017
1748.3870150368166
1287.02938172622
1459.5614544512337
1184.141641065839
1786.1992441463854
1537.7211864507221
1082.5249166176584
1570.0764812177354
1427.8878121805856
1306.9177202955134
1409.3959566971726
1089.5706058406352
1693.7277869345526
1274.3172876298543
1729.651990856857
1044.7569355186095
1752.8784839024368
1313.6592182766035
1377.3025929956789
1519.1408502567165
1352.4446219053718
1262.7239553043676
1640.290268925079
1517.4866900898744
1544.8952760291656
1543.3128404106324
1481.3326134995
1396.7082723538444
1357.4420451345622
1515.9667876556987
1563.6549016050344
1724.0990725589972
1141.7930973602506
1557.788594383644
1245.854178067328
1583.176567855714
1067.0354793345434
1553.1109463907446
1107.3259260017724
1163.1483307438746
1135.8708157104143
1129.9323909286225
1149.1588610877366
1712.7029283641368
1122.852912364045
1575.854942311803
1363.1759221304358
1093.9301415160076
1400.0868868317407
1208.4528161044154
1196.052298730383
1216.6845603407794
1643.8439259147099
1642.3806553895677
1540.195701674429
1330.474283433197
1174.9138998905128
1301.3740590215102
1180.2354118194698
1270.6857240118427
1376.651146101066
1105.7800177451845
1476.1705442745356
1586.3838652096752
1688.2209492079853
1096.139094129172
1681.527475406245
1449.6180355826655
1212.238047032504
1483.4205947947187
1232.350754701636
1581.0853799403212
1712.4005000692723
1019.4394273220165
1342.3691581747964
1316.9364792321717
1098.9877317184018
1245.080942480999
1287.393113053827
1098.168517016584
1542.942781186392
1080.1749670291856
1196.0792665744848
1401.7576217267986
1396.7928705390295
1854.991354228949
1421.4268060931195
1281.6752693476383
1165.1352487942715
1334.1738660267174
1438.115201476504
1782.956529527749
1584.8525927709013
1506.5688183817902
1422.307871325613
1113.2119887480326
1119.8403817150856
1204.3875806594654
1411.1218414123239
1070.6887409936746
1395.499785235042
1099.6538013397574
1762.6526394429434
1381.2545951731627
1086.4928575836552
1325.5164455620877
1069.0676748699661
1516.609239347883
1508.85322219125
1602.3486826591293
1400.9373642393255
1500.5907568921978
1048.7555280009776
1678.1770603234104
1462.2669616296146
1606.2698289767993
1370.3737155482065
1190.752560116819
1000.550909920915
1568.590013193119
1261.2236657497094
1751.6229977918647
1199.1539364107728
1529.8734226580568
1446.8972669499794
1684.5116726761007
1520.2779974256573
1834.9052487689705
1752.7947010455418
1834.0665857194176
1512.5473588990726
1351.1391943391145
1112.1137808146184
1439.299610364497
1121.3286677851277
1508.7165841336184
1505.3501333065233
1314.5944947424475
1426.0256563149944
1506.175463175064
1123.5415497651888
1323.033061542932
1519.6025004714588
1509.6983441233483
1147.6438588052201
1269.0402111112974
1349.843341746437
1303.4095520750873
1739.1655486953914
1003.5809144859475
1187.4180838224975
1440.0173641544525
1670.214613743895
1726.931770950618
1518.3344306453464
1699.520324203132
1112.1908737465976
1390.042997947166
1716.4693866958523
1718.7711112319007
1509.4020461317582
1000.0
1193.0939272807077
1369.5367248078253
1187.3641371536837
1573.351735141473
1608.9160765568622
1349.8674424088658
1515.2916328307983
1703.6289787990845
1445.5782326826084
1448.3744683494485
1318.7995023293392
1597.40745387662
1349.6581947237705
1128.415140868239
1091.7250714282504
1186.3465068101539
1336.534850161084
1034.8620891475593
1273.3677965360516
1065.8999428247048
1297.3736554712343
1287.257837694908
1518.7793667069768
1678.3863080085057
1276.8400003106021
1112.2758914380506
1500.6287647724985
1092.9216565131314
1711.8659376237556
1600.572926099795
1496.623224613086
1416.3342339429987
1003.5359589286028
1566.2295487974184
1477.5085303170063
1497.4340593928302
1311.9208651410931
1689.0579399483665
1260.855847553253
1387.9203592677304
1442.3966052832589
1068.1065829478428
1136.6920811919936
1112.4645806182682
1128.9213144774208
1748.1866439163155
1732.372210763096
1471.04939618695
1760.6206482509633
1395.483437759644
1065.865071074194
1275.7618843080993
1516.6378474298294
1417.2877004455913
1511.395488066006
1197.4767709359908
1262.8502395518176
1362.7957295987478
1316.6002023358449
1067.4186334961507
1465.4847578182823
1089.15783616962
1048.3423455602913
1687.5550500672648
1222.3477345055562
1332.8073578124563
1150.9629669999222
1498.4332988265373
1662.0649885710714
1462.487101904298
1621.1074106784163
1673.7828589364087
1704.8832106777777
1361.1098450613242
1556.604155283034
1304.7611943299112
1321.786157856944
1103.2464208799113
1495.0250545494819
1312.5411520130306
1396.1042331378858
1439.656273400405
1380.1911918985181
1511.16757347475
1016.5103740709384
1272.5226320579714
1173.381119728501
1400.5053822019313
1026.5814036841489
1242.6226908680142
1459.0947340286189
1233.8302012251615
1345.0378788458884
1450.6737407641872
1115.4932789398335
1831.7696690722375
1576.9515590510737
1315.6095651791156
1416.3881806118125
1151.713862672924
1193.1414978625262
1309.7928452131246
1472.695833559814
1334.9532319163206
1726.8322685549083
1131.1441873496685
1430.2185534854657
1426.9833881041873
1150.6738633702528
1146.9552214040764
1336.475590562766
1071.3428347584927
1596.5616763682124
1042.2823364302262
1635.079787108039
1374.0961878800522
1455.8706031932343
1719.933993222096
1549.6212730751186
1708.09947929204
1388.0984657485653
1183.5907311449241
1422.6902448791639
1460.1409724540954
1444.9851576480348
1525.702113851175
1102.3664656421074
1278.0717825818467
1520.2794519181923
1367.4948353093127
1404.6903359038376
1791.7985533301649
1696.800104296893
1346.2285696589158
1200.3187607155303
1596.3612154511434
1048.1874200941202
1072.9222291096874
1655.6065870473185
1173.808810553603
1666.668437643168
1596.5925322280261
1182.9906710122627
1639.047743210587
1228.6276171797253
1284.3978905598262
1438.1699655190876
1357.705130886362
1402.7918163665965
1408.8844873061876
1059.3605439785913
1283.4110811682892
1613.115244886727
1380.664270035591
1111.5876627237917
1411.4324434448872
1122.4690228319776
1446.9583682930906
1443.2325581794228
1078.2672084846586
1688.8486922632712
1768.84903649113
1439.4041296877217
1288.952253519918
1457.4207525478564
1416.1989585840797
1371.5887416571682
1512.0213203774142
1515.559103117081
1038.6860961860932
1529.4742688942852
1507.7717941476856
1060.049181379735
1045.9095736722868
1254.4243420447667
1915.0339851638373
1710.6104515131838
1182.3249727446166
1389.0756463178845
1600.4578927859
1223.8274612598286
1380.836099802972
1122.6220042740474
1201.4311866857638
1654.3228242225446
1573.3439700906592
1537.957407470224
1431.2088018077038
1246.0184701950786
1611.442935715136
1403.8872661749074
1560.2648041311293
1762.4907994365026
1763.761068498853
1180.2746457604253
1286.851602931266
1380.5893592894163
1304.369966254724
1492.0266953995065
1531.3599750864475
1477.5085303170063
1161.3142307634148
1280.9918503748272
1074.0973843630677
1157.7386392097976
1242.2573247928672
1707.6809839218495
1487.7037781689905
1570.62375018442
1203.974398218779
1505.7541069966787
1070.8620146383469
1420.4076161253133
1118.6205509834845
1094.4381753144492
1334.3831137118127
1338.0695594151937
1782.1731598157803
1344.223476527682
1611.8300443196708
1608.9063007339118
1714.2899497679764
1699.592586917204
1107.5353831440098
1270.3453492080225
1619.240324644514
1525.2485618190904
1308.6844736991598
1583.1786112901386
1203.9078047118553
1203.3119167782722
1218.0226012021117
1518.1014641752297
1455.806973631648
1554.87888359821
1276.6229875746926
1431.243214552524
1473.5565281395225
1453.6256983825522
1058.3964516169901
1147.3218082216304
1146.88370119921
1114.3138085898627
1538.1136483438577
1098.080356832693
1311.5371081561234
1375.489568791109
1530.8213841559218
1423.0326119873585
1560.8312037340902
1223.4801387720167
1098.145273131102
1333.1092366914181
1723.1653126189024
1370.614023436558
1682.1527663402212
1592.9682969322737
1388.804676685762
1058.897501737941
1776.3142246331117
1134.281260185429
1249.5012998286377
1087.8701323859427
1063.354640905225
1290.6503475268928
1592.89851313632
1080.8382658434623
1066.7978279109439
1422.8233643022631
1475.6490049904755
1484.2191689679144
1655.787558018212
1161.5533125911115
1462.973581253696
1488.5193723713771
1417.3481028157285
1654.9505672778307
1604.1073939949274
1523.3139520389593
1543.4215511220295
1121.1979616192198
1383.7647500205367
1266.0285974560877
1201.2304744732128
1472.2401476830928
1304.667081620084
1240.919485212888
1371.9998806634296
1471.5658143229223
1082.7048934853178
1221.7412431682878
1316.9534354423893
1551.5860257960444
1114.136642825236
1138.3893486389297
1606.3761642212976
1445.2572117882896
1241.5846261802367
1375.8141553606847
1202.6870345311809
1695.7538658714166
1660.8095024604995
1686.0697324973798
1052.1987150066964
1093.2867577155912
1341.3557206559751
1479.6010071679593
1199.3011971964597
1636.1182756192525
1728.18725706119
1207.6941805071028
1230.0641515803309
1385.8580442452596
1811.8863310993147
1656.2060533884026
1312.779107599492
1328.9594300616177
1282.7017963014655
1570.26232236471
1200.1180287723741
1729.9678482516413
1076.1389796968442
1320.2521012118696
1341.9119435063944
1513.5195664976472
1090.172265608876
1488.554928130368
1657.9879282067923
1184.4154612787568
1299.504548889373
1520.796511255716
1523.1380123349877
1745.5548149241008
1216.6453263998242
1337.608024767614
1100.8287761339936
1232.2937025852311
1359.4580975380293
1220.0335051326588
1616.5650602956198
1042.4997586712127
1268.5964708372194
1119.0185168805124
1521.4505441870217
1339.9114212045556
1514.3937477445593
1565.4565175545322
1378.8809744730413
1105.7853906916441
1194.8984842212124
1428.2060859900794
1751.3034046478324
1515.0017302366782
1351.4829816650804
1278.1648167352546
1478.210450041911
1368.2603956661208
1169.04719965703
1488.757636825304
1196.4691675349534
1533.860032217724
1325.193380416787
1130.8411062173127
1353.6982846436877
1465.0930314390562
1122.7229499346306
1572.0884839800874
1250.0710093462603
1006.060009130065
1290.9866907090288
1485.9463018349036
1455.7467710670937
1105.344766212711
1243.401410860862
1089.0036254613565
1025.3676371817123
1210.3098623093017
1412.6363020517613
1361.239190502888
1210.9984997104452
1313.2758446652451
1579.8354658428852
1704.0470560919823
1481.1815609449802
1268.9445783802187
1317.4548942502252
1079.5294904813181
1650.7656135759244
1351.1229285194377
1298.7946597702116
1352.7969100002003
1766.2703357485366
1451.3305005883049
1346.8667593891707
1113.4065237052696
1080.4148662306523
1581.4133490413428
1022.7250342377438
1009.4932896636794
1514.0278772540678
1321.7976010897228
1366.1066157824248
1043.6228294128682
1400.5053822019313
1176.1395518584832
1097.514167995082
1246.727133253585
1440.4818290899275
1721.49133113814
1581.820136084559
1507.3796596939924
1433.6382150696081
1516.0033610409419
1369.8750995843066
1170.9315554732193
1077.8160263292439
1493.9863768313771
1087.416936192163
1018.4743699029962
1510.3808512212177
1426.4549559619447
1503.7751720178717
1396.1111808149299
1568.7506011435323
1475.2525787120724
1730.6982292823336
1278.4443719220972
1138.4841639962385
1049.0804766204963
1716.4693866958523
1224.4242725679962
1143.0001540749556
1053.3005348485262
1099.319074124345
1314.3334015054968
1202.2801867372114
1408.7441628891675
1072.6906841050636
1456.0978331012673
1455.2845343601336
1207.830767665184
1780.7801622043626
1194.5284162014086
1320.905028932988
1153.9793228957428
1605.1721846002765
1630.0094053386947
1083.1737070475192
1089.1992921826247
1372.3027241776367
1308.8273786981233
1694.2222397088856
1532.0870290547768
1407.313022950364
1007.8504663730388
1511.5697213695425
1453.863541901236
1236.2026285923066
1852.673533717124
1325.6617927459467
1084.9254664698205
1453.8277962926932
1682.9897570806024
1743.5785867870895
1707.2624885516589
1305.6172786275968
1468.1908780269905
1782.9635602512772
1720.6543403977587
1676.0845834724573
1437.7504484316846
1356.4089231444264
1048.1224720161872
1080.4328484535902
1600.6125291246108
1181.6568248053322
1091.3592744150344
1206.8633335431898
1089.7276142780486
1367.9992447466366
1421.011655341272
1421.3743422922041
1059.7737264192776
1125.619157109299
1693.3225875928383
1427.9168289494173
1424.8265440915943
1537.9509920270511
1008.5434294860167
1066.759615687201
1330.6166553800972
1607.0125300482073
1513.7602377539588
1303.7496793827863
1465.932065613862
1102.6335374179407
1459.5487851578002
1075.4206499424265
1175.1364113226925
1207.9684951454128
1412.845759193999
1138.2677642906565
1313.5246187511927
1609.0561690209565
1569.5775117589435
1076.9896614478714
1620.4913151993514
1685.5589583872884
1370.6659352447978
1443.1668253238013
1300.3083639911806
1162.1416173619998
1588.2005557324262
1489.1466596937403
1554.21411518509
1182.1500253617976
1440.703559111593
1067.8305866099533
1379.5348407612855
1697.2185996670837
1485.5273875504286
1164.1711564326702
1208.3763646565947
1602.8233872034562
1356.7668821277425
1512.345817764066
1812.3290749524933
1342.0533622335033
1615.6639240868383
1818.8904069336181
1520.2870126255639
1481.4679281316332
1633.3980557130135
1415.4281751190606
1609.027327754301
1775.7314371351704
1426.4437336078922
1192.7469521153837
1521.4505441870217
1360.8459981993255
1687.444072667426
1294.5962194011022
1403.4348497932658
1198.4044046637712
1173.825224578414
1174.9424789846785
1441.5179284806127
1073.82192940261
1712.5789297359322
1210.2369396674221
1727.3502663208087
1577.91227209065
1299.8765490835945
1592.3712213162248
1508.8090430948077
1048.0668905998339
1610.4870689426166
1464.2066467446007
1514.99568881676
1065.7621834349895
1328.1244827556611
1374.061414721673
1198.1236367738093
1595.1750017675708
1680.4129862709815
1390.0442240078207
1625.4447585651117
1414.315729418222
1035.5512634350705
1163.3582782185013
1794.6861294930516
1695.5446181863213
1350.2941115167555
1143.3856912410863
1500.5973354853818
1411.3133112179237
1071.4087403159647
1418.3936071562707
1446.302405020534
1452.8173034757594
1365.3330000887136
1125.6444258359775
1700.775810313704
1666.0020224382893
1671.1064155728973
1698.7497414107152
1681.7342709700306
1023.2996569980976
1683.6738441071502
1137.5180288126303
1351.7539410698032
1252.6028245985367
1605.1496182251465
1392.9724655385003
1337.0149099763491
1182.428834331006
1314.8000642455784
1522.9077199291282
1475.5010603381231
1724.7274439857101
1714.7954052150899
1214.0754312663546
1298.0075288297946
1672.7206817224192
1275.5926879377294
1646.7704669649938
1710.274901171319
1646.1621645038276
1389.2442194305277
1668.3424191239305
1191.8490670291446
1306.785305744789
1124.7680191069292
1303.4553250062017
1318.9329530347677
1404.4493568054572
1132.139300107362
1197.2429165367382
1735.720173724621
1744.927071868815
1190.8902875970477
1400.8830088836269
1306.1735730698128
1087.3114574142135
1418.6915398954006
1156.045235099174
1182.329992241957
1144.2006717995014
1736.5568633703604
1523.0100933399976
1420.6912448234698
1378.3251275818284
1685.024539265136
1156.7338725003178
1087.035593766871
1218.979673885776
1180.6551132446637
1164.9945500499332
1423.104132192225
1088.828707474597
1691.7781598546055
1400.86783796827
1634.8501202152472
1542.2463719843504
1497.1416224491084
1563.4177830289502
1298.7860773456277
1716.589374878914
1229.4989376184426
1216.5075989195955
1097.6563441895555
1056.0009334408453
1715.2139005852805
1645.5344214485417
1472.555040927948
1004.677643501835
1756.435694549057
1060.6611656487396
1741.1606135370994
1108.5887183620157
1624.376292727703
1004.9713388603501
1293.2385615692924
1440.2130530304546
1568.1127779632764
1356.2444665600915
1535.5619070541986
1518.8646190366353
1541.9568173263624
1085.0453315922339
1142.9033670795668
1367.3727277520056
1576.0100093251833
1121.0786907281313
1546.4084377888635
1144.3952067567386
1123.6792772454178
1177.1573826590438
1185.8428994302262
1506.4431530847073
1152.6416907212956
1086.630585063884
1050.9130220670843
1495.3125657730457
1094.16309304043
1482.4305309747679
1330.619516188292
1715.632395955471
1442.7244932574006
1709.2730222532039
1208.4482710930229
1707.919248375776
1421.9338572971658
1364.5147803655377
1346.9379748175315
1220.574962258695
1434.0009305599915
1278.8767389662169
1391.567245389755
1597.1982061915246
1512.7806606096547
1455.1350334829658
1819.4584817037012
1509.658701495508
1520.0419972697598
1075.9885180943718
1271.1574116778581
1299.1440870568456
1055.173133256032
1433.1480210768
1095.5095976885118
1032.7638145362569
1012.6067643401076
1693.8706367055588
1296.5441790986029
1279.035874943448
1719.3988542871866
1518.2231438565573
1593.9687624266355
1445.7028821825188
1347.7749655579128
1305.133393355814
1199.2158379509358
1009.91637857647
1133.3469698523945
1503.9367066924005
1527.3094793696905
1713.539919104518
1324.2981614090559
1396.060094954311
1322.7191900152889
1777.151215373493
1115.0490444778106
1328.8263602237303
1298.4554496557016
1145.6790833101952
1436.0955019823668
1767.7350695442037
1103.2436522278406
1510.0061159686124
1787.1951042580677
1353.2709867867443
1377.9691613050354
1233.2474137272204
1584.2248497156152
1657.0982168582523
1757.0634376043429
1226.4309480824845
1871.6772223677604
1107.035708199199
1450.017447309488
1760.8298959360586
1139.653325923817
1454.9648522113653
1670.1259286898603
1597.1982061915246
1426.4437336078922
1071.8630931630362
1724.3085297012349
1588.5013492797507
1370.0610696721224
1389.126660709313
1505.7098001940394
1247.7600556448751
1165.961613675644
1710.1919561429931
1420.5931599710814
1156.9700935198198
1720.2358450275678
1204.0453946021937
1291.4371176446546
1480.6472455934359
1686.9654630974135
1331.0351507502878
1217.333963800968
1446.771270700787
1368.9224684197427
1308.854896130185
1369.8003278486192
1404.5920467080068
1657.0430441287838
1577.57867499042
1048.2532845470503
1070.9333304997708
1424.4750141680943
1134.287320200619
1730.5922439683613
1438.5884608892782
1833.648090349227
1109.93390961072
1255.4897887538361
1317.6817154713733
1760.4874906331752
1211.1629155466137
1718.3735523886435
1081.0023536277704
1248.4603743326654
1316.4164208755626
1114.4286504227262
1698.5453012060163
1431.250079183084
1561.9150413529824
1186.0036185136794
1271.8078386961909
1422.2629606789149
1207.4175852244978
1404.9684473290474
1502.4349564605427
1446.5398729229
1749.0809653674646
1723.1653126189024
1395.2884941155219
1091.5873439480215
1710.1919561429931
1249.4959868991332
1147.5723386003538
1346.831446763564
1255.228833808083
1430.8402550113053
1126.9847367709076
1413.588675449893
1565.6592262494682
1103.6928538237357
1561.4851488854956
1458.466990973333
1790.7523149046883
1170.3656235478845
1041.4110159915092
1021.2100319552276
1084.959873078201
1369.3761831273525
1263.35120367653
1470.1848613386703
1492.1558682736782
1346.0289308202205
1728.2955390800503
1323.6065182416037
1617.2859839606745
1524.7020095885641
1410.0208389442637
1633.6073033981088
1084.6264173077589
1068.863740114375
1236.2639316250495
1125.530560651722
1163.6202465117553
1242.5231475884536
1348.4163996238447
1300.9535880471335
1125.8369737457842
1517.7837874550112
1543.5470159502297
1480.7398131728773
1115.7918247092907
1034.7424806807664
1521.2674524625634
1440.132071253741
1403.7707904126962
1046.5518883173177
1487.663582034288
1765.6425926932507
1490.629213311458
1514.3741307740816
1675.1997228820392
1487.7616668866765
1785.1026274071146
1093.560712660449
1410.4255473708008
1704.7480704590776
1506.296496551358
1637.1645140447292
1795.899508172498
1489.1700018922204
1385.9208570922885
1515.2032100072877
1270.5009033570402
1282.2070675581767
1517.2807118998587
1697.6370950372743
1349.0766958781692
1095.6169853835067
1144.8893092006451
1507.175928669426
1159.749121382414
1207.830767665184
1498.851794196728
1297.554703761268
1010.8804709380713
1081.4362670271119
1178.7702693369179
1414.737569406756
1081.2592133349626
1036.140181236286
1160.3440080985392
1139.7271851568194
1001.2395473220588
1098.070139660569
1716.4693866958523
1520.9180251759294
1093.5623457748743
1449.887835884425
1534.9592731184903
1184.3263806289087
1264.0125503708682
1656.465569560347
1366.2250888435785
1747.7361331997947
1201.6224051958816
1526.0539932591187
1434.5900287725344
1025.5180004095043
1215.0588039124414
1520.0456791335882
1704.6195583309054
1080.5137754114423
1519.8419526078515
1406.3643173846
1067.5919477645443
1315.8928753848122
1372.839445026627
1027.9586784864364
1412.1648103427208
1360.8382331485116
1283.0324239913914
1389.6245025769751
1353.2199009261253
1689.0579399483665
1074.4357179034098
1539.864340475409
1360.7082707190968
1194.137336020438
1359.3019791479778
1582.9693636050433
1387.1364168213886
1727.7687616909993
1229.9386847066507
1516.218125998984
1262.3835081056804
1493.646758029982
1037.2798985025017
1252.973503603188
1407.6302554274944
1536.1506027518524
1236.7917885027357
1411.49292910386
1525.8774405248196
1083.4628530186226
1090.164349601645
1703.940868098538
1613.5057014575714
1135.2107863912172
1124.2301871663326
1643.2326969124933
1670.809911306613
1773.3847570417772
1746.6010533495773
1286.5781914052332
1580.4910863346959
1592.3885731569944
1325.3323339576707
1107.9783444993402
1774.8494908374446
1101.9483883492096
1112.5233513468888
1362.003808144394
1406.735092526807
1439.6588955380812
1445.912129867614
1391.98583578955
1041.0595452704506
1199.9176978920414
1313.668818948032
1004.6827343277776
1341.8396059277582
1429.3496851680582
1167.2088656232831
1141.721577155384
1258.9704424058725
1307.0549035403599
1382.1324399040093
1446.0406984338667
1279.6585924973683
1124.26393144832
1239.0949056771105
1285.3816789348884
1417.0349020387498
1443.720724529498
1468.7728481511617
1260.3196597506042
1823.3949537795568
1699.9388195733227
1716.887882066043
1116.9102266430639
1557.182184994717
1088.0985883546307
1240.8747370610754
1190.1407558500462
1359.853102207899
1511.4066553024468
1346.246885295078
1685.9192246719367
1369.3274771227298
1391.8918974146877
1067.7042511305774
1388.1160392846182
1324.7577201974286
1598.4536923020964
1519.290429656609
1663.1112269965479
1185.794370828584
1689.6856830036527
1712.7029283641368
1796.6157456430915
1168.3816602240656
1125.3320070081627
1580.8563356421612
1247.3862100587935
1365.7571754047199
1075.246611883552
1240.5359356334504
1391.5804780083545
1423.9411229326063
1070.6214254965084
1396.5296761851205
1510.6060376948262
1361.1668174040128
1086.888262144846
1127.311686278869
1397.628226531871
1121.904230070162
1304.3965309022458
1339.9036561537414
1163.5303353970658
1522.3918445842373
1679.9036155468743
1100.1764591976705
1253.5562911011293
1387.9505210962127
1082.9119430977075
1555.1586297709596
1250.5924938114588
1498.4342754289637
1156.4081490530111
1063.3115244388628
1604.9403705400512
1060.4623638204214
1017.7678721784823
1429.140028796078
1563.171140493882
1057.1619631758315
1163.3897471086425
1284.002237969382
1577.4733456489798
1073.6101785613794
1723.8896154167596
1363.4805562708293
1469.520540807181
1548.4146444793578
1479.8872923308681
1485.4599423506281
1564.702187316222
1481.3620389552166
1284.6929188049505
1701.538592334596
1027.792745078688
1567.4323142998314
1374.2281660851618
1717.6345681111584
1177.7449033386333
1192.8740320545166
1144.4505995483757
1134.1433948398544
1561.3766460872203
1212.0373150893479
1728.262046761136
1093.3297804820136
1479.5395498059033
1522.7893191332882
1599.9184260977636
1514.1268752086858
1676.7123265277432
1571.6238069918968
1718.9803589169962
1296.9185705806217
1466.9039230262774
1788.2413426835444
1011.952351709698
1353.7452366834175
1304.7909137462243
1507.1403729104352
1189.2412123361082
1517.321171901469
1456.1652664372843
1191.9942349786954
1202.389510478936
1323.0477742707903
1368.5493372937817
1231.1782320287095
1507.6716658608725
1163.6202465117553
1097.614453783848
1191.887265983833
1358.2381671864482
1273.5664183621384
1719.9166605704208
1646.8973922098558
1386.5217517464212
1431.4400430530443
1060.138888150982
1601.6181193320394
1424.0387990981098
1358.8242241794692
1355.8236450701531
1604.8672155876448
1226.9748874169804
1468.9293752280983
1126.847009290679
1853.3173727481865
1668.7609144941212
1336.340315203847
1718.8887999898516
1303.0666637786126
1725.3979858108169
1687.1747107825088
1397.1783231050513
1294.122959988328
1426.0415591549645
1151.856432622279
1209.7651960112476
1083.2957000826773
1101.9183353692752
1273.8034690037684
1323.652653724121
1484.8681637412178
1612.2942823478734
1401.8887873074932
1286.4739762495703
1374.140173879922
1400.637107835024
1201.770758535119
1463.409278626408
1174.8922394856104
1142.0703914116903
1201.3069320574732
1492.3884858262006
1424.8177485280044
1542.248211075333
1591.7221586648661
1093.4835498429425
1163.0288438615516
1616.8674885904838
1229.1112513601654
1504.8752787226695
1681.4770064546003
1180.4785805160163
1441.768862227973
1566.621888206972
1190.622393343962
1400.8445923164413
1122.5627058116113
1460.6984213651695
1513.1708211740138
1279.7245123445919
1336.6668560249234
1468.9015845199217
1749.9490163111022
1591.6305211651372
1721.5706163938207
1722.6514956259311
1555.0665267567497
1340.5571464827794
1611.8455441481965
1328.7481389420977
1695.5446181863213
1506.525949128124
1320.7269292310493
1277.401443634834
1257.4126605475342
1570.9859015833488
1590.5031425528914
1297.319300115536
1057.3802516775575
1243.7766176740315
1564.702187316222
1682.5712617104118
1602.4400241779163
1383.980945382676
1758.9466667702009
1728.8150001164759
1126.582286341668
1060.7515758605257
1442.8847817673338
1432.3110303364188
1576.6653684046623
1386.9905470409135
1555.3874944265326
1542.1775082442364
1782.227509863857
1428.9373201011417
1060.2768199746533
1678.8048033786963
1251.6780347686968
1580.2491436988043
1656.2349584740314
1468.8242777823675
1256.425090124675
1461.471180082086
1326.6409493632864
1589.6652895280934
1495.4060730056997
1684.035995506079
1378.3476053605007
1386.381163457998
1065.6537730000423
1045.7939784891746
1357.8051677273497
1384.184062764497
1777.5106438295725
1583.362520388367
1513.2387986076856
1324.0510674365723
1448.8662512191434
1324.1687178825414
1667.5054283835493
1188.548920433159
1689.6856830036527
1337.8648320110055
1466.1049401661967
1249.9753766151816
1762.7466374264823
1077.8160263292439
1610.1887038364428
1356.4387188320056
1118.3079055164965
1107.2868462900017
1475.7855064100495
1364.8114870440127
1720.4524490765925
1069.7943201514104
1227.801252298353
1449.919673370045
1121.640603470589
1516.9177979460214
1079.9393135169462
1667.7146760686446
1580.8954820073554
1124.036669231104
1493.6361321709733
1266.5741944474983
1480.9872403540373
1188.9105066649684
1105.531033119891
1449.2960572750148
1006.61091905098
1453.498175826089
1438.0720850101416
1416.4441707150509
1112.9667766170617
1213.3402755612192
1509.9599037297173
1100.1278781263013
1535.168730260728
1419.6249807406307
1521.556317742125
1512.4459460508792
1084.289217899995
1674.4968349244195
1496.2995446002042
1112.526825185411
1420.8024076561767
1437.751470148897
1255.6222033045603
1532.9603557745654
1430.8823344767766
1470.8126043939562
1102.208094370706
1356.9651075398235
1448.1837528385738
1404.2580163622592
1676.2938311575526
1274.4849421360675
1287.4401120455964
1348.4771938332744
1514.4095638042782
1559.115127504178
1446.2685048312921
1251.9920420489761
1387.7490384619314
1239.089592747606
1447.3133128526713
1130.346186399636
1050.258468497592
1453.5365923932745
1486.3838299865113
1285.2336115537416
1362.4223035145847
1408.6942413157103
1165.5766936308005
1706.8824097486536
1091.4496164677928
1054.744016926176
1678.3353025787721
1290.4004684289712
1246.2620475785097
1600.4639157119009
1441.122473396068
1641.5445008037723
1449.4693405142343
1359.434187923424
1515.4251979106352
1742.206851962576
1704.8290154731428
1649.2072904836032
1629.9548687072947
1089.015142796702
1095.989058178165
1187.1232670656914
1465.7906599516687
1516.4032611578673
1637.4763421379473
1438.7977085743735
1363.4138736259372
1133.0490111875731
1133.5053360203133
1433.1623251177734
1428.0427045099825
1562.7508125651666
1437.593822347186
1519.1721148034155
1289.105342890989
1452.9194751969974
1038.8391494245075
1282.421413826508
1332.9183799161456
1681.4708822755051
1613.8468838238055
1173.6380288374048
1481.0146444558543
1538.1903589946467
1772.1936548343117
1912.7426385746332
1783.4286459263521
1249.3390066329437
1232.401840562255
1686.3377200421273
1390.1695689708986
1451.5176022715682
1002.6213176800808
1501.0705303901364
1421.0992706093164
1206.2469705752262
1130.9788336975414
1053.6562967818768
1085.9451382022955
1346.238387962458
1571.6142730100614
1638.6361955174407
1282.6776837752532
1478.7631990538082
1501.5074415751446
1116.379720793294
1101.1712557435833
1413.9014148209603
1360.4328157586394
1067.1704001034927
1623.9752005391124
1374.4590560151396
1237.6802693661723
1410.0562469063989
1588.0644629997373
1479.8314690094403
1690.731921429129
1185.0983770635112
1206.175378778563
1204.1035432744238
1551.1755673902196
1315.6554458957823
1156.026522874088
1595.4759996583377
1437.1579242448493
1696.5908566117978
1368.2726562726693
1457.4207525478564
1174.0875350091403
1377.275681843861
1320.9912618657129
1085.6013212297448
1070.51646987712
1278.2793636099157
1301.4590369617893
1274.2861777400315
1696.3126261733744
1047.2405257184614
1146.25140858752
1408.6877076437988
1408.4543421142434
1171.5878016773327
1532.2505038087575
1180.0388334278082
1716.1397011539705
1433.9829683827566
1546.890894088385
1704.123773275229
1203.0229751506113
2000.0
1009.419234913041
1683.8267478209837
1651.811852001401
1132.5304973575144
1380.3062096978263
1338.7302494244
1599.5328300218116
1146.2902878422599
1099.1022783885148
1489.1066554250528
1421.4778409189125
1702.7344440507673
1232.4604871302456
1370.3811872772023
1608.822603619611
1471.8159306965129
1715.632395955471
1124.643369607019
1727.024567778497
1619.9718741685776
1334.140192518335
1541.4831267264242
1276.5582968181318
1308.4960109535677
1313.9691017388197
1092.690594193949
1182.8565514900783
1234.233635726814
1115.7471845471696
1006.2141724504237
1330.2316895165038
1428.3455877195775
1264.70187709874
1384.6630437936606
1231.106711823843
1196.4167088426293
1579.837272240723
1713.5803791061282
1072.857837041009
1423.5226275624157
1551.7158444974943
1315.4625456860852
1115.0915397319259
1428.5445720047032
1502.4862466646043
1417.9526340074078
1114.8978221484588
1396.4954771359385
1469.975613653575
1072.6645281444266
1101.6565714194635
1295.2215103350784
1315.0350592044256
1105.1710742866064
1069.2769225550614
1458.297959059547
1482.884168149085
1429.2765302156517
1073.7275227321863
1515.8253779025454
1702.328003102751
1246.2089182834661
1257.401284272447
1254.1108792040088
1386.2765396154502
1721.2820834530446
1514.927479316139
1542.7623391766024
1558.3128751490176
1056.9388013182327
1595.7520676491229
1092.0019567928052
1816.8885865702318
1207.5892337161777
1112.5531854894905
1093.4797685687909
1316.4160121886775
1031.8150479328413
1448.3499720912064
1380.0027872445555
1448.4231020887578
1736.5571644650022
1724.0023033592838
1701.058786912867
1850.5971528419473
1668.0924089027776
1211.270260125099
1030.7132280910114
1206.178037902439
1525.6846268701865
1240.8800499905797
1528.9702489547517
1358.4022666066967
1404.7000398697533
1501.597761376719
1139.1709623063998
1107.4572915846286
1175.625931854422
1351.9096160692884
1263.4346617972988
1494.7563429226263
1165.410703754729
1499.946257674629
1406.4164249624314
1527.6950754456425
1678.0978658870374
1031.571577732557
1231.0807873571757
1192.1298349191065
1092.072659623902
1508.8524039992883
1173.5366250882253
1751.9981723522505
1145.7156740820178
1574.7561301436244
1761.1549865118827
1715.632395955471
1775.6864815778258
1115.0961843093517
1451.432017430658
1523.9737353702963
1379.556092479303
1097.8251318730406
1325.3785155756702
1522.2417619962885
1610.5900580376247
1068.4160236319105
1583.0949272407533
1493.496553963822
1593.7431672661423
1553.606028295028
1701.4035533689898
1326.758873734366
1518.8578345888877
1170.7632758869424
1286.6746415100818
1477.0332274698071
1068.3816250009017
1639.852856373942
1608.2136358482257
1276.4999728223222
1486.087685405914
1709.1000103073454
1698.055590407465
1041.9682605591408
1193.3693822411653
1487.7275415317831
1423.1091591636387
1501.0268445792572
1014.3384095357665
1397.575914610597
1366.7034144086172
1090.070093887638
1248.735829293123
1742.928244331471
1367.2979380520594
1209.9597184937138
1170.7820754836503
1712.7029283641368
1096.6131709157162
1766.0610880634413
1312.3311867735847
1573.5793655544717
1380.8025874784062
1331.1839127764104
1238.7831921307668
1486.0737352329643
1359.5954163313731
1174.1071630252095
1569.996007129134
1533.693985886407
1750.7925460416427
1345.4732410218644
1121.4368123076872
1264.5744895194293
1657.3941061629575
1387.1699291459547
1257.590848029373
1648.485044211242
1206.9701236614974
1396.7768781589427
1072.9293572458755
1307.8736389194155
1798.950601579766
1165.4577027464984
1355.7525335521716
1181.1063235713023
1410.967766456697
1725.3558154124225
1472.9599590161756
1520.2436918157591
1502.0616209911393
1192.3111159847533
1155.2009835320575
1059.0303045207513
1216.798992668566
1006.3422194924557
1158.6725765218127
1462.3495163803748
1614.971901453234
1686.0697324973798
1433.7876160517496
1062.7322075132147
1730.279733912143
1176.1984027699164
1448.1491059645682
1647.5670185259737
1668.7609144941212
1444.0029799095967
1007.0241014916662
1298.8052856292204
1246.6037098143295
1785.5211227773052
1718.2729219191447
1423.517192557608
1495.3444433500717
1194.8757386892205
1206.2879746744911
1319.6915346853575
1424.1503706177016
1441.3589492823662
1439.0069562594688
1457.4207525478564
1263.610397157828
1080.0010707596387
1617.7044793308653
1325.0536095021334
1671.271886715265
1829.0446412771303
1446.7728244473226
1077.9320934045702
1270.0460809895715
1688.8486922632712
1548.3645302216933
1540.4113678709173
1181.6182424770325
1205.8292236461327
1489.3679806194248
1085.498843299552
1216.553780537595
1178.4339200306024
1125.0687975479452
1424.359618302797
1220.6348762246298
1148.6192561251587
1383.556319709211
1626.911377475059
1211.432933869149
1189.876902126188
1048.8642387123748
1686.7562154123182
1682.5712617104118
1895.0991471089671
1295.537425297146
1041.9318874263802
1702.9439011930049
1318.126775489086
1008.1259213334963
1783.4286459263521
1525.1099747317553
1422.3646044783413
1502.7950992233393
1181.624710770829
1193.9198834751953
1366.4572691297135
1454.7005326416172
1287.8511110122959
1072.8930371893334
1491.284547834961
1413.8972340480314
1459.8700130493723
1393.4156274689717
1236.3790188317205
1207.6256240309694
1737.8126505755743
1268.634793721425
1398.8314007211688
1686.9654630974135
1395.0419021038072
1202.2137751184068
1144.2006717995014
1323.7114817719519
1314.5699735293506
1479.5164089827742
1391.900044970244
1548.14168029978
1089.4330159502967
1076.3738164477315
1582.2691837594198
1695.619777378406
1556.9826524147184
1516.904311278818
1559.262028961779
1497.5709694992893
1729.2334954866665
1691.987407539701
1078.968932031693
1393.4547160627433
1705.5103266171243
1484.0695895680221
1147.230676364534
1380.0371540962444
1746.1825579793867
1107.2181868933299
1201.041484756007
1796.154374968619
1037.5616272927155
1334.1738660267174
1366.9157352227212
1262.0528024345406
1339.3711371426493
1663.7389700518338
1336.349306315316
1258.068194310997
1745.3455672390055
1209.2848756018425
1516.8470951149247
1176.7437866223208
1280.00493045749
1231.106711823843
1311.9936114066145
1347.801911157082
1430.2185534854657
1526.4724886293093
1548.4990769806705
1726.2750540815787
1580.048556419507
1166.5417510498207
1529.8204515908342
1381.506346294293
1199.5166460211676
1366.6072572164908
1393.9459576984552
1198.404209098319
1165.5766936308005
1022.0363968366
1067.9680289641788
1776.523472318207
1490.9240860024333
1547.815752509031
1349.2768898601107
