765.7360739885656
1028.5509445805023
732.967769726192
620.3617614568216
945.9789501733037
1207.7238960447694
615.4844921718071
714.5002311124334
1279.9200168593036
1061.6885840227092
1012.8679152595918
1175.390224454924
1470.4987328663133
901.6023720520626
1415.885087056437
1240.4541982564601
762.4137184770175
1042.0174019928972
1207.3487214843835
1129.6317453822928
648.4815975776027
890.8488750972651
1396.1111808149299
1555.443468198627
1294.2114033414277
1592.280885591785
735.1008087504766
609.3940358688131
711.3135681068228
1232.8979864405867
1640.9309723764447
709.6747377809522
1034.6580782480085
1337.0328884107557
1394.888798342039
606.0331114905118
1170.5072967588492
1144.0245277520871
1775.8957292629211
1341.2468056011355
1168.8681948014212
1203.7079343697906
1145.3278302281985
759.2187342430614
638.8293000705802
736.6079588146963
782.9113551040542
1494.092194825093
1369.5044385439141
1170.0329548732054
1271.6143457064172
658.1992193263123
1030.7328450614891
868.5484395326516
666.4052432892591
651.8638574075111
1071.881892759744
793.3396207540101
1587.091165978565
622.8304345853728
667.1335233182433
919.6027073054008
778.484965022533
1232.8323921955516
630.9671861213203
1523.8568925656177
1550.222100887627
999.2110367186842
575.4057954252407
872.6905614989981
1188.1661293238003
746.2567346490054
1345.4823524075518
1043.633455271877
1415.5264643148917
1193.6361526053176
791.2060040306568
587.5946774254851
1161.0553386673894
1530.44819464612
1109.6246374436473
539.8721055262232
1299.6333294404985
802.3531648641534
1232.7790585570656
1134.0353673187456
1313.2662623663546
1511.7452523866295
1203.0043102858435
1619.27383696908
1291.5426131684635
514.2399344955192
796.7109696872851
946.3320556419021
772.4852372079984
1164.451378045857
1127.3028995108425
1151.2797416771937
618.1701780362678
601.3879216468166
1483.681337027318
885.0860347195857
1593.8502432299997
800.1770431585611
860.8039034501755
1608.7483230430869
620.0016061394579
852.1329422214271
821.9851349828901
1464.84904536874
734.067852648761
1591.816192680729
602.4156051365403
1614.3923664972062
835.0909593965494
999.6638550371272
764.2093277877248
1545.8278995006256
977.1901632336287
1127.0717870774024
577.4185574697333
1594.4779862852856
1307.0899818175203
1136.0581986471648
835.741191889743
1634.8473944087264
969.1686613992376
716.3010076992523
1083.6556956610364
1364.9980526069933
781.615710904706
1533.9007814501927
801.8457117098192
1363.8358299481265
658.118948486076
976.1823413753377
1131.203611484265
1159.1061945315823
563.9012080677545
1052.1858413698205
1533.273038394907
1035.9904017884592
1725.3328798553478
645.3963874531491
763.4388977816332
1402.9081545702843
1229.5757449797668
1501.2581425753242
1044.1935943981216
1522.601406455046
690.4771051563616
668.7902377781165
966.3677258332207
988.0677733635055
1583.9772434388967
1295.1903533697923
1557.122105688616
777.4520089208173
620.6492726803851
1537.9811113095514
1397.680538453145
1519.2270518935989
758.2469948231633
1057.383112485752
1589.4125811223678
1679.298866219578
1169.0610476508
641.2446395606453
1001.5746705677193
1378.212534345024
1362.1341952154369
1105.1522746898986
849.6152921953978
779.5179211242486
652.4848571291953
1146.1428540485135
1634.9674133512283
1087.9897772066965
1298.3757557131362
1698.425902369649
1122.1063541101337
1682.3620140253165
1061.3422491277424
606.3999957496565
684.0844249019458
1584.7479689283537
1108.2909899663282
1310.6170518063757
1543.4296660676093
678.5277753207685
590.0737720696027
1653.1719619545206
1275.2706426723873
970.5032284220478
1284.970928058439
1223.6457964621518
1231.328628802372
770.9826698669956
1393.8945662431388
1546.1641120336078
1606.7189758633613
1143.9147953234778
603.2956101715627
708.6369025457515
604.4309423379588
1069.3759472648017
1518.4947162916078
781.0462057305258
521.5076143036497
1111.6694001007822
1252.3966420650786
868.781267100992
1187.4469385893208
1117.23939365579
692.6227113023584
514.1288523695616
961.8480962321091
591.5199106120045
1270.6403566309382
907.7117580442862
547.722571899262
1288.8161607872291
1417.7450664795065
1332.7606267785543
858.2291760749794
1002.4298478744809
854.30394288846
655.5392807356037
944.8162686479044
744.2598143851709
548.0011941830778
807.6143270909135
709.171636468283
631.694853119977
630.332393217269
1604.685565926519
804.9678751674085
618.6069621445599
827.0339018031674
1246.1510890892455
1394.5418231767148
1560.3236146229804
979.5373020280362
1462.3167512056584
1213.6782596150742
1332.3183253973152
1503.141371741182
1576.4518521667376
1249.9193865119432
1548.1246121160727
1082.1740589269273
719.351753123696
1016.3352147915227
1369.7559083610847
736.9760685220779
993.1222084131466
886.1189908213013
1271.6647982864577
895.151992695948
774.2848272351175
670.8157835606432
830.9671043839434
869.1042673299942
1245.161658140777
683.6372606990553
1077.7942836960492
970.7631906383695
816.4977495656681
1497.8355942572955
1272.1386707295592
860.6878079994862
1518.2072050680445
687.0172116935214
1667.6100522260972
745.1109809670431
1275.7138635991173
1131.5174830119079
1262.6721872101973
1532.3314238119779
1167.4777364720521
554.210271854429
761.3378937340535
1536.9061347096062
1754.8663369108422
1049.1599236736374
609.3833436645309
1095.1653172384142
1340.1411952804942
1063.2343531866636
964.830245772032
812.5645469848921
1692.0291942395775
640.3435186623116
1282.3344766131872
1078.9253797279182
1287.6649620976332
1041.750226106019
689.8734295125018
876.8984016664617
1389.34776970448
1624.9235244666536
951.0867188614311
1371.7285187082616
960.1779586171834
1148.1526739769852
613.9827771415578
1038.9529687219667
1694.2315624529285
1664.7852084773103
1614.8796355820784
1533.273038394907
1332.7379446564396
825.1984890028491
1557.243523209714
1146.8132027115557
1556.1856599128434
1399.5637676190026
745.0846206629637
993.1727800401175
925.116621752434
1231.5556672534858
798.5972058250786
1248.1431311382216
685.5189158681266
1463.593559258168
879.094889329635
1527.5368088977036
679.3006387531782
1485.6473252873784
1320.3363411325777
1537.6672397819084
773.9871921310917
926.0033569540731
1394.0338634246461
1109.5464760769
979.6465757556314
1136.2255559265523
1095.1893058085443
1142.309128985119
973.4143477686737
1414.8079927711465
658.6780860374661
519.6261659325969
795.8643748051074
1191.382237377903
1338.8930434426684
1242.537581824223
1402.427178998059
788.1947523786598
1023.615043817254
1334.2784898692653
1658.2904822514674
854.5685282475808
688.4287356639485
656.2590352948694
1155.0578475851305
748.1865541197477
665.0663850541571
1169.80980938435
895.2263408425814
1169.402757246938
1082.8673962272478
562.8978311395703
1324.2346009846901
677.1050746241817
1175.026170964232
883.4333049568406
869.9055647214943
1183.8059047898512
1187.7004864599992
727.5707940093862
1412.4325002523642
972.5525888066384
757.6071322994421
1196.6255949970187
1204.2808112107718
1115.8239066297597
1085.066336011731
687.7223116053193
959.2603596047193
1420.770325735708
1581.9231251795668
1465.7658888720646
1537.4402189125217
1044.7638831956538
1255.1057887658535
974.9648631450663
1349.9328323104583
1267.1099829536702
1009.1895013376046
989.8700825261427
1370.4442660913828
902.894706255829
1450.4109550971634
911.4292666100473
1312.9352259895434
1594.951772377462
1059.2591675399403
1560.893732827488
852.5924689883329
807.3153622026239
1005.0002840373852
1253.303313919344
770.7178707740243
1001.2607990400763
1273.8238910996579
620.2624505437783
1016.0262475064992
1351.952154209005
538.2770006142564
1107.452670993571
771.808209209026
1065.9538894935185
609.2867555615132
579.9508022727895
836.3732451802841
1022.624599435767
623.748140985532
924.5486359870872
970.2869281267891
1322.2295413993268
603.2428895634039
1171.6654521854737
649.985225969109
729.8661427845717
1374.64239086113
1699.8838370734854
1392.9724655385003
1272.5025953550175
1029.440175385123
1053.3837026296142
682.4609052058834
1208.3602215246392
643.42547807526
1062.5964810064356
1188.642101042928
654.0341550528071
1143.7584725899837
960.8053951573057
1617.390607803222
1278.9356444849136
1750.4721355238407
1085.0644969207488
698.1209803090571
617.0410172051459
669.4501649255924
1261.6576912215282
633.5227141950531
675.8392606979837
1281.1947668835742
1438.1727875408146
1078.7870663678896
1052.8240059406726
1638.420000155301
869.3133774251992
904.7122006521824
1090.1234412034576
1029.8298513891882
1493.097482856607
1250.3515637065111
1674.4347942916231
873.1037439396844
1527.9059578782776
1051.8731959028323
1400.8192537295745
1264.1030691976373
1101.9528694110536
598.8499142370572
791.6760319475472
1265.9090565422393
1358.1327259701309
847.0526294530192
620.3570670804404
957.1863706193365
769.4584383190725
1049.6859036945702
531.9664664237159
821.4449043080094
641.572610785819
642.4896710188764
1658.2904822514674
1282.5644775081216
789.5933243086188
796.7557767427886
1585.8344231251397
865.102116291293
984.8965674797221
720.9695401577777
1715.0046529001854
715.0785368616296
693.9771616171297
732.8014752980862
1054.2401059970305
620.7724917761982
568.7213127349694
691.9410909200276
836.6364088519945
770.0582501417122
670.1097855579046
1153.679755409073
918.5538124151719
955.1829875093028
1384.4979342921401
1082.1476986228479
572.1003358997507
1389.4524453984104
708.2098341413848
1485.2506946655328
776.7038779777142
1554.4158517895073
1379.4759898498523
578.7906653897816
1613.138134618513
1351.1484714497474
928.0570085509557
812.6792241566231
896.6710346911348
1270.6569764281667
1180.7416944390397
590.693545730632
1482.4258509167462
635.1051408314571
1617.390607803222
1314.1435087649033
1675.1429688895282
1743.5669619156952
1375.7095315181368
1064.3802406430116
589.040815967887
801.5622271340108
740.516012147809
555.9198477537525
1321.7236287635465
1228.2910813256428
1389.7090962710956
1215.549841204711
954.5999956679191
818.0559726340218
1133.211898836918
616.7240394938658
1088.9425267720562
1531.9927616073576
1160.1981068806117
776.623191918135
954.4428657676203
703.8062235656214
807.3862798091105
1287.8728427286355
1405.5866429932632
1369.7531987643279
1088.4999164210774
899.8612916712474
1105.6561856190442
1280.0685187003821
767.3127938203273
572.1837080242809
693.3819717161313
856.5204040492583
660.3469710784552
709.5907777352289
1271.5906216168391
568.2771722627481
681.9930016776916
1309.7965107131135
1254.682681247574
1154.2388390676872
1313.3695579765258
661.3030747160149
1577.409382878717
1180.3048885899116
720.8609040041231
653.4972767149421
1568.284426454956
1394.8425145523183
776.9395155670877
664.653202613471
1517.5794620127585
643.2643965327677
1388.5828597354916
679.1204118256003
699.5735167813598
915.1593189615783
1250.8861353382968
824.7613983793931
637.3810159220324
1004.6122358401233
1158.6048410596272
1150.4573226044124
806.0680919032906
1519.4626911786163
641.4653304785193
1352.567023627415
1101.301756952405
1203.3523767798824
871.6400834673129
1007.1495683653466
1030.6178550251261
1590.397656425927
1357.4214095150921
516.1141151867638
1575.6456946267074
1107.6632469110423
1279.403750707188
589.6605896289165
857.3035002805636
888.4556636088088
1308.72738582208
1409.5642463319464
564.249869526712
1242.1990564950056
1189.8050195740584
652.9225825238145
797.5670140729783
875.8887407171883
1649.4055036228049
677.4618582747447
875.1065140193905
1278.1690500604655
743.2124260429996
1271.5889919727817
1579.874990855631
844.9080270599761
839.6200274555849
1553.4920046541263
1551.4775869981988
1198.2271367274234
1004.5104728057704
1869.1139578619498
1047.2172305660192
1151.2080171288849
1493.097482856607
638.1089894358527
1294.730677386251
1274.2122458120834
746.2567346490054
580.7449830619721
1251.540266868886
587.0189902155134
1109.2326045492573
757.3817025159991
1552.105330053485
659.1353166362944
1304.2259041277784
1619.901580024366
1190.211458681143
1302.4389096777354
534.0875513566157
637.6415538111892
973.9030946179616
776.7596080074802
1334.9062329245512
1545.2001564453396
1373.4037756391294
634.7523418780225
1264.9717331716024
865.6649265110474
646.1198443848868
1174.8317538266376
863.385987189301
734.8298493457536
1139.1080245261173
727.7846489334187
770.411968640638
547.3573665988356
756.7070626406648
1079.995424621458
1004.5239594729737
1569.054392546205
1514.4407467363287
878.2231602040329
558.8784977977907
660.8272803399948
1020.4069622262973
987.998500936506
1626.3075693447913
985.486942019005
770.602621072468
811.7888267541232
796.3421807060656
809.2670568536587
1252.2611623627172
789.6408909210618
1580.981510596638
1481.484236333817
1424.8475904434295
1459.779284560913
1238.0333414934482
1072.4317809634467
1327.8490277952037
1353.1259017152986
1454.177413428879
1230.0731426917998
607.5258801449623
1245.504342093809
1319.2567947259777
802.6561378026786
1151.0013958399873
1470.1140560296435
786.1288401752286
1298.130543582165
1043.005712216591
1543.316927279482
1395.797309287287
1330.935961912548
1519.776562706259
1510.6742884046132
1409.6076565035776
1052.3905934991813
1396.0737859649566
821.113146899532
1130.8897399566222
1382.0966944996057
933.428380279877
558.0291442791397
812.6724066395343
747.7028731914073
933.2653142127813
1216.2627954755092
1087.3508680846328
784.2784081318882
1338.13567668944
1102.6364325901977
765.0565357002298
1083.207015028643
1550.5359724152702
1006.4120371514214
1402.4042436411387
1275.499939333316
1619.587708496723
620.6492726803851
1548.231634896141
716.6758993225637
1157.2549482786312
1653.3987831756688
1499.1191662387942
974.624631313344
1069.3709205386003
1104.1877245498947
1264.9398555945759
775.3860967173861
1578.1566668478513
1055.9210351548372
810.2950003147848
1261.5074987913085
1158.5104343892033
539.712717641092
1246.3564542489337
718.5186249652928
852.7505240387583
610.5912840982794
503.9319765201211
897.0528156481098
934.7291332602309
1349.3443231961278
638.0029351892077
1087.3707170125317
930.2774043968989
821.5472803726898
914.7499592334833
858.1747881961503
1116.9699668268856
1271.5810305399582
1054.8488451121661
1268.518726646099
1360.0276027122095
1102.8331809612398
887.1022914664952
838.4856148346801
515.241543986536
921.7862931604743
1618.3322223861512
1370.7366295020438
1595.4196008682145
1568.6007501039087
949.5277827387825
909.6703899404176
1050.0551216129256
1555.9113021478067
620.9774611355249
1403.6600362668742
1245.7667190739485
676.2269212347087
629.7392863754827
1543.316927279482
949.6178981969144
1108.3098034445088
1123.1422626785911
787.4676984103306
1590.71152795357
1276.6756811825167
783.5562219673127
1671.6071228714163
682.8148390938431
1107.0355038557564
1694.923618464637
1619.311231819053
688.295840977583
616.1042658328364
647.2179096966529
1266.9101350669287
640.2196528531862
990.1383106015492
1055.5434084731419
1574.7040800437787
772.4273637155488
771.7332165210487
1626.1888190624643
962.5126726531344
1040.565851513429
558.4062892941492
1552.8449232227258
698.208950161043
1671.578810565864
1288.52694030528
1143.939052584456
642.5534593097034
669.6567561459356
1295.431371050501
601.8914642065896
1102.2894230608115
1418.4414235218103
1371.3432230110334
1503.141371741182
760.0716795927517
1127.1490288986583
1200.355884539416
700.0204547785918
576.6453427472995
590.9917484731093
1029.1953650003004
1081.8805389015956
1572.8208508779207
1134.6637387454582
611.6535768551147
600.1394235308013
1030.5474269655317
1307.5990418332303
640.2253247644138
673.6877370639362
1091.4418514169788
1403.5230239886941
775.0346210871758
1141.8317182708786
671.2049642378541
703.3784940809492
1091.9696705288939
1177.2764034073525
1172.5249581368093
720.9827123324458
994.9833684872169
826.0009457014519
1540.591680401829
1549.5943578323413
1193.7306528564473
1549.908229359984
1278.296928554953
630.0684778020012
760.7132158304048
1664.4713369496674
1231.5913122976744
1143.4059801517128
1162.6532933419594
1537.6672397819084
714.3550506193501
582.7596998840482
616.0484800730405
710.3214510934034
887.9138159820634
1264.4880522432618
1186.1311288217844
1039.187146307044
639.4499932771007
1034.3666998401372
1815.1836168871055
1233.136455237956
1199.4590211703894
1407.7582769004148
1347.0532809743333
1174.2040107713515
1261.0694895409886
1150.9744525741348
1249.5986409445327
1298.708694259974
1562.14921893806
970.4888274149054
1061.2102608198832
1027.2244724976206
1027.7921385808186
590.208332226473
1174.6472316980817
1241.514985690074
1083.6134694768266
935.6007026434567
1073.1986598560138
1355.3934835470648
591.5199106120045
1615.5073786373646
844.2484064276639
1331.3211727776347
1253.3983244154358
1112.6815131713652
613.1309749136396
877.5170521530449
1409.3259822879359
625.999801378174
1096.4423397978062
630.5533906503067
960.3765804432701
1284.5151400099967
1162.2768927209188
1217.3156750628664
1054.8126493764598
1548.1321375223808
757.4126605475342
770.3531177292049
1594.1641147576427
1807.5158335516403
696.261659325969
1313.3723166129994
531.8150479328413
799.876546838062
1677.6539411106721
981.4868927985692
786.1288401752286
1523.8568925656177
1517.5029538681583
968.8117280195457
1073.1913108410997
712.6896460403758
1615.2114009679274
1270.279349746471
1076.225196061182
657.7566114299095
984.4564117046289
1307.805533029606
755.3621158300787
782.7466054909298
1356.478852375023
609.2867555615132
741.9713461451222
627.388199704731
1275.2706426723873
885.5605201930147
993.2395403355953
868.7628761911691
855.1876827541037
1120.845851072047
1303.3428605812978
953.1299489427474
1238.0406978573774
1484.4439467546379
761.2385828210103
867.6214137214988
1025.4411672751335
886.8086431895738
1116.4516496850456
662.8830775430234
814.7631590834944
610.7328941039152
706.2770432189456
1326.7633510853295
1147.1600645795666
731.1503966140253
1404.2350808051842
1249.6331013490346
789.3110480817752
1184.2478996559266
571.9767627313663
705.0365754327688
1012.4841607242937
1327.3790386940664
695.8913890082027
1280.4305189383458
563.4235046453394
1375.094662099727
809.2630681678445
1307.1704725157863
694.8155207835672
682.1552184615309
805.861707067783
1673.3412647957855
1801.9470660572877
739.623682073621
1413.0602433076501
1159.4765701852293
1297.0807291464453
995.3475342747557
1584.8918659850708
1575.3318230990646
1287.6649620976332
1413.5409916314513
1152.4466449054526
1008.7237455633126
1576.0946660110938
1090.1820740941148
1253.7293699969064
664.90086441608
1281.901178693845
1241.1022160190585
628.2482649493281
1263.0748762004278
1034.4177703596567
1599.0280259832148
1101.3245133254404
684.4004420357347
1506.659623359346
1202.2863170404858
1272.589861050546
620.7706631171634
1256.8631810307165
646.0783836924124
1412.5953662715253
578.542896368061
1234.0519709291373
1237.0605640251933
1259.0118523283506
1581.6092536519238
1533.9007814501927
851.5572516085826
726.4444504998831
1380.4041177655781
587.0625861242411
1141.875243424126
1712.137079894382
1273.9949265610103
1069.3341387189548
698.7957460362718
1054.064274691029
1067.5214080407509
773.4874591169248
1170.9699692790068
631.719912498837
1412.3204537723384
1192.790477268631
780.8579086579757
1146.2603825169579
1274.9138590218245
1371.6280699104816
562.1165239872637
1407.7244273377196
1365.4273385766103
826.2075369217949
871.0793150881902
1227.3022456118267
1180.6600362656468
792.6640499807713
672.6373095978889
1140.9146249010469
1284.8445097297813
1175.3732390442037
619.9089702754194
796.2151564039862
1260.763893004139
906.028586017764
1634.0110860404413
1479.9148786956025
798.9517957946896
1210.237013872059
1198.6859899275032
1557.3248160166668
892.9365010926244
674.5695811899409
1399.8776391466454
1574.2095517309558
1680.7926563871017
1213.2515905071846
585.1034232237741
1637.478385572372
624.7605605712789
1078.881285638433
835.2202081580252
1573.448593933207
1194.937690548189
919.7669994331513
533.0545952549
931.1601680683946
807.9122598300435
685.7377713695257
1247.649948239806
863.7847213826806
654.7604257046069
1119.2764934338322
1288.0443556049977
1348.8912937841587
1735.092430669335
996.5527261254318
906.1583391945844
839.8425574644411
504.3384156272056
1197.4305038169314
1001.2102887775025
1106.387024543389
773.2250380426963
1041.2051482574084
1500.5708235058003
607.8406170191114
897.9185985636291
776.7648019237708
1071.2038812176093
1172.268060997335
1156.6272052233453
655.7195282202547
549.6563760671326
631.1254042882443
1221.5219666837813
1333.2314340700186
654.8696313198669
1050.3736028340818
1133.9394929578434
1166.0044698643949
1278.7581722051232
1456.2145132069209
1638.733871682944
509.29660491544064
967.9904171099217
1135.2839413436236
1376.337274573423
688.4666387539661
1188.0575143408628
1407.4105558100766
904.2315848754793
1525.5107661607253
513.4903349742689
748.3650404462007
637.5876071423755
1130.0853410748496
896.0188255563024
1293.3090055517525
978.1992534940088
634.6974756637178
1499.6887849371092
839.6464221237268
1012.7594088916371
1114.2545489915447
1031.0185171940702
1551.163715470556
1249.0273384071602
740.43355956877
1164.8488372691343
811.8468672975039
672.6442764640276
846.8008971862685
1258.6311604950179
1511.3020314598991
1036.5702953414311
1279.459172384537
573.1332920014663
1372.120023562014
980.3781518178046
1426.5567189962978
835.2736424341228
1135.275788836412
1463.5709830843516
1506.9078300728975
1153.174618419273
1348.4888393742026
602.5724375013526
1335.012287171196
634.3559087609526
1385.5232275147628
899.0428961841315
1376.6603415559773
1321.1207400767003
1117.8892443851917
1644.1199561397236
1118.954453077642
643.3743069181289
677.9612887544642
723.7382916316047
785.9335900159429
576.1553851478044
652.8775030539127
1531.332575100897
1378.4289340506061
1401.3613860871224
1535.1562675607647
1317.3429140437484
931.7766665184439
941.894329101653
1407.9684134080358
1116.4151544769816
1226.3287534518718
614.2449448497483
1149.74348767666
1627.4344966877973
919.4878887460526
1622.580522555225
1641.2448439040877
699.5735167813598
1198.0582468722173
1253.652434690814
735.7545544577828
677.9308264752268
811.6484438948199
1004.5723888688406
969.937651296339
1405.806009371966
893.5752621585204
677.4618582747447
974.6240182830165
1269.4761501849441
686.3958971724799
933.6580143364836
646.365894915976
1717.680530279407
1004.713385844149
1660.077135562666
1517.2655904851154
831.5242305182887
825.9142973317583
1360.2018827636466
707.4016464359847
1130.8897399566222
965.4794448887781
1582.3559245907309
910.0516948040776
1186.1311288217844
694.1957471225378
1533.273038394907
843.7837294394737
1654.1135765374495
1686.1284723570323
612.700505271436
846.6600677357643
1535.2505232747715
1501.0766905075575
1591.6531425364988
515.89101317958
1055.9100006089434
569.8278324759764
1274.6048917368007
1040.996198803283
625.5878449981425
1022.6819177713813
1663.5297223667385
1415.8599521993683
639.9282993196583
662.3370648078222
1259.2662599142332
843.6668770402481
651.7568836153749
935.975521290339
804.5987603412402
601.74587991493
1289.7087329439637
716.3010076992523
1011.6109404487453
1400.8593891496926
987.1288344344232
999.3775698742185
1132.061513438306
1306.9361112053361
1231.9563718576578
1258.2118477510576
564.8686177886651
1522.2063234132577
790.8798252127931
917.3095182418965
971.8549602940258
831.4479149095419
1140.9336288411969
700.25800403047
1149.7220316152002
727.8701160384672
1623.6680383560815
1019.1514761157255
1598.558316144644
1477.7177780021016
811.3838505742664
749.653535693282
636.3502054264627
1284.7070185024813
1529.10459874607
1177.2487894286396
1238.1228028892526
624.0573402279769
1140.4750821562811
794.0784480955745
1342.6546809873448
525.6435746708795
846.6211810357636
1100.1303302476113
1084.280124616805
996.0434065383224
1214.3795663096516
1429.9578112528666
534.9494854971464
1635.5951564065144
1562.9633477096002
712.5823657330759
1698.6422604308134
639.3824847696972
675.3653399645959
1696.1723612416072
927.0393782074258
601.5563766958661
1287.3596007292608
1221.9036612273499
1554.101666076151
719.4354317633899
1392.7625026513563
1238.233802410517
627.5679973883509
1240.360577930632
1494.6668404948218
797.6063136474783
1110.1026387902102
1364.015013987775
573.2963580685621
884.6449345464206
1378.8001239138634
650.4539259305468
1534.5285245054788
683.5378503756888
1075.6483510914595
1259.263194762596
1203.1592722267428
974.7004253786617
1167.8858176824347
1409.404743465199
724.6854566574581
602.262654069847
666.4132126835157
1536.3970409434783
1116.7655212126883
988.2746683431317
757.6709512724676
691.0968788173909
1170.3459004249692
1641.9854678284562
791.792624302113
1315.828729135002
787.7736005437171
1168.8681948014212
1480.8166714163826
1549.3888803758061
1411.273872933526
1251.6057955852043
911.4759314447814
1625.444600244967
1018.2098615327966
1013.874059415265
1068.3214617095618
1505.1888930347905
1561.521475882774
1120.383013174839
1113.1162443337512
739.3319440703824
1535.7840106160506
1642.24285727714
1421.0106336240597
924.0526944521982
680.6426781186279
1260.7105593656527
1206.2189065909342
683.9330064110711
632.147882531946
1139.0384844724917
1296.2172759302634
929.8672871078497
970.9536526082297
768.902898646272
518.9101465101614
928.6994643341
1274.6416735564464
1338.6726912562667
1146.8751187746261
1017.5568182688326
937.3211228590427
500.2074184124166
1054.3050872117378
1101.385816358183
650.756375779579
1303.3428605812978
1194.3497199064434
780.3442860056211
643.9835872672475
1257.3129180840042
679.9409529188622
1094.1667712223948
910.7052035056528
1001.2607990400763
1177.1480261459872
640.3410689906735
931.0896695807404
724.151474072291
930.8867565423618
903.5603166669459
765.1156799334813
952.188555442684
1393.6281014736842
779.5197602152309
1318.7072010952895
594.098311269822
1566.5434203250613
599.8257670853703
1192.206770123129
683.0876375895484
822.7852635794077
609.0360261575954
684.2793685460679
1244.4493169003063
874.2439803486999
624.943550124016
737.3733121742509
914.8374452271978
1679.5371702765299
832.6118647524318
748.1160556320935
1220.9708683901538
986.4472421135836
1189.3231777367002
1030.0398961978021
1054.7004917729287
568.6909677337618
668.4138371570759
1506.5939585452547
588.5454567811269
967.8812977116396
1545.3044661021738
696.4682505463122
1159.4883433071218
1106.8880700620102
973.1938185291278
646.2712519926232
1293.4553734321275
756.1449138304138
1369.9800533159682
701.4218902781432
928.4542993593079
1133.5469067175118
1139.0623387324467
1275.3564669182272
767.6508800459037
1342.8725620294738
1248.0886795308415
1189.3624116776557
1043.9957561953868
892.5032592441571
1034.085507922191
601.0687029494392
1236.83180205169
1163.5949079248883
753.4874273610147
1588.5144272600694
515.9075239664206
1640.5027372491404
1257.1611137698465
623.4590373558627
1438.1671378476674
650.2646887965057
1039.7796533118483
1021.2411244124938
1124.2984378761198
1024.8011636132987
1425.928975941012
516.3207064071069
792.3477263318186
720.4328321061147
1240.2448309457332
774.7614188137372
660.5535622987984
788.0702599716062
727.3576226847377
1048.6357631070796
634.149523925445
1301.0081079391107
1381.6957726654682
825.0268405111692
1244.934836919629
707.5840229583944
1131.6489059139744
1012.0335809839627
1357.4357104878454
910.3496275432074
769.6015425477785
1419.6728673300904
952.8179165060868
1256.6363598095681
1234.371098317395
1139.6824339429172
1187.0727434047133
1450.0970835695202
1228.9194527523555
833.4063520567781
1485.9233662778288
1619.587708496723
594.1108658369672
1556.929337496358
1563.4047050486317
1649.091632095162
686.9650544105284
1281.3770377638944
1701.8220487391807
1265.5712768318267
831.9920910914025
811.746151497776
1273.3386546756215
1071.254149704458
581.1903495948483
1209.043750339721
645.3274215413136
1228.9194527523555
1599.697398758318
914.9344813620389
1271.1903128130289
745.9624800918401
978.3994295521513
1121.1952783586808
1160.319579545682
1233.6599831375793
1116.4516496850456
735.4551402797298
941.7033919390205
761.3378937340535
829.4306103155891
608.3627820154742
812.5994504403413
773.6432514965093
564.8696431877413
1254.5551218479513
659.2350945323999
1621.604199799692
1392.6599145726836
640.203714064673
1641.7324797678239
1268.6689190763186
1101.406046358988
621.8888200024439
1344.7567107408227
1643.6445943827034
1460.4354033876184
1673.2597397236707
1153.6061917697818
1548.9666147770552
845.0962273704963
863.9340363020212
1344.12621884775
1146.288610139642
766.6173550079501
1631.2009550195128
580.7446765468084
1011.6185594522942
1236.9268217524414
1130.885977260986
830.0502576989882
1517.1467988305562
722.9288841877378
1118.7407049276603
1006.310329847098
671.2641216644508
1026.6843927791565
1190.427858386725
848.6027608433826
562.9523908387113
883.6650304206083
1729.187722555552
1142.8168580070546
587.1139912207223
747.1793452917841
1662.5881077838096
1105.830899262361
570.860788577692
745.0374173277518
1159.7659204997751
671.470712884794
1671.1702433065439
1120.8521222314405
1420.2585521863568
1616.3104373207032
820.9511448910827
1090.714184418322
762.7046169840387
928.0725184023328
957.0006224301258
1415.730603413925
1549.2804863046981
585.7429447637473
1132.140209139679
958.2603997529897
1582.2369967072098
984.0787850229335
1524.0876712312972
1162.0384239235495
980.7865842277346
756.1731132254754
672.5735667167158
764.2976041548743
748.942420513466
971.8917421136714
1158.9494155467457
1093.2496778525629
946.0604832068516
1466.9946515147367
602.1598744217642
1203.236416673551
1248.2776912950922
810.4551854922461
1573.448593933207
923.6321207397621
1016.6405038945817
774.2473928841891
924.0165256628799
584.2892178999952
1547.8179518090244
699.7799016168674
1125.931550668387
1122.7290802379048
1132.9007859457486
1591.025399481213
878.904236897805
765.6166641437974
1072.6163030920025
943.306137945719
1275.495605817598
1176.2674708534732
989.9614240449295
1620.529323079652
614.2449448497483
1242.638425313085
1341.4558489427884
1539.9838813892575
1471.3505277889608
753.570799485545
1033.6288003282575
1124.5822709177187
820.0104133418286
930.5440725893299
986.2530768238122
1152.20791919877
1388.6567320334093
1267.0787184069713
1055.5605733223097
996.8665976530747
1035.1503231916136
1399.2992450327174
1024.7650126196559
610.4152678420689
1533.5869099225497
1436.5644390915545
1073.6167685863643
818.8775332967423
768.1554040053767
734.039784311132
649.480702009636
1263.4097318973168
1366.2100184734695
891.8122034721221
1214.2558164118032
679.0877042951026
1075.647125030805
987.1365802961427
800.4781410732954
992.1867241334919
1042.691840688948
1499.0610418818235
524.7655611064076
949.2568233340594
882.1539106634991
1134.6561982883377
1329.6664195861167
854.3958974375741
620.7859784434015
1004.8022752416259
603.915383832592
1145.6602387129296
685.3123246477835
858.6423585156656
668.1706712219275
651.8445469521971
1393.2139994875065
576.7599794185285
1076.2760941467454
1562.6553015011127
1566.1878627351534
1160.7227436348912
1240.781309034471
720.3255517988149
963.0267105487399
808.7438354691991
874.9097312842863
647.1205352490394
689.444149054646
923.3054104830638
647.252775524876
683.7035342479664
1480.2680234374147
1022.9179344474411
893.0792036518108
1484.6983543405204
575.1992042048976
1221.7723414174704
1363.7824134677041
1028.6669328580579
1448.3211046424078
1690.5226737440337
596.5752949688695
1664.1574654220244
1293.622563521426
1051.7941149905942
1139.3765244458032
1390.6147508992135
1579.9009898331437
894.2753593277264
1366.36801248563
772.4370661562435
1164.7502379857017
1547.0833856111976
1675.1429688895282
945.6448486448558
1503.141371741182
1452.6196806620583
702.5587068493061
1208.8325613919221
1446.6501521082882
1203.3940628421474
1570.3705686591925
1617.390607803222
1117.1486651673308
1374.7679169352082
1221.480860531056
1206.574094280425
1264.7366240749766
630.7920828140816
600.7556001552391
1136.722110491769
1182.9703444535671
1263.7119558487384
1215.6350524202235
1167.7114065735652
1536.0978821436934
1469.2432467557414
1590.2484028323624
672.3467332226882
695.4196621712472
1473.1871856514408
1629.1920515683125
840.4623311254707
1169.80980938435
1164.3271726510006
927.8504173306126
1051.128977085335
1458.5716148158804
597.0002535340739
668.2863106198963
777.6475655952668
783.8618185041623
591.1273637907885
1333.5555681794394
822.588205868662
625.194279527934
1072.6708627911435
1602.9561957136104
1020.3001390837561
957.7000900337207
682.9456839432886
683.2972939615287
1120.3003336949646
1259.6647296270612
921.4877755622408
1522.2912131093676
501.85932098308814
1146.3235017151649
985.5672226579279
1283.5716863360853
806.581370989198
547.7709626355586
1521.97366339976
930.0119622651226
1565.9156772697756
682.8563451052428
799.2749690317513
654.8654783417608
1089.4586983077502
1430.020280329309
1092.932741173283
1472.727566316863
586.0703775163363
1604.8357466975035
1159.138177444489
1203.3131428389272
553.3268951526057
849.735640888469
774.2458603083705
1501.5720141029672
1065.9135227657919
1075.971418074014
1382.3008335986392
1126.9289510111118
1237.2691991903098
1161.021406610347
1272.3372925556457
1452.2751803228707
1124.3186678769248
639.9282993196583
1137.9383626613853
914.4201305447899
734.6122235795168
1283.3626429944325
673.2399184097503
1629.1920515683125
975.3612243030318
644.8719400080348
902.6462884487512
732.5469244064129
1407.6615917291585
683.1985960788128
637.1744247016892
1219.309324708855
752.5724903360984
1231.3182072868055
1693.849262258747
1588.9941709536693
1168.5543232737782
1016.5908484380601
1100.7580733028972
1137.2398161373915
891.2837713298793
733.861261428418
1385.7547138293369
552.2931337213391
1347.0532809743333
746.9984092063661
1498.4332988265373
648.9786111865176
890.9846125300948
1180.4385475738284
631.805198578914
1173.2993768287151
815.3554095011334
512.5888558114582
842.9414257695881
616.8981401068553
1654.841344585061
1142.0855128264334
565.4342441193022
989.5555979681724
1124.5013509144983
804.5344627259169
1556.0180096591225
1233.660289652743
668.7850270203334
1438.4838370467305
1271.0531263019534
763.5846382248405
1586.4627945518523
1674.4453403769157
1513.813003681043
888.6140242539319
1553.3608161640568
1515.0684897916149
942.6483564043892
1246.3944621292342
1491.5787091182426
1490.8505264459282
936.4800360635433
1273.950181483548
1128.7631377507755
1333.081241639799
1297.0399626296712
818.3570705487562
1035.4476613097354
1413.2339054294164
1277.5584718543473
1242.1345143839394
639.0358912909234
850.7453018377423
708.0183549453769
1422.790260664582
575.3877027463881
585.1155827813676
1747.6545036083564
1067.1738198450994
1209.4783888418672
1027.8644241039328
1029.9064801801164
1019.3428544883737
1593.2225001747138
1115.0843703595986
709.4799888857254
1255.41336430635
1132.216761378369
509.3212586756356
1407.3008233814671
1135.9116843989095
815.4647934639524
1584.7479689283537
1370.3737155482065
902.9521905821377
1370.0728346292603
1284.1839786999321
1033.586758352489
948.7161305852683
543.5907474923995
778.2783738021899
982.6792367854162
1574.7040800437787
1083.6899910639695
895.415595736742
1294.6816349600572
1160.0260462316787
1094.7945142776807
715.9589367765476
1275.9817578522034
1314.4141717795883
1319.524995494227
582.470026212846
1344.9715778705863
1618.0183508585083
1578.4705383754942
1349.8700864211207
911.7274132041011
764.6433532595436
1615.8212501650073
794.1188998617272
1166.6710941079205
1189.4141444557263
1022.4408510972398
1355.1147218266028
602.6240354478657
985.3974132572305
995.1166012282683
1359.4522737499187
1337.4693127235264
589.6515500395737
1603.5802605869317
1384.9203121877376
960.5823553105397
1530.1343231184771
1095.767484657577
895.0268055147953
1157.172802214756
1238.04004309926
564.3148041044775
896.8617342791439
612.8199850017313
1063.721233041027
1170.1569060511806
1221.9989202492502
995.1991551624715
1282.235280222293
595.3491748500129
1505.3219206158421
1512.7995843230588
1322.2125204496701
789.1363669615887
1087.5754691418924
1019.3575819436873
1314.9692606159485
1638.106128627658
755.1401571237598
1134.1409140818264
1485.5645661931758
1417.164403572704
1272.7596704512434
1036.557696329543
633.7989382739371
1180.2472637391336
1423.4958861302573
1113.3883371388895
974.9003035037674
830.8624433880425
1275.921067849788
1737.6034028904787
824.9679895997363
957.1417914948668
1280.0629959046396
1233.6322384527002
1064.976719151599
1247.1687194327756
1113.0413619735655
1689.5810591611048
576.3695331006265
662.7506608445452
703.3351097589932
1039.3931244970597
1399.5637676190026
1081.9257816443192
1019.8864559966397
1484.5064623478684
1116.6827621184857
661.9675167490102
1287.0530143828464
618.4533980475393
1274.0050415614128
1151.7626913785502
1268.365469064242
538.2432839462479
811.5412707606542
619.2942357219772
1136.7125212521416
1247.6514131434456
894.0859329565512
668.6968709274022
1259.8532275726852
917.6665578831456
694.8985863929336
1600.5397872557471
1557.4411460234153
782.0681272863477
1027.630911604705
1047.9995001330703
1520.0904342339022
1240.9795652470657
885.4832783717588
742.3299688866674
1279.7629289117772
833.5216017583346
627.4398096173015
1506.2148669599196
1021.7028667356229
849.8711205908305
1337.6372830332414
646.7376978095609
1228.6914840169807
707.7262459943577
1278.711275385075
1254.682681247574
611.1460765446014
1219.830938496302
1413.374114835293
725.8836025921692
851.3504535902213
623.7873749264875
1366.4617124257863
962.427570471918
691.5882226248242
1501.8250553844935
1285.9606030554442
1050.0831473467433
1299.8789060759889
687.603196321918
1070.9964050533868
760.7659364385636
1262.9785340969179
717.3339638009679
1199.157410249295
956.5549493820859
1051.2422529639691
1102.6940230769137
1180.7953128518539
1045.1208104389057
1183.7104604474716
1006.7972480165081
500.0
1216.8008609514686
1514.1268752086858
917.2472251028819
1045.2208344062437
1595.8883659525422
1085.2543534563479
1134.548917981038
1718.4936124287399
1277.1521962628444
1044.9293535198294
658.6700266177768
1571.4349246519648
938.3203622927499
632.4415578092023
1307.2855384919699
1024.487292085656
1133.4618069884195
1513.813003681043
622.5085936634733
604.6914802271154
601.1279502442262
626.4338268499928
942.8322655026175
1583.3209374182893
1522.2155096819006
696.7162810245029
1323.4180445885568
834.4552469470068
583.5860721144356
1312.2246900896362
999.4621680594034
1438.7141649728287
1508.0962147779594
1586.148608838496
1275.3766969190322
1435.9628008086684
1237.623224204399
1872.550977745756
1315.3205239253448
1457.3161287053085
1007.1043391227905
1210.3347922092837
681.618036092197
848.4405538778468
707.3114170681217
1505.5239141087295
595.0319613578376
923.3106013372649
695.5192795994542
1348.1847763317983
679.7605725726285
606.2930219575203
1243.1091095085494
1058.002424686515
647.7709230689478
1013.0800433502549
920.0073956862348
658.2965496798363
1592.280885591785
1303.1776222678773
1665.7268230602392
1544.4689392600617
583.1201690655905
689.3276732924346
1409.0353926929238
1523.2291495103318
1635.5951564065144
809.3704558628393
610.8280375130842
1131.5174830119079
1354.3662676384151
1219.7472035141604
1113.3267309592813
1124.6662560725763
1643.9789591644153
1172.561702524173
1301.5708697796892
1261.5947669414131
1324.4319096126778
1066.9537419575531
1219.401510751939
774.9529751744017
1233.7199895406104
1562.14921893806
1502.1386133541666
563.2222110134014
984.549592314398
623.3349585448458
564.5700799965795
1172.634653133137
1280.4169961384857
1449.6599929460644
1327.5737667462413
1574.884062318371
1233.563737376173
1287.825503778106
1413.584253531435
1568.2993449552318
1639.9893577935159
1169.4536075308013
1779.0103005756857
1534.5285245054788
1282.1758162805327
1412.7180950658053
969.1121119543086
703.1744958132072
890.4794896259062
969.9537194503195
1322.5467953325401
948.2079284438307
1388.556831974337
930.6427704720456
1577.5603285829654
961.6915304956024
1088.355856748708
1100.7580733028972
671.6429756340892
734.3027751976197
1580.353767541352
1422.4578521798512
925.9910963475245
1687.697829995247
862.0908574301923
1131.173572998221
1231.4953730514321
744.5432657923274
1033.7354676052298
788.4666739771301
1605.1496182251465
683.8440587174168
840.5291514311602
1156.625672647527
1245.7124336736624
621.0360948169921
1595.4196008682145
572.3799268205755
510.52500745638196
1430.4433312721892
1157.8826913339171
1137.2266227920063
1540.805955058338
1269.170990914482
502.88876854260013
561.5893179056759
1243.0166650251076
1174.8795100550678
1299.4405336618483
1597.3028300340723
1728.3356104004274
1005.8425877072707
794.7037513024302
624.3679146465614
673.2450584332648
1139.665600411838
1022.7157907499117
1189.3421816768505
748.3650404462007
1224.3262522236278
601.9520434462681
715.439087058889
908.2199086396301
747.4918250748999
1182.7025502244487
570.7814179917826
606.9151958869438
1172.2236589468525
1013.5537372621948
1280.6072981072707
1266.34179532403
887.7137680473874
527.7115548544944
653.5496984631611
1063.4098136346936
1546.4556425559115
979.946960616071
927.8724704676567
1125.5539239866916
919.5867685168876
1319.753349291194
1277.3347157848361
1533.273038394907
803.3206626776102
811.4384360464542
1196.3099701169008
1556.1856599128434
1517.6561233268171
981.0903938465741
1080.659134829764
856.7162172268879
1648.4638890398762
745.4303697676329
761.1607445378143
1314.0684125497935
1165.5810867942469
1382.752023919626
1129.4374711109458
1413.3594511008675
848.5261320524542
1533.5869099225497
945.5406334891929
814.9395777405706
1166.6588335013716
541.6891176180322
1049.8551339132407
1519.8554233203117
1402.9838638157214
814.6477940168713
1543.6307988071248
735.4146802781196
683.8019183575389
1134.6561982883377
1080.4858205613705
858.6184503328959
733.4253968656168
1486.9818923101886
976.6102365438821
602.262654069847
1335.7732774920755
886.3862720440598
1090.714184418322
505.30393839290423
1204.0218058974335
905.7513550355604
1213.1240801990798
1262.8334833895346
1300.1241182069598
1332.3449922165582
1259.7536190245382
572.2811301411803
667.3814940856878
1032.2738330524635
1057.9998209951445
687.8095811574256
1179.225955213639
687.998010512244
1250.7886635162358
600.1967418664158
1175.4717574884721
1046.7653762822551
944.0893285893064
1343.5478397877164
1300.5409788296106
881.1663188060131
1263.2135646422116
584.0014001612678
1519.5412376069553
905.0691214843573
1528.3384375809324
1327.0116688684398
1525.7401217314757
1236.38612900365
633.7367542544298
617.5140545609486
1544.0440413849203
1245.0678645006806
1352.1691669449144
580.9837583745051
747.5771215869244
964.6892678196868
1662.2742362561667
790.0540733617479
1252.3580211544504
1087.8378461220314
1118.247215514081
1615.367880180634
686.3452807494991
816.9053901876487
1530.7620661737633
940.1306408496437
749.8126265747312
1040.649223637959
596.782092987231
1298.2844141943494
785.2111337750694
1596.0473439235004
1702.1671633788956
713.1055871175355
1084.4367538654628
1344.9712713554222
648.6534175827724
1100.955661752536
608.9967922166401
1603.2663890592885
1619.587708496723
973.8393130772183
509.0900136950975
1172.2756292578608
788.2167222587459
1651.6026043163056
1551.5881803693005
583.0496705779364
1395.797309287287
795.8386275313555
1250.896003228073
749.7687853948385
798.7309046161593
1650.5253842340012
1086.7086442589098
1143.9874452468957
1254.192648835009
1220.4802677518537
1173.9440859125223
1009.8671318068334
905.518023812034
1391.0892363726425
1842.6487206634506
917.8160730643688
1182.9268015402006
568.927935188626
1678.281684165958
1055.5605733223097
525.1783307774228
973.8718300712628
794.6250632639438
580.4844451728153
660.9302694350026
875.5162828426492
959.3481106926292
1158.1655206225628
668.8297782342356
1229.131528108871
507.0164652527525
811.1263778367468
1526.0539932591187
621.5720821438106
835.7042193806931
1107.6577296380956
620.1502690620789
580.979533435762
502.27539859603144
1387.445781747706
766.5026742426317
514.874567864705
1528.878837007905
1629.317725853655
1023.915334790166
1561.8788725636643
735.5435633077885
816.7443733199206
699.4678079384158
917.4190454148736
824.8306708063924
846.6600677357643
1231.6216572988822
1366.8684081359752
949.8148236253915
721.3585079005305
1627.7483682154402
1277.5016459680198
1529.5065800631912
683.2464124443521
884.6376351870125
567.555329052202
1225.1308921920781
948.1919896553177
802.4336077938224
911.5846356237208
1016.6975959417787
513.4284293223031
1094.0901424314663
1219.2746134741615
1634.6535418235856
985.4789805861813
823.9377500998819
1640.7312359497628
1428.1640416455593
1155.7368863672737
971.5001022582451
789.7122467937893
1238.5827287393008
1282.3344766131872
708.7564434595998
1274.2523992985298
1332.149435542109
1155.6515898552493
987.5804142532004
687.1520286603939
1440.3670662125885
1272.8048150109314
1037.3572507796725
556.6059943740163
729.2751815489314
829.3578997744457
1565.2879342144895
804.0305517967715
1294.8101339870852
792.3136080338309
1270.7395683322802
1111.4453831412416
1163.5323788314906
956.4394382681976
1637.1645140447292
1306.581779676083
677.1590212929954
1419.468862350579
716.5928101351078
1075.3344795638168
614.8647185107777
1009.8554842306122
1049.3376332653677
1523.2291495103318
512.8151442290251
1268.114132754176
1377.2788891563519
1568.2400231771855
767.96467440889
1276.2300351348115
784.8892928531698
1531.1661090011394
988.49268911892
1173.529861136554
975.4047188482573
1259.2785205207815
669.817983122049
1319.2126565424028
621.2573987651934
608.5149503792819
733.2175795846188
1313.181354297707
1565.2879342144895
1235.9438199671872
1167.187661265584
807.9684246765254
1615.1935071097214
1477.7177780021016
779.0054277705191
869.0277052926178
1524.4846356209036
1259.4447448270369
970.0471338584415
817.7372968877269
948.8863980745621
1393.4389816176727
1347.670893708041
650.1918171894522
1403.957969006004
841.7018784475293
1146.8648218287858
1300.7900483265862
516.3376638446125
1127.830718622758
1180.0982973695686
1271.5611961611226
922.5129040214573
1638.2227721923766
1274.9567711447444
1532.959166867264
1416.8945559351473
629.9458775958258
1516.0851947600356
552.0254317674768
776.2124615987586
797.1854551607141
1222.2018921974498
1041.6647675919862
1552.3078885018938
1236.1948156772628
1009.056705713974
997.6720176384155
1055.6549799927336
828.469510828664
857.1962199732637
612.869917825328
1139.665600411838
648.9522698673934
514.859089002042
1174.8317538266376
1470.3460883147839
547.1787962031584
946.0304447208076
1154.1432529735503
1213.4735074857135
861.3792278193322
1496.2914948185874
1096.9247946654918
1058.4540862664549
737.2589820181857
1296.7581432181587
634.5914214170728
1129.6342538460501
947.6831744835526
1611.7409203056488
1139.6346175773779
995.9249830701458
1508.5587207446601
956.5947963533687
603.6015123049491
805.9615973281686
1586.0034550389255
1072.2595194414396
1319.6126566832954
1583.1786112901386
649.0092320819934
788.1947523786598
526.6518082677235
1118.429787482096
974.8876213238104
650.9383484969757
1410.028493539163
1228.189913525942
1019.0433962303308
1570.3098786567768
1253.092431486709
1069.3022611419283
1332.5997901351243
762.3708498357691
1134.2086861493153
861.3121055916131
647.0929488843053
957.1863706193365
643.8484858763943
762.3383592284156
1296.2320762338827
603.7087926122489
640.3435186623116
1268.8210383486087
1156.3907335207791
957.6587104866194
880.3344366516937
1070.2867878477773
1284.3615798936924
1222.8626799805957
1379.0125389223172
1160.6253890188286
1267.3545820543136
1355.9356252766302
1229.1106028494462
1177.332304532215
848.3820699255086
900.373785024977
1393.8663386204544
995.7114251497953
631.1854249178846
1198.898098420793
722.8684015969849
1182.0507989624257
996.7758691646154
1599.813802255216
714.5728752062337
622.482233359394
1151.8850431588016
1158.6961825784138
958.4259179413951
1352.256217251409
1131.0368672352047
641.7857628392269
967.1573438726539
1038.2363362692038
1484.309080082604
797.6066069956569
1558.2654899256866
762.0009488060023
633.7104968365592
967.3056622341849
660.9888890026584
747.3531372461471
561.7707748825944
1054.6785298542754
1605.4634897527894
1590.8613945388408
1488.0755384143195
939.8578423539384
729.2169436678258
1030.3540819111586
732.3078425787162
661.9914249317799
1271.041815881102
1520.6194794064722
653.9503061269112
1114.0939350457586
1398.5337146669156
852.651213125715
1036.8159450005537
1400.918793686916
1290.0226044716069
658.0171493190663
639.9301365733868
1174.6398685975557
730.9689843436141
681.7969424288295
784.8153531892821
891.8354986245643
541.8955024535398
1592.3930701417041
1269.8581979115284
1161.7827902770123
906.3250834436449
1145.9658334106862
985.4097773624057
1610.0025549217798
1322.7486154710057
1404.2497714418596
787.8308989757495
1047.3999136035927
1115.6383210562014
1241.721331943253
1611.5240143437904
1530.44819464612
817.6220471861704
740.4576242307523
1168.3673490239128
648.183692739963
1322.6219667190364
987.7900706251808
969.7404781702583
1522.5866937271876
1598.2444446170011
647.1052094908538
1129.3203823184072
788.3741136614921
721.4657882078304
1482.3302181856675
1387.5832379972992
1128.4849575974408
955.6245190741797
1590.5368516677454
1310.2935525116436
813.9273134027637
1377.2788891563519
997.3237553741719
617.4008127269877
1563.650015461018
544.0701372084479
1041.858785754332
1263.2786059989323
755.5484353218267
761.1313025137104
774.4860065183941
803.5842657184041
1002.2024136230052
638.416117629894
569.4847545635147
1335.4739786220773
900.7869674656632
766.5026742426317
558.2587241367613
1628.188917162831
1179.379212795496
784.2805537380341
1579.0982814307802
1216.3158259671304
845.5601090760996
1159.4844101006079
705.1450818007235
572.513518340437
698.5936266915039
633.5054381920346
1178.026845846146
1372.7302041268385
965.4550954959929
877.9880630734643
1265.0091739529187
1591.967014064142
645.7070747138716
502.68728305036865
1160.6638338136368
1123.5906943631044
1268.0319805661213
1573.448593933207
972.2000963683674
1675.3773514316922
1086.2932526999266
763.6600526143495
1216.0451697092726
1588.0969787162253
1514.1268752086858
640.8952122740116
1184.146749651901
1604.8352950555407
1272.9374492461975
782.8233806497385
1080.0548130850098
787.9913524680433
1328.6510306921357
1225.9774870742558
1612.5402087604273
1005.5223649645238
1344.9501218091261
1580.6786736148886
913.3890319065938
625.6264278628443
1578.9223374313008
541.9380177296545
812.3588486698611
573.6207149307444
874.0085099494156
1091.9696705288939
973.4831688436736
849.4058158448576
1083.695502825155
1155.0566215244758
1280.4191778772886
1407.9903832881218
1272.3912189742084
882.8432507121244
805.2344954956096
609.3395557840004
1273.137796865953
1318.5849134871169
1021.6624483368691
1164.0867398861008
1563.909533379806
1529.1927085355483
1157.1081275152123
1051.9988671199549
802.1467800286458
1538.2949828371943
914.2207330359415
1424.5980871001664
686.0550038466561
1757.0634376043429
1245.4644951225264
756.397333209829
633.457928341659
718.5735111230266
1342.2277233282434
507.4570082905252
1354.994010693701
1360.3690483317075
1255.9050600386008
507.0241014916663
588.3462526069114
1889.3827059006856
875.9790543823229
857.1949939126089
1547.0839986415249
941.1844399824919
1425.301232885726
640.2778907342918
1214.6117299152147
579.9508022727895
869.4641828857464
697.2311667887959
1583.4924828177818
940.7522437833518
1238.233802410517
1564.223091349479
635.258398413314
1134.6561982883377
1476.1484203638865
914.2330059153696
546.27643335686
1258.025199959785
738.0088647827191
1483.409880570978
861.3280443801262
674.1643681435112
510.4656029191587
778.691556242876
1210.4672067600081
638.208300348896
726.0107950553792
1096.3638719158955
902.8369408805813
1779.9760591222796
1210.5266707017686
1148.4665455046284
1074.9421401542631
1070.0557311443667
1605.1496182251465
538.0514557725687
951.4303820707005
793.8646698770383
1588.9762802587031
1653.2735547366947
549.1457218043853
637.0389116225516
937.1556764669818
598.6432751524843
984.5716614061853
1090.918936547683
993.4391450924267
898.8628783893002
1101.2668884746622
1230.789775144563
1263.2798332868751
1645.6416027482796
1539.5504689477661
1226.104384352033
1123.042951765548
1569.9960071291341
1663.5971557027556
1152.2697734076314
1352.8850197896786
789.1204281730757
1489.6185357484549
918.3151084493254
752.247880038956
963.4392799590986
771.465767773486
730.9689843436141
673.6207768207543
1278.4093579488172
1092.5628531557109
1315.132326683044
605.7747048156801
1060.3495662401747
781.1271257337462
1264.399162845785
745.4303697676329
1182.447278317048
1052.408984409004
862.376939270355
1266.7513602121248
1071.6379066894278
963.2823441952771
643.1677156977859
1195.1139179396118
582.116025389264
778.7643491453393
1053.9912156840949
1193.4004424444217
580.0766970224491
1062.5691631216669
1063.4073615133839
512.1888820002443
1616.9008302545924
1592.4433086200756
906.7361175167871
1627.9972585283758
1484.6229516102467
773.4949883629355
1355.7296470866145
2000.0
1346.3419468443865
1055.5717809158034
797.3871421384378
808.0624522602632
943.9804713058895
535.4975725528037
590.4152299619799
1205.2772920080056
1041.2689972989883
1113.0315614656984
770.7922078971353
1121.1597225996902
1374.764851783571
687.0484265350585
1553.0469446364139
1017.1891660376295
1026.7087915086718
1408.2792197840417
1521.97366339976
1640.2646084105309
994.4882604531028
671.470712884794
945.3778558709325
1105.8163356499879
1174.989352325948
1136.5394274541954
822.1406937296398
1462.1897198083586
720.8460145468009
1106.6740352081856
1095.0624085307668
1170.437552439636
677.9042918962596
798.8237569264036
582.8430793575933
1034.6133847166395
976.52257320706
605.5681135953371
1305.4023093261121
594.967286658294
1128.3775135035996
903.4168675703279
585.4082019773491
1048.2814512144337
1363.438809969181
1339.583041292497
883.2346831307541
1076.9945656904908
1300.8343968239117
1574.7040800437787
1081.623557692897
870.0906998803773
505.37137172892125
588.30337423441
1127.5904107344063
672.7434881653695
1183.6201566006407
826.6952025472636
1353.0283289488043
803.4144563177067
1401.7215950983339
1430.7369727990272
1211.3438401282297
1142.5587722392079
798.5310646908506
803.4202801058173
1125.2419338068667
1080.7548937189322
1445.3890106548756
601.1267088731236
1174.4270533739982
1142.5183815793662
1289.0809898886778
1410.722145638841
653.312141556059
969.9137669978678
1077.8454517849605
909.1465110364427
1182.6785420177116
1222.0430584328246
745.2955030955989
1215.8385784889292
1094.1667712223948
510.5361522374994
1358.6930356893995
644.9197563735742
1274.3271889984762
825.480514799197
1177.6565975754243
1107.089254550839
673.0673503725793
1076.1660515394444
1484.352437711047
986.0766011548586
556.3424409390731
1509.8014804929094
1541.3333595633285
1544.8862849176967
1439.731353763046
1126.0221542235927
1004.6534451010227
1070.4593145467393
646.4845162843333
929.1224632373967
792.8094323627213
1569.054392546205
809.4319620117367
1157.8826913339171
981.7952868604295
869.3930713677647
1312.6213544619004
1176.9957508824573
594.2466695084029
1171.8517907001847
675.4033024352425
1526.7675090141508
1752.3578731534558
792.994194370897
694.2049425774492
644.208641193758
1242.9688486595683
1457.9542932761608
1096.3330817159867
1191.0476320477544
1682.6036228388878
1124.142728172953
1390.167545275355
623.7254588634172
1139.678142730625
1428.860486966771
1025.2169414810855
1283.587766876356
722.2838101200215
1502.513628685896
607.0142521377389
1648.6715657964046
725.371621219812
1624.2957814113674
1134.6561982883377
950.4625459867707
1499.0030336574337
1192.5523149864255
753.9300352574176
1319.0410080507231
621.5035304416557
678.1098626266783
940.0343950882375
1561.2554207206704
701.4309803009284
1586.0034550389255
824.9679895997363
579.62896135089
614.2084695452663
1195.1751652423247
1360.0159551359886
952.0610885322653
1201.0403798437528
1064.976719151599
1526.3133050876206
1588.033723118634
910.4173670881792
882.0625691447124
1130.61142418797
1259.788923692186
1278.2867518833314
567.1354032779141
801.9603980862099
1579.9009898331437
1227.6627098989302
1306.9264880405767
962.7440164303517
1272.3912189742084
598.7976066112911
1498.110740763266
1509.0810225836287
1290.9642190545355
661.1859373769429
811.9527427181192
1565.4123517569785
963.241068047185
590.0737720696027
1258.5647002910591
1445.014108008042
887.3670592035469
1782.4870313434233
1456.3591497818657
565.4677739998483
1126.106473564298
1582.8647397624957
1145.3278302281985
942.2707297226937
1415.283055754664
921.4341528625014
1374.454045407565
622.1544005406677
975.430153163584
1250.9431471587477
760.3049376323379
1214.9195131334288
933.428380279877
702.8161795868257
1212.8788680681087
590.7015353346796
690.9675294183037
1468.3016321728126
776.4895709433629
982.696401634584
1579.4072487158037
569.208058814947
1008.0953741366001
1383.782221384868
1376.02340304578
881.4746730607092
1128.694210191688
1626.9551069717488
509.91637857647004
1064.0351045686698
633.2430612118956
609.3398619929551
620.4150950953078
1086.3772808509352
1055.9989028671966
1288.8117180048762
1098.2471010817535
837.1568715999806
1067.4876913727426
1500.0026564647524
1070.8840389341244
628.4019818446171
908.7839480869573
1390.9531436399534
1226.270965371797
1161.683710094102
1751.0998785791267
1193.9147460478669
1272.5837307472716
578.2980725100446
1094.1563497068287
881.6365130671502
1087.850067455366
1012.7596819632043
675.3653399645959
616.7240394938658
1156.050343685236
955.1143281126308
563.7496380068189
704.8293711820982
1400.6958735678513
1125.552353058125
1079.782627619632
1264.5475161850222
614.5607246715973
1444.932303060942
1647.5222744569471
605.9321382447624
1186.1311288217844
915.2600004659031
729.3162545808691
1375.7946551578884
1470.1557004474907
1178.3339960872318
719.37711288128
1121.473594127333
982.9109622491837
1375.0437805825504
1098.9079477747205
889.4244503467912
916.1021654522511
821.1788491459058
995.9292742824377
552.1137210211498
847.4864326171369
568.8643605084302
646.421680675772
858.634389121409
1213.7407887084719
600.553219001815
786.748613836258
1534.5285245054788
1150.823854723259
1158.2789065187944
846.7673480430642
646.0599927825897
811.7396941633382
1194.4603718805442
760.7378368676211
806.1553149116357
785.3024752938561
1204.9634204803624
947.0112932446918
1093.2251566394657
1269.756231761021
933.047075416217
1061.1442818200783
1518.2072050680445
874.2519497429564
628.9177073034432
1190.5394299063169
1698.45957739324
632.0758768838166
946.2027062428149
690.2705139360185
766.1496700252886
1203.6508212980843
1051.1663719353082
1464.0939879790799
517.9285275645469
1348.7165801408419
1117.699394833241
1567.7989064356332
572.208229237378
861.3200749858697
1334.567840183811
786.3354313955717
744.7224961158119
886.1019264086705
1194.2172725257667
1486.0911592444363
641.6572629716736
1635.1149431802562
536.8287164657086
1473.8109357254048
1624.9235244666536
1519.4626911786163
1214.3795663096516
620.6222993459784
1218.1447985807122
1209.4399385242634
1340.3972061966938
1176.010611146281
636.7603227155118
1072.334002626222
848.6907306953685
1246.8215951519662
717.8544265489539
1400.68683917885
750.8132984349247
879.460255404782
641.3657130503123
606.6605336388131
814.952300110223
752.7513675537613
1134.2350464533947
1621.1570661349378
1345.1266745434252
1080.7046252320831
1584.1202258730675
811.746151497776
1240.4701370449732
771.6594853569533
932.7883809049679
701.2150922597818
1410.5187950723107
1532.8672943821496
607.7946397445544
1578.3331999847774
651.2431642009906
1267.0932320990091
586.330915405493
1039.1512818851356
1204.377963656893
1221.1097197593162
779.3113299039055
1119.2686387909982
780.6849005985368
1371.284503463242
1251.4164065715217
616.7240394938658
981.3575433994821
926.5968358397394
509.51332923868347
1193.5242745705623
650.1359817244945
1051.0590916280084
1142.0640567649737
760.457043256107
1336.6828915754663
917.1076738727701
1270.551556034058
874.9630649227726
626.9396259616383
1296.4559149798115
1150.6814240776243
1136.9881656538726
1050.2376309892552
1666.2659657443587
1113.6402889289548
1338.6726912562667
1191.1395865968684
1115.0312584163955
1579.726024486066
1402.7024828954322
598.4806595000636
1569.054392546205
1050.9469070780892
1586.6311980942114
1255.6627580268073
637.7411712393962
1079.5717451869968
997.5381723767717
1055.0916045081835
875.3805385757507
1083.8663291457915
961.8104583791232
1273.738066853818
742.5380926828291
1020.2471701453458
1170.1592366709838
572.6894580444088
1089.027124957241
1572.193107822635
1417.7683162222947
1556.0705841379734
1110.969534425546
997.6468582355881
1643.7361991547539
705.0381217879903
1529.10459874607
1406.1610909923913
1263.7114604026497
904.1402433566925
1148.4879101331364
1036.1630677018434
804.928641226453
1195.6157671365852
1041.2573497227672
1280.3655377236387
689.3123475342489
913.6428264621488
1573.448593933207
1233.7550028383305
571.3618914720244
1600.441545310502
1036.7077515910246
909.6575163035416
1431.6611160176242
1197.639547158584
1079.4148094231755
607.1131104739471
652.7781921408695
1084.6876198385744
1342.0649691308304
783.3657599974526
703.1175792237414
929.7109643743556
1215.8660181927544
830.9523143369447
1330.4090424425417
1282.1758162805327
1717.829496648972
1049.9108858247364
1302.7530953910916
1244.1973614357335
529.1591409830247
769.6315810338226
1326.0148410555403
1258.1389362977234
1288.5531707767627
1413.7928145489261
1467.9877606451696
713.3087876481146
1046.7721705483066
728.9625360819434
1278.090744180563
951.0206744892328
1599.9686998922346
635.2465244024675
1061.0921220825094
617.0936967813047
760.243960444544
948.1791160184416
1126.4495005443102
750.0474076786544
696.4587378374677
648.7067512212586
1184.3922188996962
711.5494096313603
1613.3102779438636
1158.1965628615603
1037.603399910045
1019.3703279426172
1094.743215703908
1093.266842701731
753.3601023733892
817.1494008037237
1378.2205037392805
1275.9509676522944
1495.6084550777507
1568.8683946038982
546.069842136517
779.3023671677997
1268.543247859196
625.5565804514438
1272.49353322514
1214.0741777962692
1114.4170020283132
968.4967801603769
1379.5757978145127
1401.4865050890394
639.9946707230202
1491.2142536907493
500.8263648813725
1455.7467710670937
511.7756995595581
891.3050289679368
1216.2627954755092
1143.710043194117
1231.6425003300146
1228.5243215695539
1041.0624060786454
1070.0041808668332
1354.66297431689
828.6326297794869
1133.3944410183724
1107.0500598046299
1128.037309843101
1280.2981043876216
1169.80980938435
1087.978753684325
1059.0358422484974
688.7554606186764
1010.8357197241692
1622.2799658744734
741.2985453607704
1623.6214480511971
878.5584877931358
500.0
