5033.631
4896.1
4351.2085
5471.6724
4598.7324
5505.292
5512.702
5373.2314
6826.5625
5680.9116
5580.296
6252.2793
5826.369
6277.833
6286.398
6717.0986
6639.668
4936.5635
5309.5483
5149.3467
5239.686
4612.542
4388.5044
4248.898
3710.0884
5923.8765
6077.0586
5012.511
5505.292
5842.992
5349.172
5365.1875
5389.3916
5239.686
5953.3975
5842.992
4497.735
5688.802
4849.7227
5618.5703
5098.0728
4909.514
3902.3794
4420.0767
5893.4355
6444.657
5688.802
5520.1313
5127.2466
5216.8057
6014.593
8347.698
5480.039
4909.514
5801.6113
6168.5806
5988.2124
6215.3833
5573.7876
6050.1294
6364.544
6113.3394
5535.051
5910.4434
6086.0884
5309.5483
5777.063
4598.7324
5232.037
4728.16
5463.331
4909.514
6086.0884
5680.9116
5224.41
5572.704
5696.7144
5785.2227
5760.812
6262.9014
6168.5806
4747.9956
5430.2197
4112.387
4401.079
6228.615
4491.1597
4711.5845
4591.858
4439.239
3781.3308
5247.3574
5422.005
5471.6724
5988.2124
4524.2314
4571.359
7999.878
4445.663
3710.0884
5413.8145
4530.9043
3720.8733
5247.3574
3565.4053
3896.4397
4128.969
5541.041
5049.2324
1702.1017
5752.721
3872.8606
4544.3096
4504.33
6790.347
5079.2876
5150.8267
4675.7275
2852.3242
3516.43
5040.7104
4957.0474
4977.7017
4591.858
4682.8555
4668.6216
4219.716
3600.5076
4946.7847
4571.359
4231.3403
4510.9443
4591.858
4876.116
9469.646
3646.668
5349.172
5389.391
5413.8145
4946.7847
6360.1514
5789.8955
5398.8633
5743.502
5496.8486
5904.358
5455.0156
5706.919
5827.553
5430.2197
6113.3394
5333.252
6104.2285
5973.242
5069.2295
5846.567
6470.6753
5137.0454
5128.4697
4930.904
4647.4326
6776.367
5270.508
5149.3467
5617.469
6177.885
5914.101
5652.9106
6205.966
6849.394
5513.762
5827.553
5923.8765
5993.2197
6725.6772
6122.4775
5933.6846
6532.596
6638.4727
4089.3945
5875.32
4755.345
5894.647
5617.469
5325.3276
4762.7183
5011.343
4169.3174
3890.518
5513.762
5206.7007
5636.611
4680.002
5930.411
5930.411
5427.479
5289.1753
5296.471
6011.6504
5873.7153
6413.263
5140.484
5039.293
4714.477
5595.543
5907.6025
5731.256
4894.7627
4604.246
4579.5366
6180.992
5342.5273
3999.939
3999.939
3999.939
3999.939
3999.939
3999.939
3999.939
958.7869
4224.358
975.22327
4224.358
946.3811
960.58575
1071.1134
1155.7386
1110.6122
1098.6957
1047.0188
967.8492
2844.401
4224.358
982.7105
1060.0253
1062.2245
2124.449
3535.857667
924.1736
4266.6015
866.315
1296.1827
4201.249
1001.9417
887.3348
958.7869
2680.5874
992.233
1961.6559
4285.649
967.8492
1132.7261
1019.9048
1047.0188
951.6584
996.09375
971.52216
984.6004
925.84485
2151.2275
1028.0968
992.233
1251.8146
1147.9645
941.16205
1257.9661
1030.1654
1062.2245
1706.6405
914.2718
1087.0322
956.9947
969.6822
927.5221
4329.1335
1064.4329
1003.90625
1028.0968
980.82794
939.4352
992.233
1030.1654
1062.2245
1013.84595
911.0182
971.52216
1098.6957
1130.2256
1066.6504
1011.8423
936.00037
1091.6677
1062.2245
1030.1654
881.2258
925.84485
942.8954
1003.90625
975.22327
992.233
1019.9048
998.03546
4201.249
854.74493
2585.819
1007.8586
953.43054
984.6004
999.9847
942.8954
915.9073
1060.0253
1011.8423
1395.074
994.1596
1036.4215
977.08435
996.09375
967.8492
4266.6015
1019.9048
1051.3187
942.8954
1005.87854
994.1596
951.6584
1009.84644
1132.7261
1190.6794
1057.8351
1082.4359
1038.5237
1047.0188
1354.4767
1120.333
1009.84644
971.52216
939.4352
948.13367
999.9847
988.4019
1077.8783
4398.558
885.7996
1354.4767
1026.0364
1036.4215
1347.3479
917.5487
982.7105
1009.84644
1040.6345
999.9847
1087.0322
984.6004
1115.4514
1044.882
1019.9048
988.4019
2661.082
1091.6677
1019.9048
982.7105
1120.333
962.3913
1017.8771
1049.1643
1071.1134
1021.9405
999.9847
946.3811
986.4975
1158.3534
1082.4359
2178.6902
1135.2377
2392.4868
1120.333
1163.6187
4309.6985
870.735
891.9725
1062.2245
1117.8868
944.635
1015.8575
948.13367
890.4212
904.57983
929.20544
953.43054
1594.9912
988.4019
1021.9405
998.03546
1060.0253
1082.4359
1026.0364
1038.5237
4238.3455
904.57983
1122.7899
1667.7269
1089.3451
4343.825
1019.9048
1071.1134
1036.4215
2047.9688
4115.693
1001.9417
990.31366
4334.0195
1115.4514
971.52216
1057.8351
932.59045
898.23193
1560.9518
1117.8868
1060.0253
1343.8115
2461.50075
887.3348
902.9845
890.4212
1221.9384
980.82794
4233.673
960.58575
980.82794
966.0231
4182.943
1047.0188
904.57983
1036.4215
1350.9028
1137.7605
3878.72875
1062.2245
4528.233
867.7834
1108.2081
962.3913
1057.8351
1023.9844
1471.242
1087.0322
4363.57
1179.7056
1075.6138
1171.6068
2047.9688
4711.5845
949.89276
3160.445667
914.2718
4233.673
1828.5436
1380.0328
4160.283
962.3913
1163.6187
1007.8586
1044.882
1101.0585
884.2698
1096.343
1007.8586
3282.0012
1051.3187
1122.7899
3764.6482
1042.7539
4319.394
2666.626
1007.8586
2438.058
4517.578
1026.0364
4196.657
895.0912
1073.3589
4280.871
941.16205
4304.867
1130.2256
1030.1654
980.82794
975.22327
4343.825
2115.6702
936.00037
881.2258
1013.84595
4257.141
922.5084
1047.0188
1019.9048
4182.943
925.84485
1053.4818
994.1596
955.2093
999.9847
1326.4047
927.5221
4201.249
915.9073
949.89276
1038.5237
1084.7292
1051.3187
953.43054
1032.2423
1932.0461
966.0231
4309.6985
878.2027
994.1596
1036.4215
904.57983
1021.9405
971.52216
1117.8868
4229.01025
1127.7361
901.39465
1221.9384
1053.4818
1040.6345
962.3913
4470.246
4830.115
1009.84644
1011.8423
996.09375
1009.84644
927.5221
1055.6539
1319.5675
1073.3589
4276.104
890.4212
1187.9169
1635.7578
1001.9417
914.2718
1042.7539
936.00037
914.2718
1113.0265
1071.1134
1084.7292
1011.8423
936.00037
1049.1643
4285.649
988.4019
4290.4375
1103.4315
1158.3534
1001.9417
1042.7539
1103.4315
937.7146
988.4019
1073.3589
994.1596
1023.9844
1053.4818
1015.8575
977.08435
1075.6138
922.5084
977.08435
953.43054
1001.9417
960.58575
859.0473
958.7869
1089.3451
4319.394
948.13367
1040.6345
960.58575
1615.1173
936.00037
1306.1025
899.8105
962.3913
1053.4818
992.233
873.7068
901.39465
1053.4818
1096.343
1060.0253
956.9947
1080.1522
1011.8423
4142.3315
895.0912
891.9725
1066.6504
955.2093
1007.8586
1302.779
904.57983
1101.0585
1091.6677
1276.7886
1087.0322
1224.8617
1735.5668
1038.5237
1034.3276
992.233
977.08435
1047.0188
864.8517
915.9073
4309.6985
881.2258
896.6589
872.2184
1017.8771
1084.7292
1071.1134
888.87537
982.7105
1032.2423
1096.343
1060.0253
1005.87854
1066.6504
1082.4359
4257.141
946.3811
878.2027
1028.0968
1009.84644
898.23193
