1137.9383626613853
1631.2009550195128
616.7240394938658
1664.1574654220244
1263.2135646422116
879.094889329635
1477.7177780021016
1268.365469064242
1113.6402889289548
1203.1592722267428
1214.3795663096516
668.1706712219275
1282.1758162805327
839.6464221237268
1207.7238960447694
1330.4090424425417
1615.2114009679274
649.480702009636
869.0277052926178
839.6200274555849
1545.8278995006256
1278.7581722051232
1456.2145132069209
1354.994010693701
1477.7177780021016
727.7846489334187
961.6915304956024
1124.5822709177187
981.7952868604295
602.262654069847
673.2450584332648
658.118948486076
645.3274215413136
770.9826698669956
1203.236416673551
606.6605336388131
846.6600677357643
1127.3028995108425
1030.6178550251261
1407.4105558100766
801.9603980862099
683.8019183575389
946.0304447208076
698.208950161043
1107.0500598046299
1323.4180445885568
1278.4093579488172
1227.3022456118267
1541.3333595633285
701.2150922597818
527.7115548544944
502.68728305036865
1571.4349246519648
1052.408984409004
1498.110740763266
978.1992534940088
1505.3219206158421
1288.8117180048762
708.6369025457515
773.4949883629355
1168.8681948014212
765.6166641437974
572.3799268205755
773.2250380426963
703.1175792237414
1624.9235244666536
1313.181354297707
654.0341550528071
830.9523143369447
812.6724066395343
1400.68683917885
599.8257670853703
919.4878887460526
620.1502690620789
571.9767627313663
633.5227141950531
634.149523925445
1635.1149431802562
1258.6311604950179
774.7614188137372
869.4641828857464
1779.9760591222796
1336.6828915754663
1375.7946551578884
1343.5478397877164
1382.3008335986392
1142.5183815793662
874.0085099494156
1754.8663369108422
1535.2505232747715
698.7957460362718
1101.3245133254404
1775.8957292629211
1334.2784898692653
679.0877042951026
820.9511448910827
1267.3545820543136
580.7446765468084
558.4062892941492
802.4336077938224
767.96467440889
805.2344954956096
1146.3235017151649
1038.2363362692038
1055.5434084731419
1169.0610476508
1037.3572507796725
1614.3923664972062
776.2124615987586
1022.624599435767
1183.8059047898512
1545.2001564453396
822.588205868662
1573.448593933207
1172.5249581368093
1472.727566316863
842.9414257695881
648.9786111865176
569.8278324759764
1026.7087915086718
712.6896460403758
1450.4109550971634
1312.9352259895434
1189.3421816768505
1261.0694895409886
1204.9634204803624
1221.1097197593162
652.9225825238145
767.6508800459037
1381.6957726654682
1162.0384239235495
1121.473594127333
1172.561702524173
512.1888820002443
713.1055871175355
942.8322655026175
1648.4638890398762
1319.753349291194
725.371621219812
1177.2487894286396
1155.6515898552493
1287.6649620976332
826.2075369217949
1535.7840106160506
982.696401634584
1522.2155096819006
737.2589820181857
911.4759314447814
516.3207064071069
1390.9531436399534
1069.3022611419283
1176.010611146281
689.444149054646
515.241543986536
623.748140985532
611.1460765446014
646.4845162843333
1496.2914948185874
1491.5787091182426
825.1984890028491
1190.211458681143
911.4292666100473
1139.678142730625
1061.3422491277424
672.6373095978889
766.1496700252886
1801.9470660572877
1102.6940230769137
1194.3497199064434
580.979533435762
981.3575433994821
1041.2051482574084
647.252775524876
1195.1751652423247
872.6905614989981
1665.7268230602392
975.4047188482573
1445.3890106548756
1604.685565926519
1370.0728346292603
1535.1562675607647
923.6321207397621
1743.5669619156952
579.9508022727895
1008.7237455633126
1204.2808112107718
667.1335233182433
609.3395557840004
1378.212534345024
1501.8250553844935
1400.6958735678513
1126.106473564298
1345.1266745434252
1051.8731959028323
1112.6815131713652
1046.7653762822551
1134.1409140818264
1261.6576912215282
882.1539106634991
1070.9964050533868
1073.1986598560138
1228.9194527523555
1072.334002626222
513.4903349742689
914.8374452271978
1231.4953730514321
1121.1952783586808
668.4138371570759
707.4016464359847
648.6534175827724
640.3435186623116
888.4556636088088
1238.5827287393008
1117.699394833241
1533.273038394907
681.618036092197
685.7377713695257
807.3153622026239
891.8354986245643
1264.1030691976373
1001.2607990400763
656.2590352948694
1072.6708627911435
1016.5908484380601
700.0204547785918
575.4057954252407
1284.970928058439
648.4815975776027
669.6567561459356
902.6462884487512
617.0936967813047
636.7603227155118
1146.1428540485135
1279.459172384537
1071.881892759744
1583.9772434388967
1032.2738330524635
1035.4476613097354
643.42547807526
1139.0384844724917
868.781267100992
1372.120023562014
1159.4765701852293
563.4235046453394
1160.6638338136368
1369.5044385439141
1415.885087056437
1089.027124957241
932.7883809049679
1565.2879342144895
874.9630649227726
794.7037513024302
1747.6545036083564
1142.309128985119
1086.3772808509352
714.5728752062337
1066.9537419575531
1552.3078885018938
740.43355956877
1134.6637387454582
835.2736424341228
1315.132326683044
1348.1847763317983
1619.27383696908
1346.3419468443865
1363.8358299481265
930.5440725893299
1119.2686387909982
831.5242305182887
1264.9717331716024
513.4284293223031
749.7687853948385
1579.9009898331437
1319.6126566832954
779.5179211242486
1191.0476320477544
1110.1026387902102
802.6561378026786
1230.789775144563
1485.6473252873784
720.4328321061147
1070.4593145467393
845.5601090760996
646.0783836924124
1250.7886635162358
832.6118647524318
776.623191918135
1049.6859036945702
1268.6689190763186
1536.3970409434783
620.6222993459784
787.7736005437171
1337.6372830332414
1470.4987328663133
597.0002535340739
1651.6026043163056
1388.6567320334093
1027.8644241039328
790.8798252127931
1270.6569764281667
638.208300348896
1117.1486651673308
748.3650404462007
1508.5587207446601
603.6015123049491
1622.580522555225
1166.6588335013716
1188.642101042928
1125.2419338068667
1556.1856599128434
1592.280885591785
558.8784977977907
633.5054381920346
947.0112932446918
1337.4693127235264
933.428380279877
1511.3020314598991
1533.9007814501927
1391.0892363726425
1273.9949265610103
782.0681272863477
1126.9289510111118
1430.7369727990272
1174.989352325948
1231.5913122976744
1353.1259017152986
1404.2350808051842
1524.4846356209036
735.7545544577828
1173.529861136554
1126.0221542235927
786.748613836258
771.7332165210487
999.4621680594034
1514.4407467363287
1338.8930434426684
1258.5647002910591
1500.5708235058003
917.4190454148736
778.2783738021899
1499.6887849371092
1415.730603413925
992.1867241334919
620.6492726803851
1161.021406610347
1394.0338634246461
1134.6561982883377
683.2464124443521
1061.1442818200783
1216.0451697092726
1549.5943578323413
729.8661427845717
1485.9233662778288
1371.284503463242
925.9910963475245
919.7669994331513
1330.935961912548
1177.6565975754243
1017.5568182688326
1307.2855384919699
1579.4072487158037
1127.830718622758
1393.6281014736842
811.3838505742664
1039.7796533118483
777.4520089208173
624.3679146465614
1268.0319805661213
1419.6728673300904
945.3778558709325
699.5735167813598
1095.0624085307668
783.5562219673127
724.6854566574581
1634.9674133512283
811.8468672975039
1070.0041808668332
1530.44819464612
1611.7409203056488
632.4415578092023
1087.978753684325
1244.4493169003063
1488.0755384143195
1634.8473944087264
1536.9061347096062
1284.8445097297813
509.3212586756356
946.0604832068516
1615.5073786373646
1238.233802410517
788.1947523786598
607.0142521377389
904.1402433566925
572.208229237378
1366.2100184734695
1244.1973614357335
1051.7941149905942
1012.4841607242937
854.3958974375741
967.8812977116396
624.7605605712789
755.3621158300787
960.5823553105397
612.700505271436
1266.34179532403
1116.4151544769816
1484.5064623478684
681.9930016776916
651.2431642009906
1170.0329548732054
812.5645469848921
899.0428961841315
1094.1667712223948
967.1573438726539
1054.7004917729287
1294.8101339870852
614.2449448497483
712.5823657330759
961.8104583791232
701.4218902781432
1619.587708496723
971.8549602940258
1232.7790585570656
1569.054392546205
1050.0551216129256
1397.680538453145
687.1520286603939
1094.7945142776807
997.3237553741719
1539.9838813892575
640.2253247644138
525.6435746708795
671.2641216644508
1293.4553734321275
1261.5074987913085
1045.2208344062437
1654.1135765374495
1128.037309843101
590.4152299619799
576.1553851478044
1460.4354033876184
1526.7675090141508
1717.829496648972
1680.7926563871017
1271.1903128130289
1101.9528694110536
585.4082019773491
1360.0276027122095
1300.8343968239117
1026.6843927791565
933.428380279877
860.8039034501755
1842.6487206634506
764.2093277877248
1152.20791919877
1215.6350524202235
622.8304345853728
1394.8425145523183
825.480514799197
1589.4125811223678
804.9678751674085
1282.1758162805327
1121.1597225996902
1300.7900483265862
1246.1510890892455
1203.6508212980843
1560.893732827488
740.4576242307523
1641.2448439040877
887.7137680473874
616.8981401068553
1579.726024486066
1583.3209374182893
646.1198443848868
1267.1099829536702
1552.105330053485
1080.7548937189322
585.7429447637473
1232.8979864405867
1178.026845846146
835.7042193806931
1549.908229359984
1078.9253797279182
1271.6647982864577
646.7376978095609
1094.0901424314663
1358.6930356893995
1130.8897399566222
1586.148608838496
1160.0260462316787
1079.995424621458
771.808209209026
1080.0548130850098
1536.0978821436934
648.9522698673934
687.7223116053193
1231.5556672534858
702.5587068493061
1575.3318230990646
970.0471338584415
1001.2102887775025
1413.0602433076501
762.3383592284156
577.4185574697333
1092.5628531557109
1499.1191662387942
601.74587991493
936.4800360635433
995.1991551624715
1228.6914840169807
1004.5239594729737
1574.884062318371
1211.3438401282297
1469.2432467557414
1653.1719619545206
1640.7312359497628
1080.659134829764
759.2187342430614
768.902898646272
1153.679755409073
891.8122034721221
848.3820699255086
989.8700825261427
1004.6534451010227
1031.0185171940702
798.8237569264036
568.6909677337618
1170.1569060511806
502.27539859603144
637.0389116225516
1407.6615917291585
1126.4495005443102
1100.7580733028972
1309.7965107131135
1340.1411952804942
613.9827771415578
1379.5757978145127
776.4895709433629
1153.6061917697818
1660.077135562666
1170.1592366709838
951.4303820707005
1595.4196008682145
1175.026170964232
1105.830899262361
1034.085507922191
958.4259179413951
1169.402757246938
1169.80980938435
786.1288401752286
1128.694210191688
745.0374173277518
1033.586758352489
1091.4418514169788
1341.2468056011355
774.4860065183941
1439.731353763046
601.1279502442262
988.0677733635055
583.5860721144356
1127.1490288986583
1253.652434690814
1149.7220316152002
1250.8861353382968
1217.3156750628664
1180.2472637391336
1484.6983543405204
1314.1435087649033
1157.172802214756
1058.002424686515
1271.0531263019534
963.241068047185
1182.9703444535671
1085.0644969207488
838.4856148346801
1682.3620140253165
882.8432507121244
1298.2844141943494
1301.0081079391107
756.1731132254754
660.3469710784552
1220.9708683901538
984.0787850229335
1146.8751187746261
784.2805537380341
807.9122598300435
564.8686177886651
761.3378937340535
1028.5509445805023
1155.0578475851305
1698.45957739324
1009.8671318068334
651.7568836153749
529.1591409830247
1199.4590211703894
1147.1600645795666
1213.2515905071846
1430.4433312721892
1520.6194794064722
1552.8449232227258
929.1224632373967
674.5695811899409
519.6261659325969
1259.4447448270369
1583.4924828177818
875.5162828426492
1319.524995494227
762.4137184770175
1591.025399481213
774.2848272351175
1534.5285245054788
1201.0403798437528
1393.2139994875065
1424.8475904434295
1131.6489059139744
716.3010076992523
675.3653399645959
1109.5464760769
1582.3559245907309
970.2869281267891
1538.2949828371943
587.0625861242411
1409.404743465199
852.5924689883329
1083.695502825155
974.6240182830165
1288.5531707767627
668.7902377781165
835.2202081580252
1209.043750339721
696.261659325969
1494.6668404948218
1188.1661293238003
747.4918250748999
645.3963874531491
1521.97366339976
1506.9078300728975
806.581370989198
688.7554606186764
1296.2320762338827
1402.4042436411387
766.5026742426317
1170.437552439636
1307.805533029606
607.7946397445544
699.7799016168674
539.712717641092
1306.9264880405767
1495.6084550777507
609.3833436645309
1129.3203823184072
1629.1920515683125
858.2291760749794
1174.8795100550678
1123.5906943631044
686.9650544105284
950.4625459867707
1565.2879342144895
986.4472421135836
1063.4073615133839
1055.9210351548372
1259.6647296270612
869.3133774251992
1267.0932320990091
789.3110480817752
567.1354032779141
1129.6317453822928
1297.0807291464453
1274.3271889984762
666.4132126835157
1134.6561982883377
805.861707067783
734.8298493457536
1208.8325613919221
1537.6672397819084
746.2567346490054
779.3023671677997
787.9913524680433
1052.8240059406726
1072.4317809634467
572.513518340437
803.3206626776102
589.040815967887
1095.1653172384142
1270.551556034058
1248.2776912950922
1084.280124616805
640.3410689906735
718.5735111230266
1277.5016459680198
1241.1022160190585
1634.6535418235856
1251.4164065715217
1462.3167512056584
635.258398413314
640.3435186623116
1649.4055036228049
1143.9147953234778
776.7596080074802
651.8445469521971
935.975521290339
1623.6214480511971
804.5344627259169
510.52500745638196
906.7361175167871
1428.1640416455593
1413.5409916314513
627.388199704731
1324.2346009846901
1054.064274691029
885.0860347195857
1303.3428605812978
1586.6311980942114
1179.379212795496
1143.9874452468957
708.7564434595998
1280.3655377236387
753.3601023733892
1465.7658888720646
1261.5947669414131
1050.9469070780892
1248.0886795308415
722.9288841877378
515.89101317958
643.3743069181289
1240.4541982564601
1087.5754691418924
1198.6859899275032
1483.681337027318
703.3784940809492
1592.280885591785
1073.6167685863643
1420.2585521863568
564.249869526712
1413.7928145489261
1284.7070185024813
1296.7581432181587
748.3650404462007
1196.3099701169008
585.1034232237741
1142.5587722392079
1416.8945559351473
760.7132158304048
896.6710346911348
1280.0629959046396
1038.9529687219667
1062.5691631216669
1526.3133050876206
963.0267105487399
1641.7324797678239
718.5186249652928
1057.383112485752
1395.797309287287
1256.8631810307165
1127.5904107344063
1273.3386546756215
1025.2169414810855
840.5291514311602
934.7291332602309
1379.0125389223172
1686.1284723570323
1307.1704725157863
583.1201690655905
951.0206744892328
799.876546838062
1513.813003681043
1280.4169961384857
948.1919896553177
1598.2444446170011
661.1859373769429
1457.3161287053085
536.8287164657086
1610.0025549217798
1233.563737376173
1525.5107661607253
1374.7679169352082
1034.4177703596567
967.9904171099217
610.8280375130842
941.1844399824919
900.7869674656632
1270.7395683322802
1327.8490277952037
1089.4586983077502
652.4848571291953
1537.6672397819084
979.946960616071
1085.066336011731
1501.2581425753242
927.8724704676567
909.6703899404176
616.7240394938658
1679.298866219578
1019.3575819436873
1133.211898836918
1202.2863170404858
1342.2277233282434
1259.788923692186
1586.0034550389255
691.9410909200276
745.2955030955989
993.2395403355953
1438.1671378476674
1036.8159450005537
1108.2909899663282
1264.9398555945759
1485.2506946655328
622.5085936634733
683.1985960788128
930.0119622651226
1070.0557311443667
1262.9785340969179
572.2811301411803
733.2175795846188
931.1601680683946
979.5373020280362
894.2753593277264
720.9695401577777
792.8094323627213
716.5928101351078
857.3035002805636
1649.091632095162
646.0599927825897
1596.0473439235004
921.4877755622408
1566.1878627351534
1215.8660181927544
524.7655611064076
1081.9257816443192
578.2980725100446
1399.5637676190026
649.0092320819934
727.8701160384672
673.2399184097503
1364.9980526069933
1384.9203121877376
644.9197563735742
604.6914802271154
600.553219001815
1146.2603825169579
1554.101666076151
606.9151958869438
1399.2992450327174
1457.9542932761608
945.5406334891929
677.4618582747447
1159.138177444489
966.3677258332207
1564.223091349479
630.0684778020012
1591.967014064142
568.8643605084302
1376.02340304578
781.0462057305258
1198.0582468722173
962.7440164303517
905.7513550355604
1586.0034550389255
739.623682073621
953.1299489427474
1173.9440859125223
1169.80980938435
1360.2018827636466
1009.056705713974
1476.1484203638865
661.9675167490102
1262.8334833895346
1402.7024828954322
910.4173670881792
650.4539259305468
1221.9036612273499
906.3250834436449
757.4126605475342
1253.303313919344
862.376939270355
722.8684015969849
625.5878449981425
1289.7087329439637
1285.9606030554442
1087.3707170125317
1071.254149704458
587.5946774254851
679.9409529188622
882.0625691447124
1259.0118523283506
715.9589367765476
744.5432657923274
500.2074184124166
1344.9501218091261
1377.2788891563519
1251.6057955852043
789.7122467937893
729.2169436678258
1062.5964810064356
641.2446395606453
1094.1667712223948
684.0844249019458
1503.141371741182
1576.4518521667376
1525.7401217314757
779.0054277705191
1049.8551339132407
826.6952025472636
845.0962273704963
1210.237013872059
1065.9135227657919
546.069842136517
1322.2295413993268
702.8161795868257
1116.7655212126883
801.8457117098192
811.7396941633382
626.9396259616383
705.1450818007235
1354.3662676384151
1617.390607803222
643.8484858763943
1134.6561982883377
1580.981510596638
847.0526294530192
733.4253968656168
1280.6072981072707
834.4552469470068
699.4678079384158
757.6071322994421
696.4587378374677
676.2269212347087
887.9138159820634
745.9624800918401
677.9308264752268
549.1457218043853
914.4201305447899
962.5126726531344
1431.6611160176242
1053.9912156840949
1254.682681247574
907.7117580442862
1360.3690483317075
905.518023812034
601.5563766958661
1616.3104373207032
673.0673503725793
1584.7479689283537
1396.0737859649566
1030.5474269655317
1644.1199561397236
1072.2595194414396
1177.2764034073525
1530.44819464612
1174.4270533739982
1232.8323921955516
970.5032284220478
737.3733121742509
1055.0916045081835
973.4831688436736
1222.2018921974498
600.1967418664158
1331.3211727776347
1412.7180950658053
1009.1895013376046
1069.3709205386003
671.470712884794
765.1156799334813
1645.6416027482796
929.7109643743556
967.3056622341849
1424.5980871001664
1258.1389362977234
1401.3613860871224
1035.1503231916136
962.427570471918
1514.1268752086858
1271.6143457064172
1426.5567189962978
1562.14921893806
698.1209803090571
763.6600526143495
831.9920910914025
1349.9328323104583
1282.235280222293
1531.1661090011394
745.4303697676329
827.0339018031674
717.8544265489539
1233.660289652743
1807.5158335516403
1036.1630677018434
1619.901580024366
1523.2291495103318
1249.6331013490346
1298.130543582165
1517.2655904851154
1284.5151400099967
762.7046169840387
964.830245772032
589.6515500395737
930.6427704720456
1627.4344966877973
728.9625360819434
1588.0969787162253
1575.6456946267074
1370.4442660913828
969.1686613992376
1568.284426454956
723.7382916316047
555.9198477537525
1382.0966944996057
1051.9988671199549
547.3573665988356
815.4647934639524
1348.4888393742026
688.4287356639485
620.4150950953078
511.7756995595581
951.0867188614311
1576.0946660110938
760.7659364385636
681.7969424288295
902.8369408805813
914.2330059153696
788.0702599716062
1104.1877245498947
1046.7721705483066
1551.5881803693005
686.3452807494991
1154.2388390676872
946.3320556419021
776.7648019237708
1369.7559083610847
514.859089002042
646.421680675772
1139.3765244458032
1338.13567668944
931.7766665184439
1237.0605640251933
1078.881285638433
830.0502576989882
1054.6785298542754
1049.9108858247364
783.3657599974526
1500.0026564647524
1077.7942836960492
869.1042673299942
997.5381723767717
1619.587708496723
793.3396207540101
587.0189902155134
1278.296928554953
1638.733871682944
981.4868927985692
1135.9116843989095
687.998010512244
1352.567023627415
1115.0843703595986
614.2449448497483
1128.4849575974408
1134.2350464533947
917.1076738727701
682.9456839432886
1409.6076565035776
851.3504535902213
1414.8079927711465
1568.2993449552318
917.3095182418965
1565.4123517569785
1413.3594511008675
1174.2040107713515
913.3890319065938
1640.2646084105309
1189.3231777367002
985.4097773624057
628.2482649493281
580.9837583745051
1580.353767541352
601.9520434462681
939.8578423539384
660.8272803399948
1269.4761501849441
797.6063136474783
1096.4423397978062
720.8460145468009
821.113146899532
995.9292742824377
1403.6600362668742
1269.756231761021
1242.537581824223
1508.0962147779594
956.4394382681976
1409.3259822879359
1012.7596819632043
1428.860486966771
806.0680919032906
602.4156051365403
500.0
825.9142973317583
1080.4858205613705
1109.6246374436473
600.7556001552391
514.2399344955192
841.7018784475293
623.4590373558627
598.7976066112911
1189.8050195740584
1078.7870663678896
1322.2125204496701
770.602621072468
1283.3626429944325
691.0968788173909
1569.9960071291341
849.4058158448576
1587.091165978565
1132.140209139679
824.8306708063924
1057.9998209951445
1307.5990418332303
1220.4802677518537
1205.2772920080056
1040.565851513429
775.3860967173861
1272.1386707295592
1237.2691991903098
1193.4004424444217
1574.7040800437787
1145.3278302281985
1174.6398685975557
996.5527261254318
710.3214510934034
1157.8826913339171
1021.7028667356229
1102.2894230608115
756.1449138304138
1675.3773514316922
1238.233802410517
1619.587708496723
999.2110367186842
1029.9064801801164
1213.7407887084719
701.4309803009284
1150.6814240776243
1246.3564542489337
928.6994643341
639.9282993196583
1509.0810225836287
1094.1563497068287
1194.2172725257667
1275.7138635991173
580.0766970224491
708.2098341413848
1335.012287171196
1284.1839786999321
814.6477940168713
608.3627820154742
1236.83180205169
1383.782221384868
1546.4556425559115
1235.9438199671872
606.3999957496565
1429.9578112528666
984.4564117046289
1712.137079894382
1699.8838370734854
840.4623311254707
1158.6961825784138
961.8480962321091
1131.0368672352047
1423.4958861302573
1673.2597397236707
1626.3075693447913
1240.781309034471
518.9101465101614
623.7254588634172
1641.9854678284562
711.3135681068228
1238.04004309926
1413.584253531435
1466.9946515147367
1518.2072050680445
852.7505240387583
573.2963580685621
1750.4721355238407
995.9249830701458
861.3280443801262
798.7309046161593
1717.680530279407
685.3123246477835
563.7496380068189
995.1166012282683
633.7104968365592
1611.5240143437904
662.3370648078222
1274.9567711447444
1005.8425877072707
764.6433532595436
1041.0624060786454
1124.142728172953
1020.2471701453458
535.4975725528037
1116.6827621184857
1180.7416944390397
1004.5723888688406
924.0526944521982
721.3585079005305
1047.2172305660192
1339.583041292497
933.6580143364836
1689.5810591611048
1051.1663719353082
1095.1893058085443
630.332393217269
1412.4325002523642
1198.898098420793
947.6831744835526
1130.885977260986
703.3351097589932
1314.0684125497935
1578.9223374313008
1612.5402087604273
1249.9193865119432
780.6849005985368
1592.3930701417041
948.1791160184416
1169.80980938435
588.30337423441
1277.3347157848361
1165.5810867942469
1463.5709830843516
987.1365802961427
1392.9724655385003
1086.2932526999266
1170.3459004249692
1151.7626913785502
619.9089702754194
1310.2935525116436
1115.0312584163955
509.91637857647004
782.9113551040542
1092.932741173283
1403.957969006004
943.306137945719
761.2385828210103
1116.9699668268856
1034.6133847166395
562.9523908387113
1332.5997901351243
1143.939052584456
1369.9800533159682
1518.4947162916078
1203.3131428389272
1093.2496778525629
1567.7989064356332
1216.3158259671304
1618.3322223861512
748.1865541197477
1207.3487214843835
641.3657130503123
1503.141371741182
1389.4524453984104
802.3531648641534
770.411968640638
1271.041815881102
878.5584877931358
1549.2804863046981
714.5002311124334
1406.1610909923913
1160.6253890188286
898.8628783893002
900.373785024977
1615.1935071097214
1321.7236287635465
774.9529751744017
1389.7090962710956
828.6326297794869
653.9503061269112
631.1854249178846
1390.6147508992135
1395.797309287287
1047.9995001330703
985.3974132572305
1102.8331809612398
986.2530768238122
753.4874273610147
1139.1080245261173
1281.1947668835742
886.3862720440598
1318.7072010952895
714.3550506193501
1143.4059801517128
1214.6117299152147
1048.6357631070796
865.6649265110474
740.516012147809
634.5914214170728
909.1465110364427
1519.8554233203117
1075.971418074014
1154.1432529735503
1177.332304532215
762.3708498357691
564.8696431877413
1063.4098136346936
1582.8647397624957
1281.3770377638944
789.1204281730757
1044.7638831956538
582.470026212846
1573.448593933207
889.4244503467912
641.6572629716736
1308.72738582208
1464.84904536874
595.0319613578376
769.6015425477785
1076.1660515394444
735.1008087504766
576.6453427472995
695.8913890082027
1622.2799658744734
848.5261320524542
803.5842657184041
516.3376638446125
1218.1447985807122
648.183692739963
742.3299688866674
1050.3736028340818
874.2519497429564
1583.1786112901386
897.9185985636291
1638.2227721923766
1403.5230239886941
919.5867685168876
1869.1139578619498
778.691556242876
993.4391450924267
750.0474076786544
1255.6627580268073
1238.0406978573774
1233.7550028383305
698.5936266915039
709.6747377809522
1107.089254550839
789.5933243086188
1597.3028300340723
944.8162686479044
1303.1776222678773
632.0758768838166
1332.3183253973152
1019.3703279426172
1161.0553386673894
692.6227113023584
1029.8298513891882
567.555329052202
679.1204118256003
1373.4037756391294
1139.6824339429172
1511.7452523866295
682.8563451052428
1269.8581979115284
1547.0833856111976
1577.5603285829654
1033.7354676052298
821.9851349828901
1374.454045407565
1409.5642463319464
1408.2792197840417
1164.8488372691343
1159.7659204997751
1137.2266227920063
987.1288344344232
672.7434881653695
646.2712519926232
1702.1671633788956
1351.1484714497474
1229.131528108871
564.3148041044775
1288.52694030528
607.1131104739471
926.5968358397394
1221.5219666837813
1101.301756952405
1079.782627619632
778.7643491453393
821.4449043080094
1335.7732774920755
749.653535693282
792.3136080338309
1002.2024136230052
1072.6163030920025
910.3496275432074
647.2179096966529
651.8638574075111
603.7087926122489
1004.8022752416259
507.0241014916663
1210.4672067600081
1013.0800433502549
1087.9897772066965
1578.1566668478513
631.805198578914
844.2484064276639
658.6780860374661
745.0846206629637
891.2837713298793
1675.1429688895282
927.0393782074258
1171.8517907001847
975.430153163584
822.1406937296398
884.6449345464206
1210.5266707017686
878.904236897805
768.1554040053767
1183.7104604474716
1260.7105593656527
1246.8215951519662
630.5533906503067
1400.8192537295745
1593.2225001747138
785.3024752938561
788.2167222587459
720.8609040041231
1156.6272052233453
976.52257320706
911.7274132041011
575.3877027463881
669.817983122049
582.7596998840482
863.385987189301
1509.8014804929094
748.942420513466
771.6594853569533
1216.2627954755092
1544.4689392600617
881.6365130671502
1214.0741777962692
1399.5637676190026
1252.3966420650786
689.8734295125018
996.8665976530747
556.3424409390731
1544.0440413849203
1275.3766969190322
1113.3883371388895
1180.7953128518539
1236.9268217524414
1153.174618419273
797.5670140729783
1158.1655206225628
1484.4439467546379
1039.1512818851356
928.0725184023328
1353.0283289488043
997.6720176384155
807.3862798091105
969.937651296339
1059.2591675399403
694.8985863929336
1125.931550668387
1470.1140560296435
608.9967922166401
1290.0226044716069
634.6974756637178
662.7506608445452
735.4551402797298
606.2930219575203
1271.5810305399582
989.5555979681724
620.6492726803851
1136.7125212521416
1566.5434203250613
650.1918171894522
1658.2904822514674
887.3670592035469
660.9888890026584
659.1353166362944
1562.14921893806
1351.952154209005
1183.6201566006407
1250.9431471587477
1081.623557692897
765.7360739885656
1332.7379446564396
1557.243523209714
1134.6561982883377
746.2567346490054
573.6207149307444
533.0545952549
1278.711275385075
1136.0581986471648
658.6700266177768
671.2049642378541
1132.061513438306
1113.1162443337512
1074.9421401542631
659.2350945323999
1595.4196008682145
590.0737720696027
620.7859784434015
895.0268055147953
569.4847545635147
1679.5371702765299
620.0016061394579
1342.0649691308304
1599.9686998922346
618.4533980475393
1581.6092536519238
1237.623224204399
673.6207768207543
586.0703775163363
1623.6680383560815
820.0104133418286
1412.5953662715253
677.9612887544642
634.3559087609526
1168.8681948014212
1593.8502432299997
1051.0590916280084
1163.5949079248883
1294.730677386251
614.5607246715973
625.5565804514438
586.330915405493
1007.1495683653466
1404.2497714418596
1415.283055754664
1347.670893708041
1266.7513602121248
1273.8238910996579
1528.878837007905
675.3653399645959
1017.1891660376295
974.8876213238104
1621.1570661349378
1574.7040800437787
583.0496705779364
1627.7483682154402
1136.9881656538726
1240.9795652470657
690.9675294183037
925.116621752434
1051.2422529639691
1682.6036228388878
1055.5605733223097
1422.4578521798512
1018.2098615327966
1040.649223637959
790.0540733617479
924.0165256628799
705.0381217879903
1293.3090055517525
810.2950003147848
1617.390607803222
886.1189908213013
1075.647125030805
1402.427178998059
1588.5144272600694
803.4144563177067
1590.397656425927
978.3994295521513
745.1109809670431
1277.5584718543473
683.9330064110711
697.2311667887959
638.416117629894
1124.3186678769248
1579.9009898331437
686.0550038466561
558.2587241367613
696.4682505463122
602.262654069847
1392.6599145726836
1122.7290802379048
507.4570082905252
1313.2662623663546
852.1329422214271
725.8836025921692
1388.556831974337
1052.3905934991813
1257.3129180840042
1671.578810565864
1344.12621884775
1490.8505264459282
638.1089894358527
719.351753123696
1458.5716148158804
1131.203611484265
572.1837080242809
1419.468862350579
1252.2611623627172
1604.8352950555407
635.1051408314571
610.7328941039152
1043.9957561953868
709.171636468283
1006.4120371514214
631.1254042882443
1160.1981068806117
1098.9079477747205
811.4384360464542
1411.273872933526
674.1643681435112
1019.3428544883737
807.9684246765254
874.9097312842863
858.6423585156656
940.1306408496437
1191.382237377903
1320.3363411325777
1155.0566215244758
547.7709626355586
999.6638550371272
883.4333049568406
924.5486359870872
811.1263778367468
1501.5720141029672
1345.4823524075518
544.0701372084479
914.7499592334833
1123.1422626785911
1140.9336288411969
1096.9247946654918
1522.5866937271876
578.542896368061
685.5189158681266
1412.3204537723384
1152.2697734076314
1023.615043817254
1193.5242745705623
1197.639547158584
1194.4603718805442
570.860788577692
1168.3673490239128
690.2705139360185
1145.6602387129296
1375.0437805825504
969.9537194503195
937.3211228590427
572.1003358997507
861.3200749858697
1572.193107822635
1560.3236146229804
1169.4536075308013
1370.3737155482065
949.6178981969144
1382.752023919626
617.0410172051459
855.1876827541037
1263.2786059989323
863.9340363020212
1221.7723414174704
1671.6071228714163
1091.9696705288939
1385.5232275147628
1255.41336430635
1020.4069622262973
588.5454567811269
1259.7536190245382
1123.042951765548
1006.7972480165081
695.4196621712472
646.365894915976
1194.937690548189
1299.4405336618483
671.6429756340892
1482.4258509167462
521.5076143036497
1735.092430669335
727.3576226847377
639.0358912909234
1193.7306528564473
1568.8683946038982
729.3162545808691
959.3481106926292
717.3339638009679
1240.2448309457332
1396.1111808149299
813.9273134027637
1390.167545275355
658.1992193263123
1307.0899818175203
766.5026742426317
906.1583391945844
987.998500936506
619.2942357219772
1278.1690500604655
1577.409382878717
1385.7547138293369
734.067852648761
1133.3944410183724
639.9301365733868
1073.1913108410997
613.1309749136396
1276.2300351348115
774.2473928841891
1533.9007814501927
1091.9696705288939
941.894329101653
794.0784480955745
848.6907306953685
580.4844451728153
1036.5702953414311
1107.6577296380956
556.6059943740163
694.2049425774492
1139.0623387324467
1124.5013509144983
1274.6048917368007
1553.0469446364139
595.3491748500129
1364.015013987775
1484.352437711047
891.3050289679368
1519.4626911786163
774.2458603083705
1648.6715657964046
594.2466695084029
1192.790477268631
1019.0433962303308
1141.8317182708786
773.9871921310917
1050.0831473467433
644.208641193758
1335.4739786220773
1167.187661265584
564.5700799965795
1148.4665455046284
954.4428657676203
1172.268060997335
784.2784081318882
1004.713385844149
803.4202801058173
1295.1903533697923
1407.7582769004148
1626.1888190624643
664.653202613471
1366.4617124257863
1480.2680234374147
1021.6624483368691
1113.3267309592813
1287.8728427286355
621.8888200024439
942.2707297226937
1172.2236589468525
1179.225955213639
1510.6742884046132
1337.0328884107557
1163.5323788314906
849.6152921953978
1438.7141649728287
1481.484236333817
1146.8648218287858
1043.005712216591
1216.8008609514686
1376.6603415559773
1751.0998785791267
1081.8805389015956
1543.6307988071248
1022.7157907499117
1256.6363598095681
673.6877370639362
1263.7119558487384
1021.2411244124938
1338.6726912562667
1219.309324708855
1172.634653133137
830.8624433880425
1203.0043102858435
1116.4516496850456
1236.1948156772628
1549.3888803758061
1529.5065800631912
817.7372968877269
602.5724375013526
857.1949939126089
958.2603997529897
1326.0148410555403
1113.0315614656984
1063.2343531866636
1654.841344585061
1342.6546809873448
1486.0911592444363
1283.587766876356
1296.4559149798115
1455.7467710670937
1120.845851072047
976.1823413753377
1064.976719151599
679.7605725726285
973.4143477686737
1556.929337496358
1638.420000155301
647.0929488843053
850.7453018377423
558.0291442791397
1109.2326045492573
1393.8663386204544
1229.1106028494462
1618.0183508585083
1272.3912189742084
970.7631906383695
1044.9293535198294
902.894706255829
1653.3987831756688
949.2568233340594
561.5893179056759
797.6066069956569
1555.9113021478067
808.0624522602632
1363.7824134677041
1435.9628008086684
620.3617614568216
1016.6975959417787
1369.7531987643279
1355.1147218266028
591.5199106120045
1605.4634897527894
903.4168675703279
716.6758993225637
1098.2471010817535
1313.3695579765258
682.1552184615309
1322.7486154710057
1324.4319096126778
956.5549493820859
1584.7479689283537
639.9946707230202
1579.874990855631
876.8984016664617
1187.0727434047133
598.6432751524843
642.4896710188764
598.8499142370572
616.0484800730405
1042.0174019928972
594.967286658294
1247.6514131434456
1263.4097318973168
1299.6333294404985
852.651213125715
1118.247215514081
762.0009488060023
1041.2689972989883
863.7847213826806
1231.9563718576578
1421.0106336240597
940.0343950882375
1119.2764934338322
609.2867555615132
1094.743215703908
1594.1641147576427
1319.2567947259777
1272.49353322514
771.465767773486
952.8179165060868
1258.2118477510576
1347.0532809743333
1629.317725853655
1380.4041177655781
1590.71152795357
1329.6664195861167
732.5469244064129
1182.0507989624257
1430.020280329309
921.7862931604743
1148.1526739769852
1034.6580782480085
1522.2063234132577
1134.2086861493153
1533.273038394907
1196.6255949970187
1039.187146307044
1667.6100522260972
1588.9762802587031
1521.97366339976
1052.1858413698205
748.1160556320935
505.30393839290423
683.0876375895484
942.6483564043892
1578.4705383754942
1246.3944621292342
1340.3972061966938
1594.951772377462
1233.7199895406104
670.1097855579046
1540.591680401829
915.2600004659031
688.295840977583
1562.6553015011127
899.8612916712474
1055.9100006089434
1273.137796865953
693.3819717161313
1532.959166867264
1493.097482856607
591.5199106120045
1637.1645140447292
1663.5297223667385
1265.5712768318267
1332.7606267785543
980.3781518178046
1425.928975941012
1150.823854723259
1436.5644390915545
1055.5605733223097
1287.0530143828464
1563.650015461018
650.9383484969757
1236.38612900365
1233.6599831375793
2000.0
1177.1480261459872
1782.4870313434233
798.9517957946896
669.4501649255924
914.2207330359415
1174.8317538266376
1595.8883659525422
683.8440587174168
1111.6694001007822
923.3106013372649
1106.387024543389
1615.367880180634
982.9109622491837
933.2653142127813
1444.932303060942
709.4799888857254
1551.163715470556
1662.2742362561667
1619.311231819053
1182.7025502244487
1314.4141717795883
1635.5951564065144
1174.8317538266376
667.3814940856878
806.1553149116357
763.4388977816332
1182.9268015402006
963.2823441952771
769.4584383190725
684.4004420357347
1076.9945656904908
1643.9789591644153
1282.3344766131872
1517.1467988305562
719.37711288128
1315.3205239253448
1662.5881077838096
727.5707940093862
910.0516948040776
1643.7361991547539
609.3398619929551
823.9377500998819
732.8014752980862
894.0859329565512
1100.1303302476113
776.7038779777142
824.7613983793931
1137.2398161373915
812.3588486698611
1271.5611961611226
590.0737720696027
973.8718300712628
689.3123475342489
1139.665600411838
1158.9494155467457
549.6563760671326
1019.8864559966397
892.5032592441571
959.2603596047193
653.5496984631611
505.37137172892125
1673.3412647957855
846.8008971862685
1621.604199799692
588.3462526069114
955.1829875093028
1410.028493539163
760.457043256107
797.3871421384378
835.741191889743
1581.9231251795668
1462.1897198083586
1216.2627954755092
1568.6007501039087
731.1503966140253
1298.708694259974
1300.5409788296106
1012.0335809839627
1136.722110491769
929.8672871078497
783.8618185041623
526.6518082677235
1087.3508680846328
1151.2797416771937
1272.9374492461975
1243.1091095085494
974.7004253786617
1640.5027372491404
570.7814179917826
811.6484438948199
1573.448593933207
1248.1431311382216
996.0434065383224
1523.8568925656177
1445.014108008042
906.028586017764
1484.309080082604
637.1744247016892
1118.954453077642
990.1383106015492
1520.0904342339022
650.1359817244945
1090.1234412034576
1519.4626911786163
1605.1496182251465
1004.5104728057704
968.8117280195457
1166.6710941079205
794.6250632639438
1489.6185357484549
1274.2523992985298
675.4033024352425
1690.5226737440337
1012.7594088916371
1029.440175385123
995.7114251497953
1264.399162845785
616.1042658328364
1400.8593891496926
1127.0717870774024
1600.5397872557471
1452.6196806620583
1413.2339054294164
1156.050343685236
1482.3302181856675
775.0346210871758
568.2771722627481
590.7015353346796
562.8978311395703
875.8887407171883
677.9042918962596
818.3570705487562
1280.4191778772886
1546.1641120336078
538.2770006142564
1258.025199959785
858.6184503328959
610.4152678420689
773.4874591169248
1115.8239066297597
687.0172116935214
1513.813003681043
1313.3723166129994
1114.4170020283132
879.460255404782
1678.281684165958
1302.7530953910916
1245.7124336736624
1468.3016321728126
1242.9688486595683
1055.9989028671966
617.5140545609486
1275.499939333316
940.7522437833518
760.0716795927517
856.7162172268879
628.9177073034432
1160.319579545682
704.8293711820982
749.8126265747312
1643.6445943827034
1547.8179518090244
874.2439803486999
1128.3775135035996
1069.3341387189548
1022.4408510972398
1120.3003336949646
857.1962199732637
700.25800403047
993.1727800401175
1557.122105688616
989.9614240449295
1219.830938496302
884.6376351870125
722.2838101200215
1409.0353926929238
1505.5239141087295
981.0903938465741
996.7758691646154
716.3010076992523
1613.138134618513
610.5912840982794
985.5672226579279
1471.3505277889608
1221.480860531056
1452.2751803228707
1534.5285245054788
1264.4880522432618
824.9679895997363
1413.374114835293
1523.2291495103318
1172.2756292578608
1425.301232885726
576.7599794185285
1272.5025953550175
640.2778907342918
647.7709230689478
1356.478852375023
1600.441545310502
1290.9642190545355
1594.4779862852856
890.8488750972651
1259.2785205207815
1530.1343231184771
885.4832783717588
911.5846356237208
621.0360948169921
1677.6539411106721
1265.0091739529187
578.7906653897816
1729.187722555552
568.927935188626
1090.918936547683
1157.1081275152123
1410.5187950723107
1499.0610418818235
1282.5644775081216
1266.9101350669287
647.1052094908538
1009.8554842306122
541.8955024535398
779.5197602152309
1082.8673962272478
1527.5368088977036
938.3203622927499
715.439087058889
1889.3827059006856
1537.4402189125217
1450.0970835695202
1002.4298478744809
816.9053901876487
1242.638425313085
1259.8532275726852
1259.2662599142332
772.4273637155488
1287.6649620976332
618.6069621445599
1701.8220487391807
621.5035304416557
1637.478385572372
1151.0013958399873
1087.850067455366
1410.722145638841
770.7922078971353
1055.6549799927336
541.9380177296545
741.9713461451222
1096.3330817159867
1274.0050415614128
1398.5337146669156
732.967769726192
785.9335900159429
1225.1308921920781
1083.6134694768266
1483.409880570978
1125.5539239866916
1275.3564669182272
1214.9195131334288
733.861261428418
510.5361522374994
1012.8679152595918
1189.4141444557263
1548.231634896141
812.5994504403413
638.0029351892077
948.7161305852683
1506.2148669599196
1334.9062329245512
1158.6048410596272
988.49268911892
1384.4979342921401
1602.9561957136104
757.6709512724676
792.3477263318186
1327.5737667462413
793.8646698770383
604.4309423379588
904.2315848754793
1752.3578731534558
603.2956101715627
1115.6383210562014
1193.6361526053176
516.1141151867638
868.5484395326516
1592.4433086200756
846.6211810357636
1255.1057887658535
757.3817025159991
1162.2768927209188
1360.0159551359886
1186.1311288217844
1543.316927279482
686.3958971724799
1674.4453403769157
1698.6422604308134
973.9030946179616
1040.996198803283
565.4342441193022
1588.033723118634
571.3618914720244
643.9835872672475
1039.3931244970597
920.0073956862348
830.9671043839434
1300.1241182069598
1208.3602215246392
1516.0851947600356
988.2746683431317
1085.2543534563479
773.6432514965093
609.3940358688131
1195.6157671365852
1272.7596704512434
568.7213127349694
1584.8918659850708
734.039784311132
1357.4214095150921
1120.383013174839
1061.6885840227092
607.8406170191114
788.3741136614921
642.5534593097034
1304.2259041277784
620.2624505437783
1111.4453831412416
928.0570085509557
1359.4522737499187
1019.1514761157255
590.9917484731093
784.8153531892821
1553.4920046541263
974.9648631450663
1415.5264643148917
1407.7244273377196
638.8293000705802
1467.9877606451696
931.0896695807404
1152.4466449054526
504.3384156272056
693.9771616171297
1070.2867878477773
1219.7472035141604
955.1143281126308
1533.273038394907
579.9508022727895
769.6315810338226
1534.5285245054788
888.6140242539319
1454.177413428879
1728.3356104004274
1175.390224454924
501.85932098308814
877.9880630734643
892.9365010926244
1415.8599521993683
883.2346831307541
1155.7368863672737
917.2472251028819
1291.5426131684635
648.7067512212586
918.5538124151719
1001.5746705677193
1539.5504689477661
844.9080270599761
1206.574094280425
1407.9903832881218
979.6465757556314
1070.8840389341244
946.2027062428149
1128.7631377507755
1388.5828597354916
1041.750226106019
1064.976719151599
1378.8001239138634
666.4052432892591
835.0909593965494
1189.3624116776557
1298.3757557131362
1506.5939585452547
755.1401571237598
500.8263648813725
1278.2867518833314
1605.1496182251465
1156.3907335207791
1161.683710094102
625.194279527934
849.8711205908305
668.7850270203334
1553.3608161640568
1402.9081545702843
1664.7852084773103
1279.403750707188
1328.6510306921357
916.1021654522511
1087.8378461220314
930.8867565423618
690.4771051563616
964.6892678196868
1578.3331999847774
1615.8212501650073
738.0088647827191
965.4550954959929
694.8155207835672
1204.0218058974335
1639.9893577935159
509.29660491544064
575.1992042048976
515.9075239664206
609.2867555615132
1051.128977085335
752.247880038956
1545.3044661021738
534.9494854971464
1297.0399626296712
930.2774043968989
1608.7483230430869
1387.5832379972992
1529.10459874607
507.0164652527525
1238.1228028892526
1164.0867398861008
1625.444600244967
739.3319440703824
1231.328628802372
1344.9715778705863
611.6535768551147
1197.4305038169314
800.4781410732954
709.5907777352289
1376.337274573423
553.3268951526057
952.188555442684
541.6891176180322
1815.1836168871055
1556.1856599128434
1557.4411460234153
569.208058814947
1088.9425267720562
923.3054104830638
1204.377963656893
576.3695331006265
601.3879216468166
861.3121055916131
609.0360261575954
512.8151442290251
957.7000900337207
1016.0262475064992
858.1747881961503
766.6173550079501
1049.1599236736374
760.243960444544
1133.9394929578434
696.7162810245029
1139.6346175773779
622.1544005406677
1327.0116688684398
1234.0519709291373
789.1363669615887
579.62896135089
1675.1429688895282
1529.10459874607
821.1788491459058
1050.2376309892552
694.1957471225378
949.5277827387825
758.2469948231633
612.8199850017313
895.415595736742
960.1779586171834
1470.3460883147839
1274.6416735564464
594.1108658369672
809.4319620117367
1312.2246900896362
1082.1476986228479
631.694853119977
1188.0575143408628
1574.7040800437787
1494.092194825093
764.2976041548743
618.1701780362678
640.8952122740116
839.8425574644411
970.9536526082297
1349.8700864211207
908.7839480869573
1288.8161607872291
1174.6472316980817
1497.8355942572955
1143.710043194117
787.8308989757495
601.8914642065896
1515.0684897916149
664.90086441608
1663.5971557027556
814.952300110223
1054.8126493764598
623.7873749264875
1405.806009371966
1527.9059578782776
616.7240394938658
1264.7366240749766
809.2670568536587
660.9302694350026
974.624631313344
1269.170990914482
1171.6654521854737
517.9285275645469
1265.9090565422393
987.5804142532004
1102.6364325901977
1140.4750821562811
1348.8912937841587
1214.2558164118032
788.1947523786598
1558.2654899256866
1550.5359724152702
1167.8858176824347
624.943550124016
1519.776562706259
1238.0333414934482
1113.0413619735655
1491.2142536907493
1279.7629289117772
1634.0110860404413
603.915383832592
641.4653304785193
645.7070747138716
1485.5645661931758
1253.3983244154358
968.4967801603769
1187.7004864599992
1267.0787184069713
1533.5869099225497
1399.8776391466454
1130.61142418797
1023.915334790166
1263.2798332868751
944.0893285893064
792.994194370897
815.3554095011334
808.7438354691991
1603.2663890592885
641.7857628392269
895.2263408425814
606.0331114905118
590.208332226473
831.4479149095419
952.0610885322653
829.4306103155891
1133.5469067175118
1779.0103005756857
1332.3449922165582
1146.288610139642
854.30394288846
1130.8897399566222
755.5484353218267
1599.697398758318
1164.451378045857
785.2111337750694
621.5720821438106
1116.4516496850456
1362.1341952154369
1206.2189065909342
804.5987603412402
1175.4717574884721
650.756375779579
1268.543247859196
1215.549841204711
546.27643335686
1213.1240801990798
590.693545730632
816.7443733199206
1299.8789060759889
957.1417914948668
1241.721331943253
1498.4332988265373
1263.0748762004278
658.0171493190663
1479.9148786956025
1502.513628685896
1150.4573226044124
1243.0166650251076
720.3255517988149
715.0785368616296
1159.1061945315823
1348.7165801408419
1274.9138590218245
1294.6816349600572
897.0528156481098
1629.1920515683125
1250.896003228073
987.7900706251808
678.1098626266783
856.5204040492583
1584.1202258730675
802.1467800286458
1282.3344766131872
1105.6561856190442
637.7411712393962
1499.0030336574337
875.3805385757507
1184.3922188996962
672.5735667167158
849.735640888469
744.7224961158119
881.1663188060131
1599.0280259832148
724.151474072291
1333.2314340700186
1244.934836919629
1124.6662560725763
687.8095811574256
1557.3248160166668
1228.189913525942
1024.7650126196559
688.4666387539661
596.5752949688695
781.1271257337462
928.4542993593079
1120.8521222314405
957.1863706193365
971.5001022582451
1240.360577930632
1526.0539932591187
1254.192648835009
1079.5717451869968
1365.4273385766103
1674.4347942916231
1058.4540862664549
1212.8788680681087
1076.225196061182
1517.5029538681583
1170.9699692790068
1422.790260664582
1363.438809969181
1030.0398961978021
784.8892928531698
1054.8488451121661
582.8430793575933
1277.1521962628444
1164.7502379857017
1222.8626799805957
1543.316927279482
1570.3705686591925
1375.7095315181368
1167.7114065735652
735.5435633077885
602.1598744217642
756.7070626406648
655.5392807356037
1136.5394274541954
883.6650304206083
624.0573402279769
649.985225969109
563.2222110134014
870.0906998803773
1010.8357197241692
747.7028731914073
957.0006224301258
633.2430612118956
1664.4713369496674
1107.452670993571
846.6600677357643
1640.9309723764447
779.3113299039055
682.4609052058834
1259.263194762596
1322.6219667190364
1054.3050872117378
875.9790543823229
1144.0245277520871
647.1205352490394
584.0014001612678
752.7513675537613
1696.1723612416072
1517.6561233268171
1006.310329847098
670.8157835606432
1342.8725620294738
836.6364088519945
628.4019818446171
682.8148390938431
955.6245190741797
678.5277753207685
1554.4158517895073
708.0183549453769
1045.1208104389057
652.8775030539127
796.2151564039862
1694.2315624529285
1484.6229516102467
1374.764851783571
1274.2122458120834
1263.7114604026497
767.3127938203273
971.8917421136714
1524.0876712312972
1145.9658334106862
531.8150479328413
736.6079588146963
977.1901632336287
637.5876071423755
1043.633455271877
833.4063520567781
1533.5869099225497
625.6264278628443
999.3775698742185
791.2060040306568
1715.0046529001854
1142.0855128264334
1569.054392546205
607.5258801449623
903.5603166669459
1037.603399910045
1658.2904822514674
1310.6170518063757
984.5716614061853
1540.805955058338
729.2751815489314
1148.4879101331364
707.3114170681217
1401.4865050890394
687.603196321918
1016.3352147915227
653.4972767149421
1503.141371741182
1110.969534425546
915.1593189615783
1001.2607990400763
703.1744958132072
1550.222100887627
1159.4883433071218
1626.9551069717488
1519.5412376069553
1219.401510751939
684.2793685460679
1118.429787482096
654.8696313198669
554.210271854429
744.2598143851709
1199.157410249295
534.0875513566157
596.782092987231
622.482233359394
1294.2114033414277
1393.4389816176727
1140.9146249010469
627.5679973883509
1184.146749651901
1064.0351045686698
643.1677156977859
627.4398096173015
1275.921067849788
1505.1888930347905
1407.9684134080358
798.5310646908506
726.4444504998831
1522.601406455046
735.4146802781196
1556.0180096591225
1013.874059415265
1531.9927616073576
1180.4385475738284
707.7262459943577
1653.2735547366947
671.470712884794
1627.9972585283758
1272.5837307472716
943.9804713058895
1129.4374711109458
1314.9692606159485
1512.7995843230588
552.1137210211498
1071.2038812176093
1333.5555681794394
895.151992695948
687.0484265350585
847.4864326171369
1417.7450664795065
829.3578997744457
1378.2205037392805
1317.3429140437484
653.312141556059
1033.6288003282575
1160.7227436348912
1041.6647675919862
1135.275788836412
1190.5394299063169
1141.875243424126
1125.552353058125
763.5846382248405
582.116025389264
1275.2706426723873
917.6665578831456
1506.659623359346
1341.4558489427884
1162.6532933419594
1231.6216572988822
605.5681135953371
1161.7827902770123
547.1787962031584
1167.4777364720521
639.4499932771007
633.7989382739371
1149.74348767666
969.7404781702583
1591.6531425364988
1090.1820740941148
1234.371098317395
1338.6726912562667
1693.849262258747
620.3570670804404
1247.1687194327756
1075.3344795638168
672.6442764640276
1095.767484657577
811.5412707606542
1272.3912189742084
1523.8568925656177
1192.206770123129
893.0792036518108
869.9055647214943
795.8386275313555
691.5882226248242
1438.1727875408146
1379.4759898498523
794.1188998617272
1617.390607803222
1200.355884539416
814.7631590834944
742.5380926828291
1030.7328450614891
1247.649948239806
1024.487292085656
957.1863706193365
1005.0002840373852
1175.3732390442037
1054.2401059970305
1319.2126565424028
778.484965022533
960.3765804432701
795.8643748051074
1448.3211046424078
510.4656029191587
1590.2484028323624
1585.8344231251397
1146.8132027115557
668.6968709274022
970.4888274149054
1158.5104343892033
594.098311269822
1133.4618069884195
538.0514557725687
1101.385816358183
1131.173572998221
1332.149435542109
1093.266842701731
1106.8880700620102
721.4657882078304
1273.950181483548
1620.529323079652
1528.3384375809324
1053.3837026296142
1226.104384352033
1275.9817578522034
867.6214137214988
1502.1386133541666
633.457928341659
699.5735167813598
525.1783307774228
1671.1702433065439
1225.9774870742558
760.3049376323379
1737.6034028904787
782.7466054909298
1628.188917162831
1061.0921220825094
1004.6122358401233
1245.4644951225264
1514.1268752086858
640.203714064673
644.8719400080348
1687.697829995247
1157.2549482786312
975.3612243030318
1354.66297431689
797.1854551607141
1075.6483510914595
1108.3098034445088
1042.691840688948
1548.1246121160727
1210.3347922092837
865.102116291293
1591.816192680729
1580.6786736148886
736.9760685220779
1105.8163356499879
826.0009457014519
913.6428264621488
1357.4357104878454
1401.7215950983339
1349.3443231961278
639.9282993196583
1268.8210383486087
660.5535622987984
1106.6740352081856
805.9615973281686
927.8504173306126
780.3442860056211
972.2000963683674
639.3824847696972
1061.2102608198832
1049.3376332653677
1222.0430584328246
719.4354317633899
1150.9744525741348
1069.3759472648017
781.615710904706
801.5622271340108
1522.2912131093676
1394.888798342039
809.3704558628393
1568.2400231771855
1068.3214617095618
905.0691214843573
1214.3795663096516
548.0011941830778
1082.1740589269273
584.2892178999952
1486.9818923101886
707.5840229583944
1028.6669328580579
824.9679895997363
1122.1063541101337
665.0663850541571
817.1494008037237
1182.6785420177116
734.6122235795168
573.1332920014663
1016.6405038945817
1083.8663291457915
1315.828729135002
1352.8850197896786
1260.763893004139
746.9984092063661
741.2985453607704
1011.6109404487453
1417.164403572704
791.792624302113
777.6475655952668
1203.3523767798824
851.5572516085826
683.2972939615287
890.9846125300948
1533.273038394907
765.0565357002298
1213.6782596150742
1480.8166714163826
1132.216761378369
1378.4289340506061
1254.682681247574
1281.901178693845
969.9137669978678
1251.540266868886
1209.4783888418672
1305.4023093261121
743.2124260429996
902.9521905821377
776.9395155670877
1352.1691669449144
1067.5214080407509
1142.0640567649737
1159.4844101006079
1203.7079343697906
1226.3287534518718
1086.7086442589098
1088.4999164210774
985.486942019005
1355.9356252766302
612.869917825328
1027.7921385808186
1366.36801248563
1718.4936124287399
1084.6876198385744
1233.6322384527002
1029.1953650003004
1544.8862849176967
589.6605896289165
760.7378368676211
1563.4047050486317
1240.4701370449732
668.8297782342356
1582.2369967072098
1371.7285187082616
788.4666739771301
1253.092431486709
1295.431371050501
1059.0358422484974
726.0107950553792
1166.0044698643949
503.9319765201211
563.9012080677545
705.0365754327688
1151.8850431588016
896.8617342791439
1180.6600362656468
637.6415538111892
750.8132984349247
1275.9509676522944
598.4806595000636
601.0687029494392
1548.9666147770552
1402.9838638157214
1280.0685187003821
1241.514985690074
753.570799485545
1047.3999136035927
1030.3540819111586
605.9321382447624
1501.0766905075575
677.1590212929954
782.8233806497385
677.1050746241817
636.3502054264627
886.8086431895738
585.1155827813676
689.3276732924346
1223.6457964621518
1067.4876913727426
615.4844921718071
1757.0634376043429
1139.665600411838
711.5494096313603
1191.1395865968684
1209.4399385242634
1372.7302041268385
1255.9050600386008
1083.6899910639695
893.5752621585204
1215.8385784889292
858.634389121409
1456.3591497818657
1011.6185594522942
1131.5174830119079
1044.1935943981216
531.9664664237159
1463.593559258168
561.7707748825944
885.5605201930147
650.2646887965057
581.1903495948483
909.6575163035416
1624.2957814113674
1249.5986409445327
1151.2080171288849
1242.1990564950056
798.5972058250786
799.2749690317513
1464.0939879790799
811.7888267541232
1530.7620661737633
630.9671861213203
1107.0355038557564
730.9689843436141
1288.0443556049977
1252.3580211544504
547.722571899262
1519.2270518935989
1158.2789065187944
811.9527427181192
994.9833684872169
683.5378503756888
512.5888558114582
1101.406046358988
848.4405538778468
868.7628761911691
770.3531177292049
580.7449830619721
986.0766011548586
1333.081241639799
877.5170521530449
1569.054392546205
995.3475342747557
1543.4296660676093
770.7178707740243
1193.9147460478669
843.6668770402481
1190.427858386725
1296.2172759302634
1090.714184418322
1245.7667190739485
1268.114132754176
747.5771215869244
1060.3495662401747
1278.090744180563
786.1288401752286
732.3078425787162
796.3421807060656
1548.1321375223808
1694.923618464637
1322.5467953325401
629.7392863754827
1389.34776970448
974.9003035037674
1319.0410080507231
1221.9989202492502
880.3344366516937
756.397333209829
539.8721055262232
1273.738066853818
1650.5253842340012
1301.5708697796892
878.2231602040329
861.3792278193322
843.7837294394737
629.9458775958258
683.7035342479664
1027.630911604705
817.6220471861704
1231.3182072868055
631.719912498837
747.3531372461471
1063.721233041027
1344.7567107408227
1143.7584725899837
562.1165239872637
933.047075416217
1226.270965371797
954.5999956679191
982.6792367854162
1164.3271726510006
789.6408909210618
761.1607445378143
997.6468582355881
600.1394235308013
538.2432839462479
1090.714184418322
1253.7293699969064
1303.3428605812978
1517.5794620127585
1579.0982814307802
1449.6599929460644
796.7109696872851
825.0268405111692
608.5149503792819
747.1793452917841
1182.447278317048
1242.1345143839394
860.6878079994862
1604.8357466975035
661.9914249317799
1229.5757449797668
1173.2993768287151
1064.3802406430116
1180.3048885899116
1007.1043391227905
641.572610785819
976.6102365438821
1344.9712713554222
1394.5418231767148
1531.332575100897
1093.2251566394657
917.8160730643688
960.8053951573057
1083.207015028643
500.0
1518.2072050680445
677.4618582747447
1318.5849134871169
796.7557767427886
1233.136455237956
807.6143270909135
809.2630681678445
945.9789501733037
1231.6425003300146
1347.0532809743333
1547.0839986415249
918.3151084493254
655.7195282202547
812.6792241566231
871.6400834673129
854.5685282475808
816.4977495656681
1180.0982973695686
1279.9200168593036
695.5192795994542
1551.4775869981988
1327.3790386940664
668.2863106198963
1055.5717809158034
811.746151497776
1418.4414235218103
1100.955661752536
818.8775332967423
1132.9007859457486
848.6027608433826
787.4676984103306
1565.9156772697756
657.7566114299095
1271.5906216168391
862.0908574301923
1725.3328798553478
1036.7077515910246
1117.23939365579
1574.2095517309558
1692.0291942395775
1264.5475161850222
1642.24285727714
1022.9179344474411
1145.3278302281985
734.3027751976197
502.88876854260013
804.0305517967715
1228.9194527523555
984.549592314398
680.6426781186279
1077.8454517849605
800.1770431585611
1067.1738198450994
543.5907474923995
1192.5523149864255
1224.3262522236278
919.6027073054008
846.7673480430642
620.7724917761982
1245.504342093809
948.8863980745621
640.2196528531862
679.3006387531782
949.8148236253915
914.9344813620389
926.0033569540731
1306.581779676083
1293.622563521426
625.999801378174
904.7122006521824
1024.8011636132987
626.4338268499928
1405.5866429932632
908.2199086396301
1616.9008302545924
1176.2674708534732
1083.6556956610364
1142.8168580070546
605.7747048156801
887.1022914664952
869.3930713677647
703.8062235656214
1275.2706426723873
1358.1327259701309
1392.7625026513563
745.4303697676329
1254.5551218479513
1134.548917981038
1599.813802255216
509.51332923868347
1387.445781747706
1071.6379066894278
752.5724903360984
1158.1965628615603
761.1313025137104
901.6023720520626
1219.2746134741615
1284.3615798936924
1245.0678645006806
1084.4367538654628
601.1267088731236
1065.9538894935185
896.0188255563024
1271.5889919727817
1280.2981043876216
1371.3432230110334
1420.770325735708
572.6894580444088
1080.7046252320831
654.8654783417608
804.928641226453
1590.5368516677454
1245.161658140777
810.4551854922461
1134.0353673187456
637.3810159220324
621.2573987651934
730.9689843436141
972.5525888066384
1118.7407049276603
675.8392606979837
620.9774611355249
514.874567864705
1326.7633510853295
1268.518726646099
1272.3372925556457
1250.3515637065111
1041.858785754332
1355.3934835470648
1556.0705841379734
1280.4305189383458
1287.3596007292608
910.7052035056528
1613.3102779438636
1114.0939350457586
1022.6819177713813
993.1222084131466
994.4882604531028
1371.6280699104816
620.7706631171634
1283.5716863360853
1440.3670662125885
985.4789805861813
1117.8892443851917
1135.2839413436236
837.1568715999806
587.1139912207223
661.3030747160149
1529.1927085355483
1230.0731426917998
1178.3339960872318
1186.1311288217844
1198.2271367274234
818.0559726340218
1638.106128627658
1666.2659657443587
772.4852372079984
1588.9941709536693
822.7852635794077
1184.2478996559266
1624.9235244666536
1270.6403566309382
1355.7296470866145
706.2770432189456
643.2643965327677
1088.355856748708
1532.3314238119779
652.7781921408695
1130.0853410748496
1170.5072967588492
1562.9633477096002
1375.094662099727
1598.558316144644
635.2465244024675
1473.1871856514408
1647.5222744569471
1586.4627945518523
632.147882531946
753.9300352574176
1101.2668884746622
1635.5951564065144
792.6640499807713
1041.2573497227672
1493.097482856607
969.1121119543086
1537.9811113095514
836.3732451802841
1459.779284560913
821.5472803726898
1228.2910813256428
1614.8796355820784
1400.918793686916
890.4794896259062
1035.9904017884592
1393.8945662431388
1555.443468198627
875.1065140193905
1561.8788725636643
1203.3940628421474
1176.9957508824573
973.1938185291278
1005.5223649645238
509.0900136950975
937.1556764669818
1156.625672647527
984.8965674797221
1249.0273384071602
713.3087876481146
1187.4469385893208
814.9395777405706
1025.4411672751335
1213.4735074857135
922.5129040214573
1100.7580733028972
945.6448486448558
1438.4838370467305
1186.1311288217844
791.6760319475472
921.4341528625014
1008.0953741366001
630.7920828140816
1272.589861050546
941.7033919390205
772.4370661562435
1312.6213544619004
1027.2244724976206
1129.6342538460501
1096.3638719158955
1407.3008233814671
1698.425902369649
1131.5174830119079
1446.6501521082882
1561.2554207206704
1306.9361112053361
1013.5537372621948
654.7604257046069
552.0254317674768
1334.567840183811
614.2084695452663
871.0793150881902
1136.2255559265523
1168.5543232737782
1603.5802605869317
1034.3666998401372
1561.521475882774
1228.5243215695539
1079.4148094231755
720.9827123324458
1473.8109357254048
935.6007026434567
1289.0809898886778
591.1273637907885
833.5216017583346
811.746151497776
1270.279349746471
1157.8826913339171
1107.6632469110423
1036.557696329543
881.4746730607092
1195.1139179396118
633.7367542544298
1872.550977745756
1321.1207400767003
1563.909533379806
672.3467332226882
1590.8613945388408
973.8393130772183
565.4677739998483
662.8830775430234
1370.7366295020438
786.3354313955717
602.6240354478657
1262.6721872101973
886.1019264086705
780.8579086579757
956.5947963533687
634.7523418780225
965.4794448887781
1278.9356444849136
1470.1557004474907
1573.448593933207
603.2428895634039
1020.3001390837561
514.1288523695616
1287.825503778106
1366.8684081359752
1377.2788891563519
623.3349585448458
1275.495605817598
1532.8672943821496
1227.6627098989302
1257.1611137698465
683.6372606990553
614.8647185107777
1272.8048150109314
1105.1522746898986
948.2079284438307
1572.8208508779207
1124.2984378761198
1570.3098786567768
963.4392799590986
873.1037439396844
1352.256217251409
828.469510828664
658.2965496798363
1606.7189758633613
1374.64239086113
1302.4389096777354
1114.2545489915447
1076.2760941467454
770.0582501417122
1417.7683162222947
552.2931337213391
761.3378937340535
1276.6756811825167
1048.2814512144337
957.6587104866194
617.4008127269877
980.7865842277346
