1376.02340304578
1130.5942593388017
1388.0984657485653
1091.3592744150344
1223.393972931033
1666.4591899580728
1273.3677965360516
1093.2867577155912
1191.9942349786954
1088.050584589211
1514.4431988576384
1488.554928130368
1246.2620475785097
1441.768862227973
1502.4862466646043
1366.8250873261702
1391.567245389755
1825.0689352603192
1259.0760161692879
1420.5931599710814
1189.0374813115418
1834.0665857194176
1548.4990769806705
1381.091937792952
1179.734361698519
1404.4493568054572
1641.5445008037723
1129.3181077447532
1146.9552214040764
1709.2730222532039
1377.275681843861
1569.7753162112601
1483.984991382837
1433.9829683827566
1037.5616272927155
1621.1074106784163
1708.09947929204
1055.4134460437272
1112.9667766170617
1126.218448861623
1448.8662512191434
1196.052298730383
1182.9906710122627
1347.4940829416626
1185.6566433483554
1525.702113851175
1183.3564140581173
1515.9966177073402
1250.5924938114588
1759.9929051956774
1748.3870150368166
1666.0406945878822
1261.2236657497094
1801.4447755859305
1548.3645302216933
1774.8494908374446
1299.8765490835945
1660.8095024604995
1480.320178501236
1134.287320200619
1156.7338725003178
1089.15783616962
1304.7909137462243
1149.434316048194
1201.3069320574732
1519.6025004714588
1174.9424789846785
1493.646758029982
1926.2551372671237
1238.819450716653
1589.1881475899122
1100.8287761339936
1030.85095557124
1113.4065237052696
1067.9680289641788
1115.7471845471696
1001.5169323973543
1515.0558204981812
1376.651146101066
1349.6581947237705
1007.8504663730388
1192.1444815058305
1746.391805664482
1283.0324239913914
1450.248826029469
1316.9534354423893
1516.904311278818
1394.6464470192627
1200.3187607155303
1384.1107010262963
1123.6792772454178
1537.957407470224
1097.1380498092478
1462.899813270962
1257.040346795343
1712.1896176366372
1475.7855064100495
1423.104132192225
1411.7995965554942
1378.8809744730413
1190.752560116819
1672.0641431853064
1282.2070675581767
1608.288333501576
1353.2199009261253
1168.9916182406764
1297.0270889927951
1438.5884608892782
1091.173548477008
1383.556319709211
1190.201650195904
1308.6844736991598
1235.1008087504767
1520.9180251759294
1548.1530275995513
1116.379720793294
1330.6956043588816
1066.5505113902468
1025.4955226308318
1266.5741944474983
1263.610397157828
1180.0388334278082
1514.4095638042782
1679.6417941190775
1402.7918163665965
1655.6065870473185
1396.7928705390295
1078.0624645208698
1260.3196597506042
1132.0806535393715
1724.3085297012349
1284.3978905598262
1435.7374611798546
1355.7525335521716
1094.9931140125843
1480.6472455934359
1433.1623251177734
1426.4520951537502
1389.7917465590497
1429.2927017229706
1503.1217874983827
1705.5103266171243
1317.7401576959214
1495.0250545494819
1170.9315554732193
1104.1726901965797
1487.5524192015812
1119.3918028634018
1406.1550696995048
1568.3780157516098
1186.3452807494991
1446.5398729229
1179.2685990975147
1138.2076113787477
1772.1936548343117
1270.3453492080225
1625.4485250272098
1514.3873536933054
1670.3492760724864
1126.2082316894994
1216.6845603407794
1139.7831585206347
1558.4248553554944
1725.996113969113
1895.0991471089671
1415.727129575403
1136.6910502885125
1380.3062096978263
1783.4286459263521
1278.1648167352546
1417.9526340074078
1098.7891284933087
1686.9654630974135
1093.5623457748743
1533.252604050659
1765.7810438642696
1059.3605439785913
1311.5371081561234
1356.7668821277425
1565.8110534272278
1288.698050277478
1230.3734060507331
1677.3901298400237
1091.8274474929308
1312.5411520130306
1156.045235099174
1649.2072904836032
1591.6305211651372
1246.0184701950786
1689.0579399483665
1722.7468172487117
1352.7969100002003
1120.4284520790852
1338.0695594151937
1383.294760102842
1506.175463175064
1064.3835299792463
1397.949863110328
1732.1629630780008
1114.8978221484588
1520.2779974256573
1042.4997586712127
1233.0768614635986
1515.2916328307983
1681.7342709700306
1054.126899729899
1608.2136358482257
1215.0588039124414
1583.176567855714
1058.8689161562734
1420.782381998814
1268.634793721425
1379.5348407612855
1118.7399084177855
1546.3499969961513
1198.2580947589586
1066.759615687201
1029.3800914722985
1224.2488301201895
1477.2257189926195
1541.747569641267
1547.815752509031
1492.0222276622987
1410.967766456697
1209.7651960112476
1277.401443634834
1657.282244185219
1229.4989376184426
1592.89851313632
1556.6748581141308
1437.7504484316846
1569.5775117589435
1600.4639157119009
1203.0658402274935
1645.5344214485417
1370.436653328489
1781.0714152476107
1668.0924089027776
1313.1603187801722
1782.956529527749
1450.844980568982
1595.1750017675708
1097.3733285217263
1503.1217874983827
1690.104178373843
1189.2412123361082
1103.2436522278406
1056.743721854245
1713.5803791061282
1404.9684473290474
1081.0480547625405
1439.6510467901528
1372.839445026627
1370.614023436558
1106.090211090863
1387.9505210962127
1194.137336020438
1346.1009840771503
1700.148067258418
1363.4138736259372
1595.4759996583377
1216.6453263998242
1530.287580700334
1349.843341746437
1091.7250714282504
1158.6725765218127
1252.7299262197566
1316.6432420967108
1269.8081337681217
1782.227509863857
1341.8397879754696
1521.4505441870217
1418.0993525991055
1288.952253519918
1543.5470159502297
1493.5737186204215
1173.808810553603
1684.5116726761007
1502.0616209911393
1082.9119430977075
1072.8932413286368
1058.0126601436757
1519.1721148034155
1775.7314371351704
1469.1005475320562
1293.4204272330958
1075.1336701809573
1426.072016350745
1412.6363020517613
1271.8078386961909
1180.2354118194698
1042.8765360696516
1258.609210654709
1238.7831921307668
1093.560712660449
1744.927071868815
1518.3344306453464
1111.5876627237917
1448.1491059645682
1423.1091591636387
1110.0442567027715
1185.0983770635112
1454.9648522113653
1465.0930314390562
1657.0982168582523
1400.923877572122
1067.8305866099533
1617.7044793308653
1720.6543403977587
1489.0424915841154
1160.3440080985392
1710.1919561429931
1280.9561019083342
1288.8435428085209
1119.9606352792414
1643.8439259147099
1103.6928538237357
1073.8853583420562
1676.0845834724573
1286.6746415100818
1163.0288438615516
1389.1037971073577
1485.9463018349036
1782.1731598157803
1074.4357179034098
1298.7860773456277
1083.2957000826773
1021.2100319552276
1220.9652766063614
1592.3712213162248
1611.8455441481965
1728.18725706119
1242.5231475884536
1513.5195664976472
1103.1736171364046
1069.7943201514104
1270.6857240118427
1708.09947929204
1495.4060730056997
1511.2734233779524
1372.0016164576768
1355.7245055683259
1435.7865036060489
1418.6915398954006
1396.4954771359385
1486.0737352329643
1310.3033969973285
1716.589374878914
1760.6206482509633
1501.0268445792572
1304.3965309022458
1505.3501333065233
1171.6084403650227
1220.6447362559622
1728.262046761136
1197.5614538040438
1164.7862301945227
1361.1668174040128
1485.794322677987
1130.346186399636
1013.0841106217313
1766.2703357485366
1177.4331133501923
1451.5548696881433
1521.490186814862
1475.5010603381231
1300.3083639911806
1757.0634376043429
1577.4733456489798
1687.5550500672648
1336.3815925792271
1681.31577559984
1707.2624885516589
1794.6861294930516
1122.1642749629013
1404.5920467080068
1596.5925322280261
1383.7655673943063
1546.1417710282685
1422.6263286385624
1280.9918503748272
1369.3761831273525
1450.6737407641872
1214.65675665526
1609.027327754301
1515.4251979106352
1355.8236450701531
1232.350754701636
1491.748816136266
1279.6585924973683
1518.8578345888877
1387.1060898865094
1718.2729219191447
1509.141303899159
1047.9845084875776
1520.0419972697598
1508.4481248067982
1416.3342339429987
1484.8681637412178
1582.9693636050433
1164.9945500499332
1367.3727277520056
1284.002237969382
1336.408157226749
1396.060094954311
1086.4928575836552
1501.572014102967
1367.2979380520594
1746.391805664482
1434.8465156050875
1511.385812271314
1392.9724655385003
1229.1891529596492
1046.1387058766313
1203.0229751506113
1089.0036254613565
1180.6551132446637
1519.8419526078515
1408.7441628891675
1115.4967056221767
1090.9001369509751
1439.6588955380812
1196.4691675349534
1603.7244286621753
1109.93390961072
1212.0373150893479
1381.744202061335
1125.530560651722
1749.9490163111022
1246.727133253585
1487.9709145717718
1680.4129862709815
1470.1848613386703
1754.1339700130084
1614.971901453234
1619.240324644514
1232.401840562255
1127.7254817498829
1469.1386229131938
1599.5328300218116
1116.9102266430639
1000.0
1442.7244932574006
1023.2996569980976
1080.5149945174655
1765.0148496379647
1047.1876119945218
1576.0100093251833
1571.6238069918968
1653.5120156249432
1442.8847817673338
1278.4443719220972
1111.4223488788289
1236.3790188317205
1430.2185534854657
1121.8765593958954
1421.0992706093164
1691.2707564730708
1514.1268752086858
1759.1559144552962
1715.632395955471
1702.031296424276
1446.8972669499794
1164.6656061375775
1422.6902448791639
1580.2491436988043
1010.1610293243574
1688.8486922632712
1342.3691581747964
1178.4339200306024
1424.8265440915943
1648.485044211242
1183.5907311449241
1097.8251318730406
1031.571577732557
1285.6361995728719
1793.0540394407365
1390.042997947166
1287.02938172622
1455.806973631648
1446.7728244473226
1146.88370119921
1004.677643501835
1176.1395518584832
1715.632395955471
1529.8734226580568
1555.173751185703
1478.7631990538082
1031.8473084237057
1029.0604983282662
1016.5103740709384
1417.3481028157285
1053.8299887079813
1106.1567296882665
1268.5964708372194
1463.45011016155
1746.1825579793867
1106.89798071897
1100.6255656646504
1688.8486922632712
1678.8048033786963
1203.974398218779
1525.8744786699174
1446.688636582137
1438.8526043458628
1386.9905470409135
1305.1058069910796
1521.556317742125
1769.4090510249662
1727.8774617871527
1065.7621834349895
1240.5359356334504
1336.4356300673485
1712.7029283641368
1696.800104296893
1466.306014113593
1263.35120367653
1518.939571965878
1453.5365923932745
1053.829784364539
1138.4841639962385
1056.9388013182327
1494.7993709966704
1264.5744895194293
1205.8292236461327
1294.122959988328
1463.409278626408
1216.798992668566
1508.7165841336184
1381.6211873089644
1150.6738633702528
1174.225262489369
1455.2845343601336
1232.4604871302456
1131.487444525864
1566.621888206972
1037.7373295826776
1532.4724628399827
1070.8620146383469
1067.7042511305774
1453.863541901236
1633.6073033981088
1056.0009334408453
1256.988852247839
1656.8337964436887
1672.3724804964402
1143.0485834708225
1331.7645721570586
1182.8305735389138
1479.8314690094403
1317.6817154713733
1187.1232670656914
1799.9225580489901
1090.172265608876
1226.4309480824845
1459.609429637151
1372.3027241776367
1632.214069761605
1678.0978658870374
1489.1068597684953
1184.9680059472116
1202.2137751184068
1360.3772343422859
1253.5562911011293
1194.8984842212124
1314.5699735293506
1308.9595199727323
1084.959873078201
1232.2937025852311
1302.0866326284984
1514.927479316139
1362.4223035145847
1479.5395498059033
1592.4378213556063
1710.6104515131838
1489.1466596937403
1119.4136078837334
1116.9355349568284
1061.0132737413364
1418.3936071562707
1776.3142246331117
1686.7562154123182
1735.3041304757403
1344.7927773584197
1417.404315709532
1102.3664656421074
1369.3274771227298
1468.1908780269905
1511.395488066006
1213.9674299273884
1400.8445923164413
1007.0241014916662
1138.2677642906565
1423.104132192225
1201.4311866857638
1008.9935566495126
1447.776968123649
1506.5688183817902
1220.6348762246298
1476.1705442745356
1758.3189237149147
1522.3811242240567
1410.5492710865065
1573.3439700906592
1303.4095520750873
1391.8918974146877
1491.2212013677934
1437.593822347186
1115.4932789398335
1248.735829293123
1725.3979858108169
1305.133393355814
1684.2088700584136
1231.657621744758
1735.720173724621
1181.2054728060173
1165.4577027464984
1515.9667876556987
1236.2639316250495
1560.970565961859
1720.4524490765925
1089.8348945853484
1124.7680191069292
1657.0430441287838
1687.9951744049051
1279.8446662887675
1043.6228294128682
1199.0207097939003
1347.7749655579128
1363.2862356798862
1095.5828712787527
1646.9991552442089
1514.3937477445593
1336.475590562766
1188.6075700693696
1374.140173879922
1077.8160263292439
1537.7211864507221
1212.5850221978283
1269.0402111112974
1089.5706058406352
1767.0169228226673
1605.1721846002765
1332.9183799161456
1462.3495163803748
1698.055590407465
1811.8863310993147
1410.4255473708008
1434.0009305599915
1514.3741307740816
1751.9981723522505
1174.8922394856104
1441.1885268513415
1469.975613653575
1121.3286677851277
1510.0061159686124
1279.7351382036004
1762.6526394429434
1424.4750141680943
1391.900044970244
1391.9931848044644
1285.3816789348884
1207.8264627755589
1715.2139005852805
1579.6696256959426
1672.7206817224192
1088.9719522277726
1405.1051530920636
1751.3034046478324
1439.0698940397515
1128.9213144774208
1147.230676364534
1255.228833808083
1282.2036069887092
1225.6570765564534
1575.854942311803
1148.57893439799
1217.333963800968
1370.606667072629
1712.7029283641368
1557.788594383644
1099.319074124345
1353.6982846436877
1184.4692519851428
1680.0602894892681
1207.830767665184
1069.1391950748325
1731.5352200227148
1054.9800174752309
1712.7029283641368
1823.3949537795568
1687.444072667426
1118.0700497494545
1146.25140858752
1679.8510418041728
1135.4117194824942
1722.2139582788595
1671.271886715265
1471.04939618695
1206.8633335431898
1249.5012998286377
1299.7452654646095
1681.4708822755051
1602.6386460040028
1616.5650602956198
1070.6214254965084
1135.8708157104143
1378.3251275818284
1185.8428994302262
1610.1887038364428
1177.1573826590438
1682.1527663402212
1477.3634464728484
1087.7965687466512
1683.6738441071502
1912.7426385746332
1502.2655496102907
1099.1022783885148
1798.9730515954934
1608.4787300438702
1431.250079183084
1364.5147803655377
1187.7438072698042
1145.6790833101952
1512.362165239464
1556.1856599128437
1038.9375261960995
1400.5053822019313
1166.512523596559
1438.0720850101416
1151.856432622279
1080.5137754114423
1593.44503018357
1356.0570052814605
1357.3269345256394
1276.5582968181318
1508.555655593023
1168.3816602240656
1434.9644299369684
1449.992901550632
1174.1071630252095
1616.8674885904838
1400.9373642393255
1609.8719951807643
1366.7034144086172
1518.7793667069768
1816.8885865702318
1102.208094370706
1041.0595452704506
1386.6636164143051
1403.8872661749074
1109.7688017423138
1487.747771532588
1187.4180838224975
1125.3320070081627
1039.2523318651938
1345.4732410218644
1208.3763646565947
1762.4907994365026
1163.1483307438746
1002.6213176800808
1506.525949128124
1282.7017963014655
1662.7281298833955
1434.1864944514625
1268.4308589658342
1208.4482710930229
1097.6563441895555
1468.8242777823675
1356.2444665600915
1601.9387697135228
1430.859073426428
1543.4215511220295
1395.5112284678207
1715.632395955471
1682.5712617104118
1681.7244624847917
1195.55974716934
1613.8468838238055
1604.8672155876448
1722.1190741934258
1613.115244886727
1344.4270025963879
1162.8398762567806
1656.2060533884026
1610.4870689426166
1341.0790396348627
1485.5273875504286
1444.447396071947
1417.0349020387498
1530.8115172868424
1082.3060249039086
1762.429729588469
1246.0695115533294
1508.652356064612
1086.888262144846
1512.243646042828
1098.9877317184018
1093.2855328797723
1499.7554008993566
1367.8627433270626
1155.478386389746
1658.7170256095462
1194.8757386892205
1700.775810313704
1081.0023536277704
1245.854178067328
1637.1645140447292
1129.9323909286225
1449.7599123983705
1226.561704976294
1776.523472318207
1189.9261952354466
1023.6650483685358
1365.5209674762891
1599.9184260977636
1726.2750540815787
1381.2545951731627
1818.8904069336181
1130.972491891645
1573.4679218424312
1368.5493372937817
1758.1096760298196
1083.4628530186226
1223.8274612598286
1546.502232860796
1193.0622162057457
1229.1112513601654
1535.4517481785847
1506.4431530847073
1119.8403817150856
1704.012006439415
1204.3875806594654
1192.7575779743925
1685.5589583872884
1068.3816250009017
1519.9466779062025
1009.9060593346946
1603.8706729146438
1078.780118690845
1050.2705302834938
1727.3502663208087
1476.0494518641794
1497.1416224491084
1481.908453320397
1724.0023033592838
1102.3315178099615
1108.5004405630302
1211.824864591818
1410.9434363179876
1100.1278781263013
1159.554629380255
1581.0853799403212
1486.7154284611997
1439.656273400405
1045.5181148418321
1176.1984027699164
1436.7044143496505
1270.5009033570402
1096.5812933386899
1059.0303045207513
1208.4528161044154
1197.2429165367382
1492.1558682736782
1747.4380440899586
1080.0010707596387
1590.5031425528914
1055.7240480762905
1403.7707904126962
1254.1108792040088
1197.4767709359908
1515.2032100072877
1388.5782641514986
1234.233635726814
1257.401284272447
1431.243214552524
1537.9509920270511
1095.445143798524
1181.6182424770325
1405.5398689630058
1630.259340436584
1538.0599878783469
1367.9154639352214
1714.2899497679764
1222.3477345055562
1757.0634376043429
1071.2767972579625
1464.4170633313458
1149.1588610877366
1512.7806606096547
1340.5571464827794
1548.9453630590378
1443.1668253238013
1719.6048324772025
1217.4716912811966
1440.0173641544525
1334.140192518335
1444.0029799095967
1100.3026172870311
1193.3693822411653
1760.8298959360586
1417.2877004455913
1095.0356395398023
1089.798317109145
1460.6984213651695
1186.2075532692702
1514.0354175346356
1430.8402550113053
1758.7374190851056
1116.9102266430639
1756.435694549057
1051.1733196123523
1585.4750228966827
1751.6229977918647
1597.382523976638
1385.2303011899737
1195.3294629139314
1295.537425297146
1247.3862100587935
1336.340315203847
1678.9964775277385
1690.731921429129
1654.8868121237783
1528.9702489547517
1257.4126605475342
1418.9899717316273
1392.6283511813708
1462.8115150171777
1231.2005981241791
1092.138866899264
1114.136642825236
1752.125944775221
1432.3110303364188
1713.3306714194227
1068.1751027132314
1266.915856683318
1049.0804766204963
1655.787558018212
1197.2257516875704
1506.0079015522338
1124.643369607019
1193.1414978625262
1239.0789668885973
1219.6204068770594
1468.7728481511617
1773.3847570417772
1149.7903044383054
1698.7497414107152
1085.498843299552
1218.0226012021117
1495.3125657730457
1460.1409724540954
1467.3602532291686
1140.8757120712153
1107.2181868933299
1003.5359589286028
1024.5524776438056
1483.4205947947187
1663.7389700518338
1326.5800550174285
1072.9293572458755
1558.7571177929601
1381.5560017508146
1132.3957511276692
1331.692114917848
1294.8471531484624
1527.3094793696905
1374.2281660851618
1034.8620891475593
1723.2612439900472
1207.859217836082
1525.6846268701865
1416.4441707150509
1523.9737353702963
1056.1928119333302
1027.9586784864364
1439.84394699985
1312.779107599492
1264.0125503708682
1070.3787423968913
1387.7490384619314
1246.6037098143295
1206.9701236614974
1485.9463018349036
1583.8631034385921
1458.466990973333
1572.0884839800874
1597.1982061915246
1568.7506011435323
1233.8302012251615
1240.8747370610754
1476.4078199434766
1426.4437336078922
1426.4437336078922
1461.7015433242836
1156.4081490530111
1143.0001540749556
1426.9833881041873
1736.975659835193
1262.0528024345406
1462.4241017368784
1276.772879307719
1379.583964843201
1300.6804496594887
1030.7132280910114
1367.444247956872
1571.6142730100614
1171.5878016773327
1726.931770950618
1174.225262489369
1161.5533125911115
1088.828707474597
1252.1487734693553
1514.927479316139
1428.3455877195775
1497.5709694992893
1011.952351709698
1110.9421417890105
1221.0161536788592
1262.7239553043676
1361.7945604592987
1671.0626390301697
1326.6409493632864
1520.796511255716
1205.374968173509
1176.7437866223208
1517.142575732745
1430.7619026990092
1511.5697213695425
1051.6123716464888
1070.6887409936746
1083.704386967629
1570.26232236471
1718.9803589169962
1519.6394482563578
1222.9701646313379
1158.248874782834
1133.0490111875731
1500.2343758043407
1337.8648320110055
1249.9753766151816
1243.7766176740315
1542.120902865138
1276.4999728223222
1293.8348291889013
1498.851794196728
1287.257837694908
1141.721577155384
1717.0971297511383
1447.3133128526713
1515.0017302366782
1291.5474152393617
1240.919485212888
1512.076088502784
1272.1466057597534
1459.8700130493723
1496.623224613086
1446.0406984338667
1368.2603956661208
1422.3646044783413
1516.9999595555441
1206.2879746744911
1108.5887183620157
1124.036669231104
1449.887835884425
1261.2081356480815
1175.7230921498938
1096.8849476942091
1520.2870126255639
1260.855847553253
1476.6130087556194
1151.5717484564918
1636.1182756192525
1123.5415497651888
1175.1364113226925
1220.0335051326588
1214.0754312663546
1741.1606135370994
1270.772226129723
1553.1109463907446
1316.591747549207
1404.7261697005592
1378.115879896733
1268.9445783802187
1007.0166716375879
1505.4745651673716
1365.7571754047199
1091.761035874126
1202.2801867372114
1522.2417619962885
1231.0807873571757
1439.299610364497
1122.5627058116113
1457.4207525478564
1154.1002644093503
1276.1471553572944
1215.1901757196051
1314.3334015054968
1492.1558682736782
1260.5659167315102
1075.2133233344875
1584.4402277039849
1615.6639240868383
1072.8930371893334
1516.1414972080556
1450.260149636616
1419.7561692307002
1648.7914571009605
1403.877557099992
1429.3496851680582
1187.3641371536837
1068.8285930422692
1346.246885295078
1138.3893486389297
1452.9194751969974
1422.307871325613
1085.6013212297448
1125.619157109299
1446.2685048312921
1441.5179284806127
1370.3811872772023
1360.7082707190968
1404.7000398697533
1686.0697324973798
1139.1709623063998
1147.2406026694152
1637.5727665212437
1320.7269292310493
1559.7220275283312
1436.0955019823668
1696.0293609232801
1455.8706031932343
1314.8000642455784
1639.852856373942
1468.9293752280983
1339.3711371426493
1464.2066467446007
1288.5255872699786
1497.1778127159655
1626.911377475059
1529.4742688942852
1071.8630931630362
1484.1806435811982
1286.4739762495703
1551.5860257960444
1542.7623391766024
1749.9490163111022
1751.83224547696
1688.2209492079853
1110.936828859506
1018.4743699029962
1635.079787108039
1112.4645806182682
1192.1298349191065
1375.6049076755894
1608.9063007339118
1605.1077278194389
1264.70187709874
1105.531033119891
1105.4661462175416
1006.1977366102938
1668.3424191239305
1125.0687975479452
1017.0957164472529
1676.0845834724573
1685.9192246719367
1338.7302494244
1060.4676902231197
1743.4623380731477
1139.447757645522
1068.1065829478428
1427.2890858941314
1375.6065424231292
1307.0549035403599
1410.0208389442637
1346.2285696589158
1668.7609144941212
1307.8736389194155
1177.6684494950878
1152.6416907212956
1001.7915220335791
1516.609239347883
1723.1653126189024
1312.3311867735847
1047.2405257184614
1533.0888862936658
1121.0786907281313
1351.9096160692884
1546.027338700482
1325.5164455620877
1180.4017473816452
1254.4243420447667
1008.9522862148688
1001.9258456950668
1204.0453946021937
1583.0949272407533
1487.7616668866765
1444.9851576480348
1219.0884198529914
1179.6389588793816
1137.5180288126303
1424.359618302797
1122.358566917126
1496.131574290489
1646.1621645038276
1458.297959059547
1407.6302554274944
1606.0235951286159
1183.3019834496013
1222.2709013711853
1320.5243894851565
1356.2785135731046
1181.1063235713023
1042.8332463511413
1261.6688394961047
1304.667081620084
1352.9601169234152
1524.9064004861739
1288.952253519918
1694.2222397088856
1413.588675449893
1082.4987606570214
1496.774438760518
1344.3938989587068
1563.3143852470575
1088.0985883546307
1744.206958213802
1599.0224764446102
1157.7386392097976
1220.574962258695
1481.1815609449802
1509.4020461317582
1036.140181236286
1422.7606093878842
1438.777013748375
1464.9536692112874
1202.2763042118045
1107.3259260017724
1428.3725148261385
1566.2295487974184
1458.705009560575
1190.8902875970477
1411.49292910386
1053.98917224967
1119.5337591687853
1422.1412658912786
1047.574594314683
1401.3019129407026
1041.9318874263802
1295.0989042695928
1014.3384095357665
1565.6592262494682
1043.2457451924433
1742.0920897456754
1337.2283918048472
1513.8263788881868
1262.8502395518176
1180.9771785156574
1427.9168289494173
1377.9691613050354
1689.2671876334618
1031.8150479328413
1744.927071868815
1021.3109776158107
1838.0422917362284
1417.035949324461
1453.8277962926932
1183.1742792091582
1461.8603181790875
1526.0539932591187
1034.683621178318
1306.9177202955134
1079.9393135169462
1600.572926099795
1727.7687616909993
1075.9885180943718
1278.2793636099157
1144.3952067567386
1273.1135932936118
1736.4570439510128
1045.9095736722868
1588.5013492797507
1133.0490111875731
1234.3715010723886
1507.7717941476856
1499.7324272963551
1777.151215373493
1505.7098001940394
1625.6558913644872
1581.1523458055076
1193.0939272807077
1052.3619309120406
1711.0289468833744
1298.0075288297946
1008.5434294860167
1584.0156020305199
1570.0764812177354
1551.3411125789598
1217.7968016981758
1390.0442240078207
1829.0446412771303
1411.1218414123239
1642.395706172112
1577.57867499042
1346.5909706644265
1604.9403705400512
1513.7713176187776
1546.171196483985
1536.9348728840748
1380.1911918985181
1249.9398208561909
1311.9208651410931
1194.4506879650314
1287.4401120455964
1492.0266953995065
1611.442935715136
1098.06196592287
1323.7114817719519
2000.0
1153.2440951897145
1195.9097799180256
1586.3173265665682
1145.7156740820178
1112.1137808146184
1094.4381753144492
1659.74569049897
1548.14168029978
1080.4328484535902
1718.8887999898516
1139.653325923817
1729.4427431717618
1211.748031457447
1466.9039230262774
1420.0568940498997
1360.8459981993255
1202.389510478936
1428.0427045099825
1138.8065560942566
1689.6856830036527
1761.1549865118827
1297.319300115536
1775.0587385225397
1009.4932896636794
1185.5189158681264
1445.1409377157102
1514.0278772540678
1145.2362843659694
1339.9114212045556
1788.402415225925
1638.6361955174407
1112.5531854894905
1188.9105066649684
1186.2015781118664
1341.6561071495291
1207.5892337161777
1650.7656135759244
1387.9203592677304
1437.751470148897
1165.0514143912828
1184.3263806289087
1093.469142709782
1328.7818533600782
1238.2023335203758
1719.933993222096
1448.3499720912064
1457.4207525478564
1473.644804506672
1419.7544969215285
1517.2807118998587
1656.2349584740314
1487.7037781689905
1654.9505672778307
1062.7405772246448
1699.3110765180368
1318.126775489086
1667.3844603383716
1427.8878121805856
1092.690594193949
1046.5518883173177
1199.9176978920414
1344.4650639611857
1034.7424806807664
1385.1961891306996
1173.6380288374048
1608.9160765568622
1456.0978331012673
1871.6772223677604
1337.5402198980653
1057.553943603662
1558.3128751490176
1191.1657425575054
1633.1066619640428
1426.0256563149944
1226.9748874169804
1458.7774195492002
1555.3874944265326
1010.6050159776138
1122.4690228319776
1348.4771938332744
1743.2530903880524
1223.4801387720167
1695.5446181863213
1750.7925460416427
1216.553780537595
1205.3122831176836
1616.3987247334444
1421.011655341272
1710.274901171319
1093.5623457748743
1107.2868462900017
1294.5962194011022
1746.391805664482
1206.2469705752262
1426.4230783849184
1395.2884941155219
1477.0332274698071
1369.8992300747775
1250.2536923838338
1058.075994147148
1271.1574116778581
1679.4847012623993
1695.5446181863213
1051.0968951648663
1359.3019791479778
1101.9483883492096
1721.5706163938207
1170.7820754836503
1562.7508125651666
1191.887265983833
1455.3135629690448
1100.5042505197193
1282.421413826508
1186.896190670414
1563.6549016050344
1258.244706135698
1071.3428347584927
1597.1982061915246
1237.8108114845918
1714.7954052150899
1093.9301415160076
1322.7191900152889
1085.0453315922339
1358.4022666066967
1401.796015384609
1294.468927959347
1758.9466667702009
1204.8769081350827
1000.138278941611
1064.5213953248206
1793.6817824960226
1181.1554776806993
1361.3449346619313
1156.9700935198198
1078.2672084846586
1302.9619105117467
1105.7800177451845
1208.239232446574
1393.4547160627433
1853.3173727481865
1520.2794519181923
1615.1935071097214
1150.2477474798748
1486.3838299865113
1678.3863080085057
1076.163296566499
1284.6929188049505
1082.7048934853178
1668.7609144941212
1370.3737155482065
1134.281260185429
1393.8094562788815
1300.9535880471335
1041.9682605591408
1256.425090124675
1346.8667593891707
1304.7611943299112
1696.869644068116
1434.5900287725344
1693.8706367055588
1400.5053822019313
1503.4038591772357
1688.8486922632712
1465.932065613862
1146.2902878422599
1678.8048033786963
1494.0681440127057
1488.757636825304
1741.6934725069514
1460.3596199375445
1642.3806553895677
1126.847009290679
1197.8371844951926
1490.9240860024333
1262.3835081056804
1344.0174983376662
1620.0135202195393
1418.553812415172
1125.8369737457842
1258.475845364925
1544.8952760291656
1437.1579242448493
1321.940641499456
1357.8051677273497
1001.2395473220588
1565.9275291894392
1331.2443984353831
1475.2525787120724
1232.9372105632383
1032.000796122052
1099.6538013397574
1359.434187923424
1201.5687765761022
1665.4071605088438
1834.9052487689705
1289.8194221734873
1375.046108747778
1567.4323142998314
1670.1259286898603
1125.2063874382839
1038.8391494245075
1159.749121382414
1716.4693866958523
1699.7295718882274
1538.1903589946467
1675.1997228820392
1439.130788385609
1445.912129867614
1061.0132737413364
1730.279733912143
1484.2191689679144
1094.16309304043
1702.7344440507673
1238.1299959417393
1359.5954163313731
1525.362903736665
1364.5102508548368
1131.1441873496685
1287.0951803146972
1058.3964516169901
1749.112025570721
1686.1284723570323
1502.2022092795628
1241.3939049534615
1352.4446219053718
1000.0
1070.9333304997708
1433.1480210768
1097.4132295899246
1453.498175826089
1136.5529141213988
1748.1866439163155
1721.9098265083303
1017.7678721784823
1469.5853091045954
1204.1035432744238
1691.7781598546055
1428.5445720047032
1475.6490049904755
1542.942781186392
1165.961613675644
1323.0477742707903
1201.2304744732128
1812.3290749524933
1306.1735730698128
1525.2170025187372
1586.3838652096752
1068.863740114375
1778.4067014840648
1624.376292727703
1071.6839200966415
1261.957667395083
1580.2961773942552
1704.7480704590776
1315.8928753848122
1448.3744683494485
1032.7638145362569
1472.2401476830928
1590.3488183431753
1743.5785867870895
1209.842106055663
1101.2425716050075
1089.4330159502967
1419.6249807406307
1122.7229499346306
1505.7541069966787
1308.4960109535677
1502.4349564605427
1421.011655341272
1523.2296731531874
1676.7123265277432
1686.3377200421273
1396.1042331378858
1379.5806136924002
1446.771270700787
1278.2063454945978
1656.465569560347
1122.1981959743525
1324.1687178825414
1132.5304973575144
1477.244012128503
1089.1403312243729
1224.4242725679962
1257.872428793049
1516.9970705450655
1237.6802693661723
1400.86783796827
1255.6222033045603
1062.8311130056018
1094.3102203190128
1414.1064817331267
1785.1026274071146
1737.8126505755743
1559.115127504178
1651.811852001401
1170.7632758869424
1310.319629925852
1314.5944947424475
1148.189206746681
1097.514167995082
1331.1839127764104
1366.5700892754937
1298.4554496557016
1006.3422194924557
1477.0900349468156
1397.575914610597
1315.4625456860852
1716.1397011539705
1688.639444578176
1768.84903649113
1470.8126043939562
1559.115127504178
1266.0285974560877
1374.4590560151396
1569.996007129134
1407.779600067188
1657.3941061629575
1297.3536298138717
1565.4565175545322
1405.5273266442189
1250.3441885617663
1583.1786112901386
1175.625931854422
1165.5766936308005
1349.0766958781692
1819.4584817037012
1477.5085303170063
1348.2939007314933
1730.279733912143
1309.886830514688
1689.0579399483665
1559.262028961779
1699.9388195733227
1716.887882066043
1719.2815582875337
1675.875335787362
1073.6101785613794
1745.3455672390055
1490.629213311458
1795.899508172498
1448.4231020887578
1667.0472156705334
1749.0809653674646
1231.106711823843
1512.0213203774142
1147.3130267718518
1176.7043571334866
1152.8775030539127
1203.3119167782722
1801.2146991594536
1060.138888150982
1107.9942832878532
1506.5024126830253
1058.0417240828274
1259.6163002311941
1605.3269221920814
1174.0875350091403
1423.104132192225
1430.440159141953
1579.9867022106455
1433.882569815506
1412.2865249880638
1124.6781411290144
1538.3993612221534
1516.4277823709645
1177.077776095865
1385.9502531519456
1498.762087425481
1160.3050828205016
1356.4387188320056
1593.7431672661423
1050.1328028032651
1487.1931834297086
1660.567017630619
1337.608024767614
1118.3079055164965
1443.720724529498
1596.5616763682124
1083.1737070475192
1522.3918445842373
1160.2890397125134
1077.4028438885575
1554.766290361406
1539.864340475409
1092.9666621847339
1118.6205509834845
1205.076218060609
1577.641141617191
1182.329992241957
1704.9607640156103
1585.8667492759091
1322.9709411364192
1201.6224051958816
1092.55286671372
1525.1099747317553
1709.1000103073454
1118.6408591696427
1507.3796596939924
1568.590013193119
1575.6258733127872
1374.0961878800522
1475.4160534660532
1164.1711564326702
1449.4693405142343
1479.6010071679593
1319.7643838370877
1135.0391378995373
1172.164663215442
1403.4348497932658
1046.3231697090098
1173.825224578414
1006.61091905098
1068.2770700910269
1307.794353663735
1285.2336115537416
1415.1527201586032
1601.6181193320394
1126.2960993697639
1367.4948353093127
1393.9459576984552
1423.104132192225
1390.9181872339568
1283.4110811682892
1772.1936548343117
1718.3735523886435
1643.2326969124933
1208.3996336268942
1163.9749867278933
1491.373709350129
1324.7525562896155
1353.8218967076593
1182.8565514900783
1581.4133490413428
1593.9687624266355
1850.5971528419473
1083.9998675854492
1315.9353964119744
1265.9085855928668
1221.7412431682878
1442.354919220994
1057.3802516775575
1349.2768898601107
1428.9373201011417
1509.6983441233483
1203.2857608176353
1100.1764591976705
1423.9411229326063
1429.3249634979304
1730.5922439683613
1076.576479007185
1514.7591138197063
1601.1477300655558
1127.311686278869
1305.5069331686598
1115.0915397319259
1584.8525927709013
1303.7496793827863
1610.5900580376247
1409.3959566971726
1551.7158444974943
1610.3509762099277
1605.1496182251465
1122.4248404660368
1313.2917675308927
1366.4572691297135
1147.5723386003538
1298.7946597702116
1315.6554458957823
1319.9646404107139
1350.2941115167555
1688.5781962547662
1122.6220042740474
1449.887835884425
1257.590848029373
1791.7985533301649
1182.6581280873943
1093.3297804820136
1530.8213841559218
1605.5194798560278
1668.7609144941212
1746.6010533495773
1055.3664470519575
1716.4693866958523
1500.5907568921978
1085.9451382022955
1211.1629155466137
1545.723275658078
1640.290268925079
1245.6989596884343
1797.4482408277381
1471.8159306965129
1080.4148662306523
1564.702187316222
1056.735615482516
1747.7361331997947
1077.9320934045702
1092.9216565131314
1718.7711112319007
1392.684749971494
1776.1049769480164
1516.4032611578673
1570.62375018442
1292.2135748618332
1729.9678482516413
1798.950601579766
1308.8273786981233
1095.6169853835067
1379.556092479303
1132.9785386256106
1729.651990856857
1082.5249166176584
1297.468470828543
1155.2009835320575
1455.1190280118078
1411.926162923461
1008.1259213334963
1736.7664121500975
1415.3619678436985
1069.6206282253058
1067.3791352996261
1674.4968349244195
1006.2141724504237
1524.7020095885641
1452.2226640581546
1440.703559111593
1717.3964440073958
1766.0610880634413
1664.1943298790584
1081.4362670271119
1135.2107863912172
1516.9177979460214
1573.5793655544717
1006.060009130065
1155.311846484128
1515.1731136341623
1575.890553298751
1318.7995023293392
1077.8160263292439
1022.7250342377438
1518.3723145695649
1441.122473396068
1756.0073906936277
1342.0533622335033
1420.8024076561767
1532.9603557745654
1493.6361321709733
1142.9033670795668
1487.663582034288
1446.5398729229
1076.9896614478714
1521.2674524625634
1833.648090349227
1344.223476527682
1400.0868868317407
1059.7677000263825
1740.0017032811866
1127.397919211594
1538.1136483438577
1395.499785235042
1451.432017430658
1101.9183353692752
1128.415140868239
1517.7837874550112
1497.4340593928302
1597.40745387662
1599.7091784126683
1522.9077199291282
1281.6752693476383
1132.139300107362
1508.9398212648778
1423.517192557608
1721.072835767949
1600.6125291246108
1777.5106438295725
1353.2709867867443
1102.6894367018715
1391.98583578955
1359.4580975380293
1293.2385615692924
1583.396441399818
1785.5211227773052
1123.825180913017
1042.2823364302262
1560.8312037340902
1105.7853906916441
1338.0997122435642
1321.786157856944
1678.4374155512114
1352.3672963870017
1250.0710093462603
1239.089592747606
1561.9150413529824
1278.0717825818467
1207.6941805071028
1360.8034321716054
1010.7427434578425
1493.496553963822
1775.6864815778258
1494.4808879621687
1796.154374968619
1389.6245025769751
1551.8993518634693
1406.735092526807
1699.592586917204
1174.9138998905128
1346.831446763564
1312.741407969539
1197.8073131248566
1719.9166605704208
1601.9892425438143
1606.2698289767993
1397.628226531871
1432.325273422091
1101.852128093913
1646.7704669649938
1707.6809839218495
1144.8893092006451
1000.550909920915
1576.6653684046623
1325.193380416787
1393.8094562788815
1130.2797747808315
1099.9901506460726
1411.3133112179237
1667.7146760686446
1048.4596386962726
1313.3647559056276
1416.2124452512833
1535.5619070541986
1710.7919084901023
1708.6422318064
1480.7398131728773
1206.178037902439
1094.243808700208
1267.1913116437754
1501.0705303901364
1048.1874200941202
1455.7467710670937
1496.9763300816842
1121.904230070162
1679.9036155468743
1060.049181379735
1408.4543421142434
1377.3025929956789
1541.9568173263624
1317.4548942502252
1325.6617927459467
1704.0470560919823
1728.2955390800503
1068.1751027132314
1246.3094552571642
1186.0036185136794
1416.8279558712445
1313.9691017388197
1721.49133113814
1382.4111790575762
1072.6906841050636
1041.4110159915092
1176.428902173029
1451.4991929524263
1153.9793228957428
1275.7618843080993
1596.3612154511434
1332.974778706269
1254.7083794298082
1369.4934039980203
1440.132071253741
1698.7547583482537
1539.1515905480533
1045.8142084899796
1595.9297108287592
1330.474283433197
1727.9780093760946
1679.6941584046367
1782.9635602512772
1619.9718741685776
1263.4346617972988
1289.105342890989
1440.2130530304546
1593.1393975140636
1321.196857906953
1673.2009869952728
1440.4818290899275
1482.884168149085
1394.294567611319
1098.168517016584
1700.3573149435133
1150.5890683947796
1481.2691074849
1278.5440487095793
1156.2018501317464
1500.5257756774906
1745.5548149241008
1607.5159152890174
1693.7277869345526
1449.2960572750148
1236.2026285923066
1503.9367066924005
1203.9078047118553
1453.7733575104312
1098.070139660569
1675.875335787362
1439.4041296877217
1360.8382331485116
1644.6631010098245
1107.9783444993402
1656.295964503092
1521.709651672081
1781.0525403772426
1190.1407558500462
1504.7740758465643
1595.7520676491229
1765.6425926932507
1297.096565763237
1516.0033610409419
1509.1409736017665
1692.1966552247964
1596.022575616431
1646.7427040197622
1479.5164089827742
1513.7010373560388
1135.5856627206329
1808.0913865962548
1147.6438588052201
1665.6221992176916
1102.6335374179407
1233.2474137272204
1749.5305209409116
1096.6131709157162
1566.5800576140805
1192.3111159847533
1203.4896636637397
1461.471180082086
1383.7647500205367
1363.4805562708293
1529.8204515908342
1173.381119728501
1223.5157616227484
1756.6449422341523
1199.1539364107728
1540.195701674429
1157.9840456813854
1611.8300443196708
1362.7957295987478
1387.1699291459547
1531.1720954787725
1328.1244827556611
1234.7552948142848
1252.6028245985367
1263.4842272283877
1459.574941118437
1242.6226908680142
1369.8003278486192
1556.3785601225409
1163.4073206446953
1048.1388194915853
1009.91637857647
1071.4087403159647
1330.077734152179
1386.5217517464212
1279.035874943448
1442.3966052832589
1191.6451322735538
1087.1947218760545
1057.1619631758315
1602.8233872034562
1915.0339851638373
1456.261479266464
1363.1759221304358
1250.6527029215486
1426.4549559619447
1574.7561301436244
1492.0271319049182
1533.41607880464
1337.0149099763491
1252.3723251954239
1240.8853629200842
1189.5203691586894
1429.1723150599892
1391.7169794279284
1316.9364792321717
1313.3024796335462
1586.9360785103854
1164.1711564326702
1052.5271102598545
1376.651146101066
1073.82192940261
1443.2325581794228
1743.4742673119517
1523.1380123349877
1092.0019567928052
1182.428834331006
1369.785686569517
1214.2966028720061
1463.2917936987928
1048.3423455602913
1428.2060859900794
1555.0665267567497
1099.3015132449289
1182.3249727446166
1426.251016297202
1656.4153010734979
1724.4207987294744
1210.3098623093017
1201.770758535119
1370.3737155482065
1687.1747107825088
1564.2279645629244
1701.4035533689898
1517.321171901469
1339.9036561537414
1744.6005535030617
1156.026522874088
1695.7538658714166
1125.1482077368796
1712.4005000692723
1512.4459460508792
1185.794370828584
1113.1045040972904
1122.933628023823
1042.600805378503
1691.7781598546055
1625.4447585651117
1585.619289367071
1369.8750995843066
1351.1229285194377
1103.2464208799113
1196.4167088426293
1008.3925705409721
1228.6276171797253
1760.3351581660936
1532.2505038087575
1395.483437759644
1434.5084609190335
1121.1979616192198
1161.6920617885528
1667.5054283835493
1087.4569499452564
1456.1652664372843
1136.6920811919936
1690.9313606289857
1195.1093666538475
1168.165253359304
1370.0610696721224
1067.9276428043931
1306.785305744789
1093.2855328797723
1268.5579605870541
1349.8674424088658
1512.345817764066
1125.6444258359775
1600.9910033926928
1390.8621684666177
1320.9912618657129
1704.8290154731428
1048.2532845470503
1394.6464470192627
1079.5294904813181
1305.6172786275968
1691.987407539701
1242.2573247928672
1458.048495603142
1487.545471524537
1536.1506027518524
1656.3376415652456
1148.6192561251587
1118.602861264173
1274.3897570824806
1311.4382292484358
1143.3856912410863
1334.9532319163206
1507.7298446276088
1192.2494091076614
1560.0941301869962
1101.1712557435833
1198.1236367738093
1480.9872403540373
1060.4623638204214
1172.8124894953742
1520.1987362584146
1790.7523149046883
1211.270260125099
1121.4368123076872
1088.2943718728015
1475.8271924723147
1325.0536095021334
1549.4897339897934
1682.5712617104118
1420.590651507324
1201.041484756007
1510.3808512212177
1139.0912683638344
1324.0510674365723
1048.8642387123748
1695.619777378406
1534.0054052927403
1114.3138085898627
1535.168730260728
1122.1323973858753
1444.7917741770561
1251.9920420489761
1527.6950754456425
1079.0713080963733
1221.3280607276017
1207.8979115316693
1702.9439011930049
1542.1775082442364
1081.672395775649
1418.2019330072285
1396.1111808149299
1413.8972340480314
1450.3145049923146
1299.6851884925218
1072.857837041009
1769.894229723374
1177.7449033386333
1558.0219256071705
1265.2790657090861
1401.7576217267986
1163.3897471086425
1227.801252298353
1699.520324203132
1447.901193800123
1097.614453783848
1095.989058178165
1594.059490915095
1852.673533717124
1460.2852389244833
1693.0336459651776
1645.3251737634464
1743.8808334433384
1473.4913425813727
1296.5441790986029
1548.4146444793578
1167.2088656232831
1424.8177485280044
1053.9863556238413
1522.7893191332882
1388.1160392846182
1114.4286504227262
1065.865071074194
1418.918342335733
1421.9338572971658
1514.8915283704305
1413.9014148209603
1768.7813079696805
1112.5233513468888
1080.2767300635385
1756.7432954535043
1150.9629669999222
1385.9208570922885
1042.1481406756009
1192.8740320545166
1723.8896154167596
1503.7751720178717
1788.2413426835444
1364.9332757357283
1063.354640905225
1144.2006717995014
1450.017447309488
1026.4751450940614
1713.539919104518
1509.59944189719
1501.5074415751446
1357.4420451345622
1350.144627654057
1412.845759193999
1371.9998806634296
1380.0371540962444
1453.3988649130458
1295.986980870593
1283.994064231683
1297.554703761268
1471.5658143229223
1166.6982717857695
1368.123894246547
1347.801911157082
1091.5873439480215
1410.0562469063989
1218.979673885776
1583.362520388367
1487.7275415317831
1386.70320872334
1192.1298349191065
1351.1391943391145
1423.0326119873585
1554.87888359821
1729.2334954866665
1112.1908737465976
1310.9118172221472
1592.9682969322737
1389.0756463178845
1235.0616459922219
1513.1708211740138
1424.4814069945126
1489.1066554250528
1067.4186334961507
1786.1992441463854
1158.1726546787904
1639.047743210587
1488.5986576270577
1304.2929588454651
1389.1303352167702
1204.924186539407
1198.404209098319
1270.0460809895715
1410.967766456697
1189.876902126188
1087.8132749992246
1356.9651075398235
1331.5491702494478
1226.4133516370566
1580.4910863346959
1595.9108924136362
1703.940868098538
1254.3164487071394
1246.2089182834661
1786.3581135176864
1533.860032217724
1678.1770603234104
1733.6931915038313
1081.2592133349626
1130.9788336975414
1065.8999428247048
1704.123773275229
1105.4126323240507
1108.2247098718815
1698.8210899307608
1380.836099802972
1585.480335826187
1553.9573079416987
1072.2418546769827
1401.526282040541
1178.7702693369179
1617.2859839606745
1285.3713390339706
1730.6982292823336
1612.2942823478734
1595.3149770256668
1255.4897887538361
1231.368419635346
1457.4207525478564
1709.4820608996529
1509.8244160499844
1269.4877232503195
1207.9684951454128
1142.2058584320764
1026.5814036841489
1704.8832106777777
1287.8511110122959
1260.8700193119578
1406.3643173846
1449.7648211320545
1733.312466594823
1519.290429656609
1094.523841892818
1584.8525927709013
1390.1695689708986
1712.5789297359322
1427.2764166006978
1519.1408502567165
1019.4394273220165
1278.8767389662169
1513.7602377539588
1431.2088018077038
1607.0125300482073
1654.3228242225446
1166.4356904621882
1719.8173496573775
1232.2547132836726
1570.4864313910762
1308.3417817687562
1787.1951042580677
1112.526825185411
1076.163296566499
1462.487101904298
1491.5127994602065
1084.9254664698205
1385.8580442452596
1637.4763421379473
1732.372210763096
1580.048556419507
1357.705130886362
1370.3622723154278
1230.0641515803309
1233.157093925646
1646.8973922098558
1653.8777809442552
1121.9637892955257
1651.811852001401
1184.5098679491807
1504.4242398730455
1155.9075076189451
1449.6180355826655
1437.3668957901573
1080.1749670291856
1336.534850161084
1623.9752005391124
1082.483639242278
1404.6903359038376
1060.6611656487396
1080.6907298779947
1369.5367248078253
1469.520540807181
1451.3305005883049
1065.6537730000423
1448.1837528385738
1689.6856830036527
1486.087685405914
1462.2669616296146
1329.6588403020685
1473.5565281395225
1043.6451826665657
1666.079444159196
1118.1060141953303
1463.7438447577235
1430.6438889404576
1160.8656969071803
1323.6065182416037
1053.3005348485262
1462.973581253696
1170.3656235478845
1010.5940087863867
1045.0368860348012
1497.8810634346441
1449.0199074243692
1315.0350592044256
1050.9130220670843
1169.2866901716118
1031.4525308021057
1595.6259877451153
1532.0870290547768
1371.5887416571682
1742.206851962576
1689.2671876334618
1096.139094129172
1281.1908621069829
1701.8966154818172
1182.831595256126
1497.5963080861561
1810.003101933457
1700.9850579987992
1126.9847367709076
1445.5782326826084
1441.3589492823662
1549.6212730751186
1698.0559990943498
1685.024539265136
1173.495973629696
1689.6856830036527
1130.8411062173127
1048.7555280009776
1573.351735141473
1072.6645281444266
1316.4669502524412
1073.7275227321863
1298.8052856292204
1576.9515590510737
1182.1500253617976
1325.3323339576707
1330.1327701083144
1602.3486826591293
1101.2296979681314
1313.8421270922463
1520.0456791335882
1768.9325221171125
1438.5884608892782
1272.5226320579714
1563.4177830289502
1168.9067349155928
1518.727162787042
1499.946257674629
1763.761068498853
1489.3679806194248
1706.8824097486536
1476.2530442064344
1193.9198834751953
1144.4505995483757
1701.058786912867
1157.1697029718553
1142.0703914116903
1411.1770141417924
1602.4400241779163
1638.2107524702058
1291.4371176446546
1532.1896094628996
1190.622393343962
1328.8263602237303
1217.2761982211723
1563.300081206084
1004.6827343277776
1618.7760277637062
1063.5661165666752
1481.3326134995
1547.4138267178002
1600.4578927859
1606.685662359442
1704.123773275229
1572.462023792933
1515.559103117081
1323.652653724121
1059.7737264192776
1438.1699655190876
1428.0570085509557
1155.0312829376087
1279.7245123445919
1180.4785805160163
1366.9157352227212
1012.6067643401076
1336.6668560249234
1492.3884858262006
1216.5075989195955
1087.035593766871
1285.2483136451044
1194.5284162014086
1205.2748398866956
1152.8112957785506
1525.2485618190904
1240.8800499905797
1472.9599590161756
1497.0028947292062
1112.2758914380506
1286.5781914052332
1086.7123185346675
1783.5849009544613
1275.5926879377294
1446.302405020534
1836.5775579405613
1609.195209699284
1095.898990584263
1595.1066097151224
1313.2758446652451
1389.52008307787
1613.5057014575714
1586.008359281545
1274.2861777400315
1249.4959868991332
1572.968182499946
1424.0387990981098
1512.5473588990726
1069.2769225550614
1508.8090430948077
1067.4178059154158
1733.1315991722122
1442.9675853639046
1412.8509956225548
1531.3871527642968
1481.4679281316332
1198.4044046637712
1192.7469521153837
1124.26393144832
1267.7349147013751
1495.3444433500717
1682.1527663402212
1063.3115244388628
1528.8726703678349
1439.4254516296594
1563.314180903615
1141.7930973602506
1588.2005557324262
1666.668437643168
1374.061414721673
1351.8614257205456
1119.0185168805124
1153.9793228957428
1078.968932031693
1476.2530442064344
1181.6568248053322
1370.6659352447978
1163.6202465117553
1535.5619070541986
1041.1805165883964
1376.2534937620078
1386.381163457998
1411.4324434448872
1715.632395955471
1420.4076161253133
1124.2301871663326
1724.0990725589972
1053.6562967818768
1095.5095976885118
1251.6780347686968
1515.8253779025454
1282.6776837752532
1114.3138085898627
1093.4835498429425
1386.2765396154502
1381.506346294293
1077.8160263292439
1783.4286459263521
1099.3394880546623
1515.0599073670305
1481.0146444558543
1315.6095651791156
1308.2850469812786
1164.9020914974315
1080.1001793747193
1358.8242241794692
1752.7947010455418
1216.9870098661313
1494.3433237933825
1174.159055214007
1698.5453012060163
1498.4332988265373
1516.1682661990199
1477.5438839780868
1702.240544109371
1309.7928452131246
1416.1989585840797
1633.3980557130135
1495.0922835420565
1187.2386057719839
1188.548920433159
1489.0881589684668
1500.5973354853818
1035.5512634350705
1129.4699617182994
1707.5036138137802
1180.5281385980902
1523.3139520389593
1690.522673744034
1831.7696690722375
1308.854896130185
1555.1586297709596
1468.9015845199217
1686.9654630974135
1697.4427413557385
1472.695833559814
1614.0070890827064
1361.239190502888
1050.770256765203
1235.1670160258388
1231.106711823843
1529.787756640038
1364.8114870440127
1219.571933182964
1736.7664121500975
1209.9597184937138
1154.8718950524774
1199.0648038833856
1177.6684494950878
1048.0668905998339
1494.7563429226263
1733.627696873668
1565.113929138694
1098.080356832693
1366.1066157824248
1199.2158379509358
1089.7276142780486
1434.8052794658465
1867.9647107048584
1381.7805751940957
1135.4496638754715
1328.7481389420977
1316.4164208755626
1122.852912364045
1342.5827062768435
1255.7766869470722
1530.9706099865411
1679.6417941190775
1762.7466374264823
1710.1919561429931
1432.1017826513234
1366.7220982311624
1084.289217899995
1339.459667558403
1724.0023033592838
1568.1708115009394
1511.16757347475
1273.611578058786
1542.248211075333
1498.1124796218503
1455.1350334829658
1489.1700018922204
1060.7515758605257
1380.0027872445555
1430.8823344767766
1097.385589128275
1561.3766460872203
1043.0467199977197
1588.0644629997373
1090.070093887638
1563.171140493882
1674.2013543065996
1274.4849421360675
1760.4874906331752
1133.1866010779115
1436.7052317234204
1492.081868592835
1408.6877076437988
1472.9855925612449
1506.1775066094888
1702.328003102751
1761.4952381847602
1092.2774117532626
1520.2436918157591
1048.1224720161872
1796.6157456430915
1414.737569406756
1190.752560116819
1155.6169312437446
1542.2463719843504
1629.9548687072947
1518.8646190366353
1663.1112269965479
1665.2237295048635
1384.1501307074545
1299.1440870568456
1767.7350695442037
1161.3142307634148
1499.3515589381068
1375.0643206709572
1498.7257863538944
1060.2768199746533
1435.4497456128486
1448.1787073315568
1510.89453021602
1606.2173215252906
1341.0739602991634
1568.1127779632764
1533.8895978826079
1525.1099747317553
1459.5614544512337
1076.3738164477315
1105.1710742866064
1303.4553250062017
1516.8470951149247
1421.3743422922041
1196.0792665744848
1589.9468747918252
1171.738088199628
1320.2521012118696
1580.8954820073554
1055.2287195717288
1078.3427030406324
1333.1092366914181
1165.5766936308005
1605.3122756053572
1421.4778409189125
1583.8063543454246
1382.1275405607332
1440.442555875758
1398.8314007211688
1854.991354228949
1697.6370950372743
1299.2575987163746
1099.1378341475058
1307.2035967715371
1117.226173798656
1468.875428559285
1323.2643783198146
1509.9811554477349
1274.3172876298543
1426.0415591549645
1002.8922770848037
1634.8501202152472
1716.4693866958523
1707.919248375776
1199.5166460211676
1681.4770064546003
1670.809911306613
1213.3402755612192
1080.5239856289345
1601.8016552636213
1358.2381671864482
1003.5809144859475
1429.140028796078
1045.9519567924174
1712.1600154514572
1504.5754540204775
1445.7028821825188
1604.1073939949274
1113.8771890404287
1534.9592731184903
1546.4084377888635
1306.2320737950863
1739.1655486953914
1472.555040927948
1676.2938311575526
1681.31577559984
1750.2964001633113
1498.4342754289637
1599.7091784126683
1071.8937446794075
1326.3703986454482
1722.3283218785211
1606.4051043357185
1661.052472745495
1245.080942480999
1053.3844646816328
1117.4846141564726
1681.527475406245
1053.3005348485262
1496.2995446002042
1445.2572117882896
1725.3558154124225
1354.0123447960468
1445.912129867614
1097.5772632773173
1526.6817363144046
1043.2464287918276
1568.6855526325362
1010.8917758964084
1129.8770138557115
1682.9897570806024
1139.7271851568194
1396.5296761851205
1184.6263437113919
1114.176081109634
1366.2250888435785
1115.7918247092907
1136.763387867149
1598.4536923020964
1516.8470951149247
1357.8772966670358
1507.175928669426
1273.5664183621384
1642.7293253193866
1481.3620389552166
1241.5846261802367
1514.99568881676
1686.0697324973798
1351.4829816650804
1115.1623254435797
1459.5487851578002
1693.3225875928383
1334.1738660267174
1299.504548889373
1543.3128404106324
1406.4164249624314
1301.8786110040578
1080.6516407570166
1240.458538666324
1080.8382658434623
1756.5649296058177
1087.8701323859427
1530.1269022465283
1500.6287647724985
1414.315729418222
1554.21411518509
1248.4603743326654
1600.9075907247484
1286.0816421582645
1876.789077924737
1229.9386847066507
1447.0048645058996
1092.072659623902
1711.8659376237556
1736.5571644650022
1375.489568791109
1673.7828589364087
1038.6860961860932
1408.6942413157103
1459.0947340286189
1610.5733014662455
1070.51646987712
1316.4160121886775
1367.41931805689
1122.058425059699
1799.0948402872089
1090.164349601645
1022.0363968366
1359.853102207899
1330.2316895165038
1260.6564083533965
1409.50303266103
1719.3988542871866
1436.1592260451248
1174.6672992040014
1094.3817405238794
1115.0490444778106
1420.6912448234698
1168.5009117025074
1701.538592334596
1555.7037121196263
1690.1670155165143
1227.0194342874402
1290.6503475268928
1318.9329530347677
1122.5346122383592
1384.184062764497
1688.8486922632712
1545.8048007301932
1066.7978279109439
1207.6256240309694
1501.597761376719
1580.8563356421612
1405.1088312740283
1287.393113053827
1144.2006717995014
1068.4160236319105
1431.4400430530443
1491.284547834961
1727.2409296925607
1611.263037290098
1091.4496164677928
1325.3785155756702
1276.8400003106021
1072.857837041009
1334.8016090820033
1126.582286341668
1080.2380447202936
1608.822603619611
1647.5670185259737
1216.6453263998242
1357.7135302276208
1025.3676371817123
1446.5398729229
1725.9841868391354
1324.2981614090559
1256.4299563642803
1400.8830088836269
1678.3353025787721
1454.7005326416172
1301.3740590215102
1143.9726245176985
1188.0454181908985
1384.6630437936606
1725.6762848400463
1300.724479240954
1224.7712477333205
1074.0973843630677
1354.8492220349756
1170.2414105533858
1670.214613743895
1589.6652895280934
1297.3736554712343
1383.980945382676
1811.7870201862713
1163.3582782185013
1249.3390066329437
1179.7543873558816
1567.9681028060033
1520.404865404847
1353.7452366834175
1396.7768781589427
1490.796543784842
1625.8094433152191
1550.6765607036937
1404.2580163622592
1127.9607272800183
1493.9863768313771
1473.6844471345123
1562.3652265251442
1016.7855538516152
1157.0290422051924
1723.1653126189024
1083.7252299987617
1591.7221586648661
1389.126660709313
1708.9364700324213
1115.3782335817195
1546.890894088385
1264.4473564607565
1151.713862672924
1050.258468497592
1027.792745078688
1727.1410186357134
1173.5366250882253
1474.2292267521532
1413.5335557966432
1192.046839981071
1512.9841001232962
1252.973503603188
1081.654822239596
1140.2143007289355
1188.4977369939531
1557.182184994717
1534.3805798531262
1626.4875691753641
1006.9770686127724
1722.6514956259311
1684.035995506079
1324.7577201974286
1171.7806341816452
1280.00493045749
1727.024567778497
1113.2119887480326
1460.7597243979124
1736.5568633703604
1607.1480970925606
1412.1648103427208
1356.4089231444264
1165.1352487942715
1214.1192327639371
1552.4340204614236
1396.1111808149299
1742.928244331471
1465.7906599516687
1485.6828810463692
1247.7600556448751
1466.1049401661967
1418.0478580516017
1606.3761642212976
1163.6202465117553
1671.1064155728973
1502.7950992233393
1505.4259575318156
1387.1364168213886
1103.813018813503
1525.8774405248196
1752.8784839024368
1166.5417510498207
1429.2765302156517
1189.518938754592
1438.7977085743735
1489.5807322115968
1460.9214915852685
1531.3599750864475
1239.0949056771105
1465.4847578182823
1146.2345020824641
1304.7909137462243
1045.7939784891746
1064.6668356893824
1420.5931599710814
1451.5176022715682
1728.18725706119
1243.401410860862
1496.7119096671204
1721.2820834530446
1409.0935259526364
1518.1014641752297
1412.4938032851069
1348.4546118475876
1143.6260580392593
1587.797181776979
1083.750951908563
1082.2233056965638
1758.8151814615844
1430.2185534854657
1181.624710770829
1508.85322219125
1631.1001014055255
1052.1987150066964
1341.8396059277582
1258.9704424058725
1245.8419174607793
1101.6565714194635
1138.678903296918
1328.9594300616177
1087.416936192163
1514.3926613151878
1209.968200073482
1368.2726562726693
1084.6264173077589
1348.4163996238447
1033.1042507114216
1365.3330000887136
1561.7697873248965
1746.2074878793687
1415.4281751190606
1419.1294734611254
1389.2442194305277
1504.8752787226695
1152.850121032621
1076.1389796968442
1397.5553878106577
1238.1308133155092
1401.8887873074932
1353.3599307985348
1321.7976010897228
1276.155337276913
1334.1738660267174
1523.0100933399976
1089.1992921826247
1697.2185996670837
1191.8490670291446
1503.0367478986343
1330.6166553800972
1323.033061542932
1724.7274439857101
1316.9074828686878
1555.487622713346
1081.8869563902485
1395.0419021038072
1107.4572915846286
1433.6382150696081
1210.9984997104452
1362.003808144394
1419.5469215456048
1485.4599423506281
1526.4724886293093
1054.744016926176
1251.2656011109743
1717.6345681111584
1667.8833702563288
1733.2092015034773
1712.199563303488
1422.8233643022631
1165.410703754729
1223.802812920462
1517.4866900898744
1004.9713388603501
1311.9936114066145
1488.5193723713771
1516.6378474298294
1438.115201476504
1516.218125998984
1323.5982755048203
1075.4206499424265
1553.606028295028
1449.919673370045
1362.663837463591
1072.3433002528545
1323.6579613460033
1417.6330003628734
1506.1856803471878
1416.3881806118125
1592.3885731569944
1331.0351507502878
1434.1386780859232
1397.1783231050513
1290.9866907090288
1254.769273775666
1062.7322075132147
1439.0069562594688
1468.6695401905624
1408.9255580925928
1086.630585063884
1477.8672406343123
1696.3126261733744
1380.8025874784062
1067.5919477645443
1184.5064053383203
1163.5303353970658
1577.91227209065
1313.5246187511927
1662.0649885710714
1382.1324399040093
1581.820136084559
1256.7240231463904
1367.9992447466366
1178.2085292135516
1507.1403729104352
1477.5085303170063
1293.3562633921583
1380.5893592894163
1133.5053360203133
1207.4175852244978
1156.9431201854131
1392.3332776140517
1195.206288241814
1200.1180287723741
1326.758873734366
1351.7539410698032
1341.3557206559751
1422.8057907662103
1507.6716658608725
1169.04719965703
1080.4328484535902
1446.9583682930906
1720.2358450275678
1214.364853581793
1462.609830698578
1346.238387962458
1421.4268060931195
1207.7656292632132
1485.1084732659533
1313.668818948032
1151.9134106923116
1315.9145533808419
1313.6592182766035
1556.9826524147184
1339.1491637088752
1336.349306315316
1479.8872923308681
1452.8173034757594
1372.6905614989982
1037.2798985025017
1202.6870345311809
1147.3218082216304
1178.6431162725935
1341.9119435063944
1027.9303349690265
1414.130185572454
1353.5693879407722
1296.059552392871
1273.8034690037684
1077.365653382027
1346.9379748175315
1732.6853506554764
1273.1050108690276
1211.432933869149
1199.3011971964597
1509.658701495508
1543.8858194233349
1409.611334685542
1521.556317742125
1484.0695895680221
1272.764340690962
1780.7801622043626
1124.6989510233725
1682.7251141541983
1760.1764056070206
1744.927071868815
1452.017897230764
1424.1503706177016
1206.175378778563
1105.344766212711
1440.6809377402315
1080.2411743045477
1060.049181379735
1451.771065050283
1285.7996428894
1509.9599037297173
1424.6587771025818
1726.8322685549083
1533.693985886407
1743.671585758243
1067.0354793345434
1380.664270035591
1100.0906544829963
1180.2746457604253
1493.8542060229806
1093.5185938228612
1134.1433948398544
1513.2387986076856
1075.246611883552
1551.1755673902196
1141.0329397542403
1521.4505441870217
1010.8804709380713
1295.2215103350784
1212.238047032504
1741.016009562527
1269.4268289044617
1620.4913151993514
1609.0561690209565
1304.369966254724
1330.619516188292
1630.0094053386947
1518.2231438565573
1207.830767665184
1093.4797685687909
1750.8717128965277
1584.2248497156152
1708.4368676674085
1270.8833889624298
1175.7733684095663
1564.702187316222
1116.1095787623408
1121.640603470589
1657.9879282067923
1444.439222334248
1704.6195583309054
1301.4590369617893
1215.958500066588
1115.0961843093517
1209.2848756018425
1515.8825940664387
1391.1390961726065
1078.0273448034307
1162.1416173619998
1184.141641065839
1346.0289308202205
1761.3236452189708
1719.933993222096
1602.8331809612396
1747.019548719768
1506.296496551358
1600.5461691530495
1453.6256983825522
1053.0859742339267
1440.4169260125525
1329.9889123248113
1392.237237832472
1416.095152115302
1612.9792415670527
1098.5139487126319
1508.8524039992883
1500.944271047681
1561.4851488854956
1072.9222291096874
1703.6289787990845
1735.5109260395257
1510.6060376948262
1570.9859015833488
1538.5370220197374
1186.3465068101539
1170.0934380825065
1133.3469698523945
1641.4598132055726
1728.8150001164759
1579.837272240723
1511.4066553024468
1055.173133256032
1089.015142796702
1276.28008702986
1407.313022950364
1044.7569355186095
1393.4156274689717
1423.5226275624157
1408.8844873061876
1608.3969108476836
1320.905028932988
1236.7917885027357
1009.419234913041
1334.3831137118127
1666.0020224382893
1752.7947010455418
1541.4831267264242
1388.804676685762
1560.2648041311293
1517.3006451015297
1098.145273131102
1542.7122750331955
1608.706828871767
1184.4154612787568
1582.2691837594198
1332.8073578124563
1391.5804780083545
1107.035708199199
1425.292241774257
1465.372164581478
1422.2629606789149
1433.7876160517496
1129.4638314150252
1360.664132535522
1067.1704001034927
1360.4328157586394
1540.4113678709173
1087.3114574142135
1345.0378788458884
1156.553232897169
1286.851602931266
1469.347870598289
1685.2706385855186
1171.1380417604432
1696.5908566117978
1290.4004684289712
1662.0649885710714
1399.271965183147
1276.6229875746926
1316.6002023358449
1601.6028290940926
1653.2765857970683
1529.0817090142841
1482.4305309747679
1058.897501737941
1071.1070224258754
1361.1098450613242
1096.930924968766
1378.3476053605007
1478.210450041911
1231.1782320287095
1107.5353831440098
1258.068194310997
1503.608909537567
1025.5180004095043
1210.2369396674221
1373.5663774934499
1348.611956298294
1303.0666637786126
1400.637107835024
1396.7082723538444
1683.8267478209837
1419.1754251671837
1620.2955541814595
1691.6268126083478
1375.8141553606847
1198.3780093819855
1296.9185705806217
1368.9224684197427
1579.8354658428852
1069.0676748699661
1554.8966614777055
1214.7604624864266
1118.3079055164965
1135.5567398393289
1173.843957625709
1331.781345092277
1366.6072572164908
1437.1010599034994
1307.898730821406
1556.604155283034
1319.6915346853575
