1096.8849476942091
1419.1754251671837
1462.4241017368784
1336.340315203847
1278.2063454945978
1348.4163996238447
1364.5102508548368
1396.4954771359385
1391.567245389755
1472.555040927948
1411.3133112179237
1487.7275415317831
1284.002237969382
1184.4692519851428
1180.0388334278082
1115.0490444778106
1171.1380417604432
1194.8984842212124
1135.4496638754715
1122.6220042740474
1178.2085292135516
1246.2089182834661
1171.5878016773327
1424.0387990981098
1488.5193723713771
1589.1881475899122
1516.4032611578673
1520.2794519181923
1471.04939618695
1406.4164249624314
1508.85322219125
1620.4913151993514
1592.4378213556063
1511.5697213695425
1599.5328300218116
1585.619289367071
1595.7520676491229
1586.008359281545
1563.314180903615
1566.621888206972
1573.4679218424312
1568.7506011435323
1579.6696256959426
1522.9077199291282
1431.250079183084
1515.9667876556987
1583.176567855714
1586.9360785103854
1507.1403729104352
1440.4169260125525
1570.4864313910762
1472.2401476830928
1542.120902865138
1595.9108924136362
1515.559103117081
1606.3761642212976
1499.946257674629
1520.1987362584146
1537.957407470224
1601.6028290940926
1593.9687624266355
1509.658701495508
1602.3486826591293
1590.3488183431753
1595.4759996583377
1519.290429656609
1615.6639240868383
1515.0017302366782
1523.3139520389593
1670.3492760724864
1585.8667492759091
1563.171140493882
1616.8674885904838
1542.248211075333
1358.4022666066967
1183.3564140581173
1529.4742688942852
1551.3411125789598
1442.8847817673338
1479.8872923308681
1519.1408502567165
1462.899813270962
1621.1074106784163
1525.6846268701865
1648.7914571009605
1091.7250714282504
1517.321171901469
1593.44503018357
1563.3143852470575
1542.2463719843504
1567.9681028060033
1562.7508125651666
1609.027327754301
1546.3499969961513
1595.1750017675708
1605.1077278194389
1500.5907568921978
1554.87888359821
1495.0250545494819
1507.175928669426
1420.6912448234698
1430.7619026990092
1542.7623391766024
1378.3476053605007
1421.9338572971658
1430.8823344767766
1356.2785135731046
1324.0510674365723
1274.4849421360675
1415.727129575403
1447.3133128526713
1489.1068597684953
1565.6592262494682
1592.3712213162248
1562.3652265251442
1601.9387697135228
1554.8966614777055
1498.762087425481
1575.6258733127872
1606.0235951286159
1560.2648041311293
1629.9548687072947
1575.890553298751
1560.970565961859
1592.9682969322737
1516.1414972080556
1560.8312037340902
1592.89851313632
1009.419234913041
1493.8542060229806
1533.0888862936658
1555.487622713346
1520.2436918157591
1605.1721846002765
1595.1066097151224
1493.5737186204215
1581.4133490413428
1548.14168029978
1579.837272240723
1546.4084377888635
1555.3874944265326
1516.0033610409419
1493.6361321709733
1582.2691837594198
1548.4146444793578
1489.1066554250528
1478.210450041911
1341.6561071495291
1424.8177485280044
1485.6828810463692
1531.3871527642968
1540.4113678709173
1554.21411518509
1505.4259575318156
1606.2173215252906
1605.3269221920814
1557.182184994717
1587.797181776979
1491.373709350129
1370.0610696721224
1527.6950754456425
1618.7760277637062
1486.0737352329643
1546.890894088385
1370.6659352447978
1497.8810634346441
1462.3495163803748
1495.3125657730457
1473.4913425813727
1558.0219256071705
1520.0456791335882
1530.9706099865411
1542.7122750331955
1429.3249634979304
1580.4910863346959
1480.7398131728773
1602.4400241779163
1446.0406984338667
1538.5370220197374
1508.8090430948077
1586.3838652096752
1524.9064004861739
1580.8954820073554
1572.968182499946
1502.4862466646043
1478.7631990538082
1522.7893191332882
1490.796543784842
1461.7015433242836
1389.1303352167702
1434.9644299369684
1503.4038591772357
1580.048556419507
1519.6394482563578
1451.3305005883049
1595.6259877451153
1609.0561690209565
1559.7220275283312
1596.5616763682124
1565.4565175545322
1491.5127994602065
1431.4400430530443
1485.794322677987
1437.7504484316846
1519.6025004714588
1573.5793655544717
1465.4847578182823
1369.8750995843066
1331.692114917848
1438.8526043458628
1404.9684473290474
1380.0027872445555
1250.0710093462603
1122.5346122383592
1102.6894367018715
1158.6725765218127
1130.346186399636
1115.7918247092907
1101.2425716050075
1103.2464208799113
1097.8251318730406
1080.0010707596387
1100.1764591976705
1081.0480547625405
1078.0273448034307
1050.9130220670843
1041.9318874263802
1060.138888150982
1139.447757645522
1170.9315554732193
1076.3738164477315
1112.1137808146184
1091.761035874126
1072.3433002528545
1070.9333304997708
1060.2768199746533
1053.829784364539
1044.7569355186095
1043.6228294128682
1043.6451826665657
1033.1042507114216
1042.1481406756009
1029.3800914722985
1010.1610293243574
1063.3115244388628
1025.5180004095043
1004.9713388603501
1053.8299887079813
1055.4134460437272
1067.1704001034927
1059.0303045207513
1051.1733196123523
1045.5181148418321
1058.075994147148
1047.9845084875776
1035.5512634350705
1050.258468497592
1048.1388194915853
1038.6860961860932
1032.7638145362569
1008.5434294860167
1006.2141724504237
1090.070093887638
1034.8620891475593
1080.6907298779947
1066.5505113902468
1091.4496164677928
1091.173548477008
1092.138866899264
1106.89798071897
1126.2082316894994
1153.2440951897145
1118.6205509834845
1083.1737070475192
1067.9276428043931
1080.5239856289345
1131.1441873496685
1079.5294904813181
1052.3619309120406
1037.2798985025017
1135.2107863912172
1205.8292236461327
1305.1058069910796
1464.4170633313458
1389.52008307787
1184.4154612787568
1113.1045040972904
1070.6887409936746
1068.4160236319105
1083.9998675854492
1096.5812933386899
1121.1979616192198
1108.5887183620157
1119.4136078837334
1115.7471845471696
1112.4645806182682
1093.5185938228612
1056.0009334408453
1062.7322075132147
1105.344766212711
1087.1947218760545
1085.498843299552
1097.514167995082
1099.1378341475058
1114.8978221484588
1093.5623457748743
1098.168517016584
1104.1726901965797
1121.640603470589
1112.9667766170617
1101.1712557435833
1105.4126323240507
1124.6781411290144
1102.208094370706
1072.6906841050636
1072.8930371893334
1170.2414105533858
1088.050584589211
1098.070139660569
1067.3791352996261
1091.5873439480215
1079.0713080963733
1142.0703914116903
1143.0001540749556
1136.5529141213988
1111.5876627237917
1203.3119167782722
1131.487444525864
1164.9020914974315
1218.979673885776
1136.6920811919936
1081.0023536277704
1075.2133233344875
1067.0354793345434
1045.7939784891746
1032.000796122052
1001.7915220335791
1132.139300107362
1060.7515758605257
1053.6562967818768
1076.1389796968442
1127.311686278869
1147.3130267718518
1161.5533125911115
1157.7386392097976
1151.713862672924
1113.4065237052696
1201.041484756007
1147.3218082216304
1182.831595256126
1155.0312829376087
1167.2088656232831
1168.3816602240656
1175.1364113226925
1159.749121382414
1187.1232670656914
1220.6348762246298
1217.7968016981758
1214.7604624864266
1231.0807873571757
1242.5231475884536
1199.5166460211676
1242.6226908680142
1189.518938754592
1181.6568248053322
1204.924186539407
1202.389510478936
1216.553780537595
1225.6570765564534
1274.3172876298543
1308.3417817687562
1316.4164208755626
1368.9224684197427
1418.3936071562707
1389.2442194305277
1449.7599123983705
1408.6877076437988
1433.6382150696081
1481.1815609449802
1494.7563429226263
1405.1051530920636
1426.072016350745
1535.4517481785847
1479.5164089827742
1502.4349564605427
1501.5074415751446
1438.0720850101416
1469.520540807181
1421.3743422922041
1404.5920467080068
1486.3838299865113
1489.0424915841154
1429.2927017229706
1462.8115150171777
1488.554928130368
1583.8631034385921
1568.6855526325362
1048.4596386962726
1381.5560017508146
1558.3128751490176
1591.6305211651372
1503.7751720178717
1455.1350334829658
1490.629213311458
1448.8662512191434
1419.6249807406307
1307.2035967715371
1251.9920420489761
1231.368419635346
1201.3069320574732
1190.622393343962
1184.5064053383203
1313.1603187801722
1434.1864944514625
1195.1093666538475
1257.590848029373
1160.3440080985392
1133.3469698523945
1138.3893486389297
1086.888262144846
1112.526825185411
1146.2345020824641
1182.9906710122627
1118.0700497494545
1189.5203691586894
1118.7399084177855
1136.6910502885125
1099.319074124345
1120.4284520790852
1089.1403312243729
1069.6206282253058
1077.9320934045702
1087.7965687466512
1115.3782335817195
1092.072659623902
1045.9519567924174
1057.1619631758315
1081.4362670271119
1062.8311130056018
1070.6214254965084
1080.2767300635385
1080.1749670291856
1056.735615482516
1068.8285930422692
1078.968932031693
1088.2943718728015
1089.8348945853484
1105.7853906916441
1135.5856627206329
1129.9323909286225
1127.7254817498829
1163.1483307438746
1142.9033670795668
1138.4841639962385
1118.6408591696427
1095.6169853835067
1099.6538013397574
1089.0036254613565
1112.2758914380506
1090.172265608876
1057.3802516775575
1071.8630931630362
1097.6563441895555
1092.9666621847339
1095.898990584263
1082.483639242278
1070.8620146383469
1067.8305866099533
1093.4835498429425
1094.16309304043
1098.145273131102
1119.5337591687853
1094.3817405238794
1091.8274474929308
1103.1736171364046
1095.0356395398023
1093.2867577155912
1085.9451382022955
1075.246611883552
1068.2770700910269
1054.9800174752309
1071.1070224258754
1083.7252299987617
1100.6255656646504
1118.1060141953303
1105.1710742866064
1118.602861264173
1112.5531854894905
1093.5623457748743
1124.26393144832
1089.7276142780486
1099.1022783885148
1087.035593766871
1103.2436522278406
1082.7048934853178
1096.930924968766
1100.8287761339936
1096.139094129172
1089.015142796702
1087.3114574142135
1065.865071074194
1085.6013212297448
1095.5095976885118
1138.2076113787477
1122.4690228319776
1075.1336701809573
1080.2411743045477
1087.8132749992246
1101.6565714194635
1092.55286671372
1135.5567398393289
1163.9749867278933
1182.1500253617976
1175.625931854422
1166.6982717857695
1178.6431162725935
1174.1071630252095
1156.553232897169
1155.311846484128
1125.530560651722
1125.6444258359775
1202.2801867372114
1125.1482077368796
1121.3286677851277
1161.3142307634148
1185.0983770635112
1162.1416173619998
1173.825224578414
1197.4767709359908
1158.1726546787904
1202.6870345311809
1179.7543873558816
1232.4604871302456
1130.2797747808315
1114.136642825236
1176.1395518584832
1183.3019834496013
1203.0658402274935
1173.381119728501
1128.415140868239
1107.035708199199
1122.933628023823
1119.0185168805124
1164.9945500499332
1196.0792665744848
1188.6075700693696
1190.1407558500462
1186.3465068101539
1197.2429165367382
1183.1742792091582
1058.897501737941
1080.4148662306523
1094.243808700208
1073.7275227321863
1125.8369737457842
1053.9863556238413
1078.2672084846586
1057.553943603662
1043.2457451924433
1067.5919477645443
1041.9682605591408
1094.3102203190128
1094.9931140125843
1088.828707474597
1072.8932413286368
1066.759615687201
1048.1874200941202
1048.8642387123748
1011.952351709698
1069.7943201514104
1024.5524776438056
1002.6213176800808
1075.4206499424265
1325.3785155756702
1518.727162787042
1619.9718741685776
1530.8213841559218
1357.7135302276208
1429.140028796078
1260.3196597506042
1206.175378778563
1232.2547132836726
1233.8302012251615
1344.4650639611857
1323.5982755048203
1392.3332776140517
1313.8421270922463
1160.3050828205016
1670.214613743895
1388.804676685762
1493.646758029982
1407.779600067188
1316.591747549207
1413.8972340480314
1785.1026274071146
1471.8159306965129
1304.7909137462243
1289.105342890989
1430.6438889404576
1392.684749971494
1320.5243894851565
1366.5700892754937
1347.801911157082
1623.9752005391124
1411.49292910386
1224.4242725679962
1249.5012998286377
1205.2748398866956
1224.7712477333205
1136.763387867149
1141.7930973602506
1065.8999428247048
1248.4603743326654
1311.4382292484358
1173.5366250882253
1198.404209098319
1198.1236367738093
1151.856432622279
1052.1987150066964
1385.9208570922885
1313.5246187511927
1300.6804496594887
1308.4960109535677
1193.0939272807077
1204.0453946021937
1214.65675665526
1156.9431201854131
1139.1709623063998
1046.1387058766313
1346.246885295078
1055.3664470519575
1010.8804709380713
1002.8922770848037
1087.4569499452564
1008.3925705409721
1285.3816789348884
1050.770256765203
1080.6516407570166
1107.9783444993402
1088.9719522277726
1099.3394880546623
1077.4028438885575
1080.1001793747193
1072.9293572458755
1060.4676902231197
1060.049181379735
1067.9680289641788
1066.7978279109439
1076.9896614478714
1095.5828712787527
1087.8701323859427
1003.5809144859475
1000.0
1138.678903296918
1203.0229751506113
1074.0973843630677
1074.4357179034098
1080.2380447202936
1073.82192940261
1079.9393135169462
1084.9254664698205
1055.7240480762905
1112.1908737465976
1130.972491891645
1101.9183353692752
1126.847009290679
1081.672395775649
1039.2523318651938
1000.550909920915
1006.9770686127724
1152.6416907212956
1108.2247098718815
1008.9522862148688
1081.8869563902485
1053.0859742339267
1025.4955226308318
1140.8757120712153
1093.9301415160076
1053.3005348485262
1052.5271102598545
1076.163296566499
1061.0132737413364
1037.5616272927155
1048.2532845470503
1027.9586784864364
1125.2063874382839
1058.0417240828274
1100.3026172870311
1071.2767972579625
1050.2705302834938
1070.3787423968913
1043.2464287918276
1016.5103740709384
1018.4743699029962
1008.1259213334963
1153.9793228957428
1004.677643501835
1119.3918028634018
1067.4178059154158
1124.036669231104
1076.163296566499
1042.600805378503
1010.7427434578425
1119.8403817150856
1049.0804766204963
1027.9303349690265
1006.3422194924557
1076.576479007185
1042.2823364302262
1126.2960993697639
1149.1588610877366
1093.2855328797723
1042.8765360696516
1144.2006717995014
1114.3138085898627
1071.4087403159647
1103.813018813503
1055.173133256032
1065.7621834349895
1099.9901506460726
1087.416936192163
1093.469142709782
1058.8689161562734
1082.4987606570214
1102.3315178099615
1115.1623254435797
1098.9877317184018
1084.289217899995
1006.060009130065
1269.8081337681217
1186.0036185136794
1150.5890683947796
1100.0906544829963
1038.9375261960995
1279.7351382036004
1198.3780093819855
1166.512523596559
1163.5303353970658
1195.3294629139314
1234.3715010723886
1243.401410860862
1243.7766176740315
1249.9398208561909
1182.8565514900783
1123.5415497651888
1107.5353831440098
1101.2296979681314
1095.445143798524
1141.721577155384
1146.9552214040764
1130.9788336975414
1122.1642749629013
1124.643369607019
1190.201650195904
1179.734361698519
1176.428902173029
1048.3423455602913
1126.218448861623
1262.7239553043676
1055.2287195717288
1267.7349147013751
1195.9097799180256
1116.9355349568284
1162.8398762567806
1172.164663215442
1180.2746457604253
1157.0290422051924
1189.9261952354466
1184.6263437113919
1174.6672992040014
1198.4044046637712
1232.9372105632383
1315.6095651791156
1336.4356300673485
1326.3703986454482
1357.8772966670358
1354.0123447960468
1375.6065424231292
1285.7996428894
1155.6169312437446
1533.693985886407
1415.4281751190606
1331.5491702494478
1300.3083639911806
1345.0378788458884
1287.02938172622
1337.0149099763491
1282.6776837752532
1399.271965183147
1314.8000642455784
1229.4989376184426
1261.2081356480815
1339.3711371426493
1325.6617927459467
1315.4625456860852
1366.7034144086172
1319.9646404107139
1353.7452366834175
1451.4991929524263
1432.3110303364188
1530.287580700334
1418.0478580516017
1401.3019129407026
1274.3897570824806
1328.7818533600782
1362.663837463591
1233.2474137272204
1450.844980568982
1048.0668905998339
1254.1108792040088
1220.9652766063614
1223.4801387720167
1187.7438072698042
1180.2354118194698
1205.3122831176836
1211.824864591818
1181.1554776806993
1067.4186334961507
1232.2937025852311
1174.8922394856104
1026.4751450940614
1273.1135932936118
1192.1444815058305
1198.2580947589586
1204.8769081350827
1204.1035432744238
1323.0477742707903
1359.4580975380293
1282.2036069887092
1267.1913116437754
1139.653325923817
1017.0957164472529
1369.8003278486192
1521.709651672081
1299.2575987163746
1360.7082707190968
1312.5411520130306
1207.8979115316693
1277.401443634834
1374.2281660851618
1313.3024796335462
1396.7082723538444
1408.9255580925928
1381.7805751940957
1329.9889123248113
1558.4248553554944
1442.9675853639046
1431.243214552524
1260.855847553253
1279.8446662887675
1619.240324644514
1556.9826524147184
1481.2691074849
1396.1111808149299
1438.7977085743735
1521.556317742125
1704.8290154731428
1507.6716658608725
1294.8471531484624
1459.609429637151
1422.6902448791639
1762.7466374264823
1506.5024126830253
1581.820136084559
1357.705130886362
1446.9583682930906
1722.1190741934258
1756.5649296058177
1604.1073939949274
1453.7733575104312
1380.664270035591
1561.3766460872203
1434.1386780859232
1381.6211873089644
1278.8767389662169
1401.7576217267986
1284.3978905598262
1231.2005981241791
1213.3402755612192
1193.9198834751953
1067.7042511305774
1304.7909137462243
1110.0442567027715
1029.0604983282662
1210.3098623093017
1078.0624645208698
1077.365653382027
1097.5772632773173
1127.397919211594
1097.4132295899246
1106.090211090863
1082.5249166176584
1072.2418546769827
1071.8937446794075
1266.5741944474983
1142.2058584320764
1139.7271851568194
1135.0391378995373
1071.6839200966415
1034.7424806807664
1201.770758535119
1056.743721854245
1026.5814036841489
1188.4977369939531
1122.5627058116113
1097.3733285217263
1072.857837041009
1077.8160263292439
1090.9001369509751
1118.3079055164965
1100.1278781263013
1105.7800177451845
1101.9483883492096
1114.176081109634
1156.2018501317464
1152.8775030539127
1180.9771785156574
1170.3656235478845
1174.159055214007
1182.8305735389138
1184.5098679491807
1176.1984027699164
1188.548920433159
1199.9176978920414
1168.9067349155928
1180.4017473816452
1164.7862301945227
1012.6067643401076
1318.9329530347677
1193.1414978625262
1194.137336020438
1250.3441885617663
1160.8656969071803
1184.3263806289087
1156.045235099174
1318.126775489086
1146.2902878422599
1117.226173798656
1023.2996569980976
1006.61091905098
1003.5359589286028
1377.9691613050354
1114.4286504227262
1150.2477474798748
1124.7680191069292
1122.7229499346306
1108.5004405630302
1122.058425059699
1122.1323973858753
1101.852128093913
1159.554629380255
1086.630585063884
1022.7250342377438
1192.1298349191065
1143.3856912410863
1173.843957625709
1211.1629155466137
1185.794370828584
1235.0616459922219
1238.1299959417393
1207.830767665184
1151.9134106923116
1102.6335374179407
1240.5359356334504
1270.0460809895715
1307.898730821406
1307.794353663735
1285.2336115537416
1212.238047032504
1183.5907311449241
1203.9078047118553
1191.887265983833
1193.0622162057457
1207.6256240309694
1238.2023335203758
1262.8502395518176
1171.6084403650227
1062.7405772246448
1031.4525308021057
1143.9726245176985
1013.0841106217313
1287.4401120455964
1107.2868462900017
1081.654822239596
1394.294567611319
1192.2494091076614
1185.8428994302262
1157.9840456813854
1207.8264627755589
1240.8747370610754
1269.4268289044617
1298.8052856292204
1275.7618843080993
1258.9704424058725
1291.5474152393617
1222.9701646313379
1273.5664183621384
1255.4897887538361
1242.2573247928672
1241.3939049534615
1260.6564083533965
1230.3734060507331
1246.6037098143295
1235.1670160258388
1236.2026285923066
1229.9386847066507
1215.0588039124414
1157.1697029718553
1171.738088199628
1256.7240231463904
1412.4938032851069
1166.5417510498207
1207.6941805071028
1195.55974716934
1185.6566433483554
1105.531033119891
1089.1992921826247
1007.0241014916662
1249.9753766151816
1070.51646987712
1041.0595452704506
1321.786157856944
1154.8718950524774
1137.5180288126303
1081.2592133349626
1000.138278941611
1098.080356832693
1272.5226320579714
1173.495973629696
1207.7656292632132
1215.958500066588
1164.1711564326702
1133.1866010779115
1129.3181077447532
1098.5139487126319
1068.1751027132314
1215.1901757196051
1099.3015132449289
1046.3231697090098
1147.2406026694152
1069.1391950748325
1073.6101785613794
1068.1751027132314
1031.8473084237057
1001.9258456950668
1362.7957295987478
1096.6131709157162
1107.9942832878532
1103.6928538237357
1072.9222291096874
1092.9216565131314
1092.690594193949
1082.2233056965638
1063.5661165666752
1068.3816250009017
1158.248874782834
1059.3605439785913
1072.857837041009
1091.3592744150344
1069.2769225550614
1009.91637857647
1031.571577732557
1141.0329397542403
1009.9060593346946
1116.9102266430639
1060.049181379735
1038.8391494245075
1082.9119430977075
1072.6645281444266
1036.140181236286
1007.0166716375879
1009.4932896636794
1194.4506879650314
1115.4932789398335
1061.0132737413364
1080.4328484535902
1050.1328028032651
1037.7373295826776
1010.5940087863867
1147.6438588052201
1068.863740114375
1027.792745078688
1014.3384095357665
1021.3109776158107
1042.4997586712127
1089.15783616962
1045.9095736722868
1042.8332463511413
1092.0019567928052
1093.560712660449
1059.7677000263825
1054.744016926176
1107.4572915846286
1097.614453783848
1095.989058178165
1063.354640905225
1056.1928119333302
1051.0968951648663
1064.6668356893824
1060.6611656487396
1010.6050159776138
1031.8150479328413
1126.582286341668
1019.4394273220165
1184.141641065839
1116.9102266430639
1124.2301871663326
1098.7891284933087
1025.3676371817123
1094.523841892818
1053.3005348485262
1054.126899729899
1064.5213953248206
1071.3428347584927
1041.4110159915092
1047.1876119945218
1051.6123716464888
1089.4330159502967
1113.8771890404287
1143.6260580392593
1135.4117194824942
1106.1567296882665
1059.7737264192776
1089.5706058406352
1065.6537730000423
1083.2957000826773
1016.7855538516152
1212.0373150893479
1114.3138085898627
1122.852912364045
1150.6738633702528
1151.5717484564918
1146.88370119921
1133.0490111875731
1056.9388013182327
1004.6827343277776
1210.2369396674221
1177.4331133501923
1156.026522874088
1179.6389588793816
1254.3164487071394
1199.0207097939003
1197.8371844951926
1236.3790188317205
1237.6802693661723
1174.225262489369
1113.2119887480326
1118.3079055164965
1111.4223488788289
1129.4699617182994
1115.4967056221767
1077.8160263292439
1152.8112957785506
1257.872428793049
1351.4829816650804
1376.2534937620078
1308.2850469812786
1249.4959868991332
1191.6451322735538
1175.7230921498938
1169.04719965703
1126.9847367709076
1133.0490111875731
1145.6790833101952
1348.4771938332744
1443.720724529498
1316.4160121886775
1206.9701236614974
1164.6656061375775
1256.988852247839
1155.478386389746
1178.4339200306024
1124.6989510233725
1030.7132280910114
1197.8073131248566
1324.7525562896155
1264.0125503708682
1429.3496851680582
1498.4342754289637
1441.122473396068
1707.5036138137802
1440.0173641544525
1408.7441628891675
1297.3536298138717
1286.851602931266
1426.4549559619447
1499.7554008993566
1588.5013492797507
1452.2226640581546
1110.936828859506
1417.6330003628734
1667.0472156705334
1915.0339851638373
1504.8752787226695
1511.2734233779524
1525.8744786699174
1511.16757347475
1518.3723145695649
1508.9398212648778
1510.6060376948262
1516.904311278818
1519.1721148034155
1507.7717941476856
1510.89453021602
1520.0419972697598
1493.9863768313771
1415.1527201586032
1633.1066619640428
1516.1682661990199
1487.663582034288
1345.4732410218644
1470.1848613386703
1656.8337964436887
1608.822603619611
1387.1699291459547
1389.0756463178845
1295.986980870593
1297.0270889927951
1593.1393975140636
1512.345817764066
1508.8524039992883
1439.6510467901528
1592.3885731569944
1515.8253779025454
1513.2387986076856
1515.2032100072877
1423.104132192225
1559.115127504178
1561.9150413529824
1514.3926613151878
1502.2655496102907
1420.5931599710814
1584.2248497156152
1550.6765607036937
1514.3741307740816
1516.4277823709645
1455.7467710670937
1531.1720954787725
1555.7037121196263
1513.5195664976472
1514.8915283704305
1487.747771532588
1525.2170025187372
1434.8465156050875
1612.2942823478734
1505.3501333065233
1280.9918503748272
1144.4505995483757
1412.845759193999
1797.4482408277381
1810.003101933457
1347.4940829416626
1426.0415591549645
1561.4851488854956
1570.0764812177354
1509.1409736017665
1481.4679281316332
1527.3094793696905
1539.1515905480533
1506.1775066094888
1523.0100933399976
1421.4778409189125
1492.0266953995065
1625.8094433152191
1518.3344306453464
1513.8263788881868
1422.3646044783413
1533.8895978826079
1576.0100093251833
1514.3873536933054
1497.1416224491084
1408.6942413157103
1516.6378474298294
1641.4598132055726
1515.0558204981812
1509.6983441233483
1428.9373201011417
1364.5147803655377
1715.632395955471
1553.606028295028
1500.5973354853818
1467.3602532291686
1423.104132192225
1657.9879282067923
1520.2870126255639
1494.4808879621687
1503.608909537567
1356.0570052814605
1698.0559990943498
1517.2807118998587
1514.4431988576384
1495.0922835420565
1440.6809377402315
1610.3509762099277
1506.525949128124
1514.7591138197063
1480.9872403540373
1421.4268060931195
1634.8501202152472
1521.490186814862
1514.0278772540678
1433.882569815506
1402.7918163665965
1695.619777378406
1534.3805798531262
1462.609830698578
1329.6588403020685
1417.404315709532
1757.0634376043429
1600.4639157119009
1517.3006451015297
1468.7728481511617
1416.8279558712445
1601.1477300655558
1568.1708115009394
1512.362165239464
1450.260149636616
1436.1592260451248
1446.688636582137
1476.1705442745356
1449.7648211320545
1366.4572691297135
1413.588675449893
1466.306014113593
1441.1885268513415
1379.556092479303
1392.6283511813708
1377.3025929956789
1368.123894246547
1454.9648522113653
1390.1695689708986
1337.608024767614
1581.1523458055076
1710.7919084901023
1700.148067258418
1750.2964001633113
1443.2325581794228
1078.3427030406324
1438.777013748375
1608.4787300438702
1758.8151814615844
1699.592586917204
1421.011655341272
1599.9184260977636
1548.4990769806705
1532.0870290547768
1493.496553963822
1367.3727277520056
1525.2485618190904
1298.0075288297946
1276.772879307719
1258.609210654709
1205.374968173509
1211.748031457447
1161.6920617885528
1186.2075532692702
1173.6380288374048
1147.230676364534
1176.7437866223208
1156.7338725003178
1163.6202465117553
1264.5744895194293
1266.915856683318
1236.7917885027357
1213.9674299273884
1163.6202465117553
1129.4638314150252
1129.8770138557115
1130.8411062173127
1121.0786907281313
1094.4381753144492
1058.3964516169901
1007.8504663730388
1503.9367066924005
1608.288333501576
1769.4090510249662
1580.8563356421612
1506.4431530847073
1522.3811242240567
1422.7606093878842
1446.5398729229
1674.4968349244195
1514.0354175346356
1280.00493045749
1366.1066157824248
1568.590013193119
1752.7947010455418
1600.4578927859
1518.2231438565573
1403.8872661749074
1448.1837528385738
1691.2707564730708
1422.1412658912786
1605.5194798560278
1400.9373642393255
1451.771065050283
1690.9313606289857
1513.7602377539588
1514.927479316139
1455.3135629690448
1457.4207525478564
1630.0094053386947
1514.927479316139
1511.395488066006
1445.5782326826084
1439.656273400405
1654.8868121237783
1496.2995446002042
1505.4745651673716
1450.6737407641872
1497.5963080861561
1626.4875691753641
1510.3808512212177
1492.0271319049182
1371.9998806634296
1479.6010071679593
1525.702113851175
1461.8603181790875
1400.8830088836269
1361.239190502888
1396.1042331378858
1548.1530275995513
1427.8878121805856
1436.7044143496505
1411.4324434448872
1409.611334685542
1483.984991382837
1468.8242777823675
1469.1005475320562
1410.0208389442637
1475.6490049904755
1468.1908780269905
1426.4230783849184
1414.130185572454
1397.628226531871
1408.8844873061876
1518.7793667069768
1458.705009560575
1273.3677965360516
1367.41931805689
1445.7028821825188
1547.4138267178002
1463.2917936987928
1463.45011016155
1423.0326119873585
1382.1324399040093
1316.9364792321717
1308.9595199727323
1214.364853581793
1182.6581280873943
1509.8244160499844
1355.8236450701531
1321.7976010897228
1268.4308589658342
1045.8142084899796
1368.2603956661208
1189.876902126188
1412.2865249880638
1442.3966052832589
1428.3725148261385
1346.831446763564
1447.901193800123
1404.4493568054572
1456.261479266464
1390.0442240078207
1369.4934039980203
1572.462023792933
1410.9434363179876
1481.3620389552166
1445.1409377157102
1448.1491059645682
1481.3326134995
1424.4814069945126
1452.017897230764
1437.1010599034994
1411.7995965554942
1549.6212730751186
1351.8614257205456
1418.2019330072285
1459.574941118437
1239.089592747606
1216.9870098661313
1560.0941301869962
1742.0920897456754
1455.806973631648
1422.307871325613
1412.6363020517613
1624.376292727703
1498.7257863538944
1447.0048645058996
1368.5493372937817
1418.918342335733
1515.0599073670305
1363.2862356798862
1440.132071253741
1435.7865036060489
1313.668818948032
1366.7220982311624
1644.6631010098245
1455.8706031932343
1413.5335557966432
1395.0419021038072
1513.7713176187776
1487.1931834297086
1475.5010603381231
1462.2669616296146
1389.6245025769751
1537.7211864507221
1284.6929188049505
1455.2845343601336
1418.9899717316273
1416.4441707150509
1517.4866900898744
1563.4177830289502
1466.9039230262774
1240.919485212888
1353.3599307985348
1728.8150001164759
1473.5565281395225
1462.973581253696
1417.2877004455913
1297.468470828543
1326.5800550174285
1380.3062096978263
1437.1579242448493
1438.115201476504
1431.2088018077038
1453.498175826089
1422.8057907662103
1363.1759221304358
1367.9154639352214
1367.2979380520594
1370.3622723154278
1387.7490384619314
1381.506346294293
1336.6668560249234
1316.6432420967108
1365.5209674762891
1309.886830514688
1332.974778706269
1302.0866326284984
1271.8078386961909
1339.9036561537414
1187.2386057719839
1390.8621684666177
1719.9166605704208
1461.471180082086
1549.4897339897934
1579.8354658428852
1515.8825940664387
1516.9177979460214
1433.7876160517496
1367.8627433270626
1735.3041304757403
1505.7098001940394
1520.404865404847
1429.2765302156517
1439.4254516296594
1609.8719951807643
1512.4459460508792
1477.5438839780868
1465.0930314390562
1433.1623251177734
1400.86783796827
1411.1218414123239
1400.8445923164413
1404.7261697005592
1533.860032217724
1460.2852389244833
1434.5084609190335
1331.7645721570586
1589.6652895280934
1353.6982846436877
1599.0224764446102
1425.292241774257
1196.4167088426293
1245.6989596884343
1444.0029799095967
1677.3901298400237
1667.5054283835493
1759.1559144552962
1608.706828871767
1439.84394699985
1492.1558682736782
1702.240544109371
1577.91227209065
1511.385812271314
1375.8141553606847
1601.6181193320394
1577.4733456489798
1533.252604050659
1449.6180355826655
1286.6746415100818
1667.3844603383716
1383.980945382676
1460.6984213651695
1391.1390961726065
1463.409278626408
1537.9509920270511
1477.3634464728484
1444.439222334248
1468.875428559285
1426.9833881041873
1508.555655593023
1130.5942593388017
1364.8114870440127
1665.2237295048635
1365.3330000887136
1451.5176022715682
1469.5853091045954
1403.877557099992
1446.2685048312921
1417.035949324461
1484.2191689679144
1408.4543421142434
1338.0997122435642
1536.1506027518524
1395.483437759644
1672.7206817224192
1512.0213203774142
1508.4481248067982
1513.1708211740138
1400.5053822019313
1637.4763421379473
1510.0061159686124
1508.7165841336184
1497.4340593928302
1424.1503706177016
1138.8065560942566
1548.3645302216933
1736.7664121500975
1749.0809653674646
1316.9074828686878
1596.022575616431
1322.9709411364192
1542.1775082442364
1516.9970705450655
1312.3311867735847
1608.2136358482257
1496.7119096671204
1639.852856373942
1491.748816136266
1380.836099802972
1595.3149770256668
1584.4402277039849
1521.2674524625634
1514.99568881676
1440.2130530304546
1538.1903589946467
1568.3780157516098
1509.59944189719
1515.2916328307983
1381.2545951731627
1492.0222276622987
1252.3723251954239
1172.8124894953742
1223.8274612598286
1075.9885180943718
1053.98917224967
1046.5518883173177
1608.9063007339118
1796.154374968619
1704.7480704590776
1736.5568633703604
1801.4447755859305
1795.899508172498
1746.2074878793687
1768.9325221171125
1799.0948402872089
1607.5159152890174
1871.6772223677604
1811.7870201862713
1798.9730515954934
1818.8904069336181
1672.3724804964402
1691.6268126083478
1741.016009562527
1762.6526394429434
1593.7431672661423
1876.789077924737
1775.7314371351704
1781.0525403772426
1756.0073906936277
1719.6048324772025
1697.4427413557385
1726.2750540815787
1707.919248375776
1761.4952381847602
1763.761068498853
1767.0169228226673
1681.4770064546003
1895.0991471089671
1780.7801622043626
1762.4907994365026
1761.1549865118827
1760.1764056070206
1751.3034046478324
1727.024567778497
1656.3376415652456
1642.7293253193866
1756.7432954535043
1733.1315991722122
1696.0293609232801
1718.2729219191447
1748.3870150368166
1720.4524490765925
1678.9964775277385
1721.5706163938207
1712.1896176366372
1782.9635602512772
1796.6157456430915
1518.1014641752297
1359.853102207899
1715.2139005852805
1831.7696690722375
1811.8863310993147
1570.9859015833488
1398.8314007211688
1105.4661462175416
1686.0697324973798
1850.5971528419473
1563.6549016050344
1393.8094562788815
1778.4067014840648
1834.0665857194176
1852.673533717124
1603.8706729146438
1446.5398729229
1600.9910033926928
1823.3949537795568
1733.6931915038313
1352.9601169234152
1341.0739602991634
1322.7191900152889
1310.9118172221472
1353.2709867867443
1304.667081620084
1380.8025874784062
1351.9096160692884
1127.9607272800183
1459.5487851578002
1361.3449346619313
1679.9036155468743
1790.7523149046883
1825.0689352603192
1838.0422917362284
1583.1786112901386
1320.2521012118696
1586.3173265665682
1783.4286459263521
1816.8885865702318
1620.0135202195393
1326.758873734366
1727.1410186357134
1801.2146991594536
1772.1936548343117
1596.3612154511434
1387.9203592677304
1689.2671876334618
1787.1951042580677
1854.991354228949
1546.1417710282685
1323.7114817719519
1654.3228242225446
1746.391805664482
1745.3455672390055
1563.300081206084
1351.1229285194377
1465.7906599516687
1697.6370950372743
1750.8717128965277
1606.4051043357185
1430.859073426428
1696.5908566117978
1749.9490163111022
1458.466990973333
1653.8777809442552
1309.7928452131246
1384.1107010262963
1704.012006439415
1614.0070890827064
1344.3938989587068
1347.7749655579128
1358.8242241794692
1341.3557206559751
1319.6915346853575
1330.6956043588816
1083.704386967629
1341.9119435063944
1523.1380123349877
1512.076088502784
1477.244012128503
1423.104132192225
1616.5650602956198
1610.4870689426166
1728.262046761136
1657.3941061629575
1370.3737155482065
1613.115244886727
1724.0990725589972
1744.927071868815
1700.775810313704
1311.9936114066145
1630.259340436584
1759.9929051956774
1774.8494908374446
1744.6005535030617
1432.325273422091
1420.590651507324
1777.5106438295725
1867.9647107048584
1785.5211227773052
1378.3251275818284
1506.175463175064
1775.0587385225397
1834.9052487689705
1756.6449422341523
1366.6072572164908
1540.195701674429
1786.1992441463854
1794.6861294930516
1752.125944775221
1305.5069331686598
1569.5775117589435
1752.7947010455418
1853.3173727481865
1747.019548719768
1438.5884608892782
1409.50303266103
1739.1655486953914
1685.2706385855186
1743.4742673119517
1449.887835884425
1385.8580442452596
1766.0610880634413
1747.7361331997947
1762.429729588469
1500.944271047681
1419.7544969215285
1631.1001014055255
1729.651990856857
1733.627696873668
1445.912129867614
1458.048495603142
1717.0971297511383
1721.072835767949
1751.6229977918647
1476.6130087556194
1380.5893592894163
1641.5445008037723
1758.9466667702009
1736.4570439510128
1382.1275405607332
1470.8126043939562
1727.2409296925607
1768.7813079696805
1749.9490163111022
1479.5395498059033
1417.0349020387498
1772.1936548343117
1765.6425926932507
1760.3351581660936
1497.1778127159655
1386.2765396154502
1743.4623380731477
1777.151215373493
1752.8784839024368
1477.8672406343123
1084.959873078201
1346.0289308202205
1715.632395955471
1742.206851962576
1526.6817363144046
1397.575914610597
1732.372210763096
1726.8322685549083
1783.5849009544613
1336.408157226749
1385.2303011899737
1520.9180251759294
1453.6256983825522
1600.9075907247484
1509.9811554477349
1501.0705303901364
1776.523472318207
1499.7324272963551
1441.768862227973
1515.4251979106352
1363.4138736259372
1658.7170256095462
1760.6206482509633
1722.6514956259311
1543.4215511220295
1372.0016164576768
1727.3502663208087
1767.7350695442037
1776.1049769480164
1625.6558913644872
1400.923877572122
1536.9348728840748
1735.720173724621
1793.0540394407365
1642.3806553895677
1252.1487734693553
1662.7281298833955
1732.6853506554764
1681.527475406245
1450.017447309488
1310.319629925852
1646.8973922098558
1556.6748581141308
1297.554703761268
1464.2066467446007
1379.5806136924002
1748.1866439163155
1721.9098265083303
1546.502232860796
1416.3881806118125
1270.5009033570402
1736.5571644650022
1434.5900287725344
1231.657621744758
1251.2656011109743
1444.447396071947
1403.7707904126962
1401.526282040541
1492.3884858262006
1444.9851576480348
1349.8674424088658
1555.173751185703
1479.8314690094403
1446.771270700787
1360.664132535522
1369.3761831273525
1258.244706135698
1483.4205947947187
1481.908453320397
1416.2124452512833
1500.2343758043407
1681.7244624847917
1484.1806435811982
1460.3596199375445
1555.1586297709596
1276.8400003106021
1637.5727665212437
1788.402415225925
1758.3189237149147
1660.8095024604995
1364.9332757357283
1521.4505441870217
1751.83224547696
1711.8659376237556
1700.9850579987992
1334.1738660267174
1482.884168149085
1781.0714152476107
1758.1096760298196
1773.3847570417772
1426.0256563149944
1372.839445026627
1730.6982292823336
1836.5775579405613
1926.2551372671237
1678.4374155512114
1435.4497456128486
1671.0626390301697
1724.0023033592838
1741.1606135370994
1392.9724655385003
1406.1550696995048
1749.5305209409116
1758.7374190851056
1766.2703357485366
1427.9168289494173
1383.7655673943063
1788.2413426835444
1742.928244331471
1799.9225580489901
1412.8509956225548
1438.1699655190876
1715.632395955471
1746.1825579793867
1775.6864815778258
1464.9536692112874
1169.2866901716118
1420.8024076561767
1765.0148496379647
1760.4874906331752
1485.5273875504286
1445.2572117882896
1808.0913865962548
1793.6817824960226
1812.3290749524933
1462.487101904298
1330.6166553800972
1782.1731598157803
1786.3581135176864
1829.0446412771303
1541.747569641267
1369.5367248078253
1681.4708822755051
1782.956529527749
1525.8774405248196
1321.196857906953
1331.2443984353831
1489.5807322115968
1268.5964708372194
1391.5804780083545
1451.5548696881433
1525.1099747317553
1833.648090349227
1538.3993612221534
1395.499785235042
1223.802812920462
1222.3477345055562
1396.7768781589427
1448.3744683494485
1401.8887873074932
1380.1911918985181
1491.2212013677934
1475.2525787120724
1430.8402550113053
1496.9763300816842
1605.3122756053572
1532.2505038087575
1674.2013543065996
1659.74569049897
1583.362520388367
1437.3668957901573
1819.4584817037012
1651.811852001401
1538.0599878783469
1604.8672155876448
1314.5699735293506
1234.7552948142848
1341.8397879754696
1671.271886715265
1523.9737353702963
1378.8809744730413
1446.8972669499794
1250.6527029215486
1358.2381671864482
1638.6361955174407
1240.458538666324
1356.4089231444264
1186.2015781118664
1608.3969108476836
1313.2917675308927
1293.8348291889013
1404.7000398697533
1442.7244932574006
1531.3599750864475
1530.8115172868424
1418.0993525991055
1435.7374611798546
1298.7946597702116
1170.0934380825065
1197.2257516875704
1008.9935566495126
1331.1839127764104
1190.752560116819
1186.3452807494991
1155.9075076189451
1196.052298730383
1214.2966028720061
1132.5304973575144
1132.3957511276692
1107.3259260017724
1034.683621178318
1281.1908621069829
1196.4691675349534
1212.5850221978283
1220.574962258695
1188.0454181908985
1171.7806341816452
1048.7555280009776
1030.85095557124
1369.8992300747775
1729.9678482516413
1671.1064155728973
1446.302405020534
1719.2815582875337
1740.0017032811866
1757.0634376043429
1741.6934725069514
1430.2185534854657
1406.3643173846
1676.2938311575526
1721.2820834530446
1754.1339700130084
1453.863541901236
1413.9014148209603
2000.0
1912.7426385746332
1612.9792415670527
1494.7993709966704
1346.8667593891707
1576.9515590510737
1722.3283218785211
1690.731921429129
1415.3619678436985
1085.0453315922339
1516.8470951149247
1769.894229723374
1724.7274439857101
1521.556317742125
1404.2580163622592
1545.8048007301932
1656.2349584740314
1686.1284723570323
1553.9573079416987
1463.7438447577235
1148.57893439799
1353.8218967076593
1504.5754540204775
1360.8382331485116
1597.1982061915246
1411.926162923461
1365.7571754047199
1544.8952760291656
1381.744202061335
1391.8918974146877
1383.294760102842
1296.059552392871
1316.6002023358449
1246.3094552571642
1437.593822347186
1356.2444665600915
1260.8700193119578
1339.1491637088752
1373.5663774934499
1428.0427045099825
1459.5614544512337
1391.9931848044644
1449.992901550632
1532.4724628399827
1422.8233643022631
1465.932065613862
1400.637107835024
1468.9015845199217
1392.237237832472
1460.7597243979124
1382.4111790575762
1410.0562469063989
1331.781345092277
1416.095152115302
1459.8700130493723
1381.091937792952
1477.2257189926195
1288.5255872699786
1475.7855064100495
1424.8265440915943
1360.4328157586394
1221.3280607276017
1248.735829293123
1216.6453263998242
1192.1298349191065
1177.077776095865
1163.0288438615516
1424.4750141680943
1363.4805562708293
1315.9353964119744
1396.7928705390295
1366.2250888435785
1355.7245055683259
1330.619516188292
1417.9526340074078
1447.776968123649
1551.8993518634693
1295.2215103350784
1294.122959988328
1393.4156274689717
1476.4078199434766
1491.284547834961
1500.6287647724985
1576.6653684046623
1331.0351507502878
1663.7389700518338
1724.4207987294744
1695.5446181863213
1645.5344214485417
1434.8052794658465
1503.1217874983827
1744.927071868815
1706.8824097486536
1581.0853799403212
1370.3811872772023
1569.996007129134
1751.9981723522505
1301.4590369617893
1661.052472745495
1344.4270025963879
1088.0985883546307
1584.8525927709013
1723.1653126189024
1662.0649885710714
1429.1723150599892
1611.442935715136
1744.206958213802
1583.396441399818
1646.7427040197622
1434.0009305599915
1428.5445720047032
1712.7029283641368
1711.0289468833744
1746.391805664482
1389.126660709313
1426.251016297202
1712.199563303488
1765.7810438642696
1487.545471524537
1230.0641515803309
1473.6844471345123
1393.4547160627433
1385.9502531519456
1375.489568791109
1313.6592182766035
1325.193380416787
1264.70187709874
1247.3862100587935
1224.2488301201895
1269.0402111112974
1000.0
1453.5365923932745
1245.080942480999
1420.782381998814
1420.4076161253133
1565.9275291894392
1603.7244286621753
1602.8331809612396
1532.1896094628996
1541.4831267264242
1369.3274771227298
1729.4427431717618
1798.950601579766
1633.3980557130135
1485.9463018349036
1496.131574290489
1584.8525927709013
1720.6543403977587
1693.8706367055588
1577.57867499042
1456.1652664372843
1523.2296731531874
1689.0579399483665
1719.8173496573775
1601.8016552636213
1423.104132192225
1525.1099747317553
1710.274901171319
1668.7609144941212
1594.059490915095
1545.723275658078
1512.243646042828
1689.6856830036527
1582.9693636050433
1672.0641431853064
1359.434187923424
1448.4231020887578
1682.5712617104118
1695.7538658714166
1678.8048033786963
1376.651146101066
1453.8277962926932
1686.9654630974135
1666.079444159196
1668.0924089027776
1391.900044970244
1487.9709145717718
1718.9803589169962
1716.4693866958523
1449.2960572750148
1170.7632758869424
1133.5053360203133
1702.031296424276
1713.539919104518
1670.809911306613
1430.440159141953
1541.9568173263624
1697.2185996670837
1746.391805664482
1704.9607640156103
1476.2530442064344
1324.7577201974286
1686.3377200421273
1691.7781598546055
1681.31577559984
1409.0935259526364
1468.9293752280983
1724.3085297012349
1761.3236452189708
1722.2139582788595
1584.0156020305199
1419.5469215456048
1475.4160534660532
1699.7295718882274
1708.09947929204
1534.0054052927403
1380.0371540962444
1575.854942311803
1749.112025570721
1710.1919561429931
1565.8110534272278
1449.887835884425
1564.702187316222
1699.3110765180368
1675.875335787362
1660.567017630619
1394.6464470192627
1503.1217874983827
1651.811852001401
1688.8486922632712
1679.8510418041728
1422.2629606789149
1436.0955019823668
1687.9951744049051
1375.046108747778
1321.940641499456
1390.9181872339568
1730.5922439683613
1670.1259286898603
1708.6422318064
1606.2698289767993
1338.0695594151937
1117.4846141564726
1712.1600154514572
1566.5800576140805
1121.9637892955257
1496.623224613086
1620.2955541814595
1609.195209699284
1656.295964503092
1528.9702489547517
1346.238387962458
1573.3439700906592
1745.5548149241008
1556.3785601225409
1600.6125291246108
1278.1648167352546
1585.480335826187
1743.2530903880524
1720.2358450275678
1688.5781962547662
1423.1091591636387
1361.1668174040128
1580.2961773942552
1445.912129867614
1512.5473588990726
1452.8173034757594
1556.1856599128437
1679.6417941190775
1558.7571177929601
1452.9194751969974
1395.5112284678207
1502.7950992233393
1395.2884941155219
1366.9157352227212
1389.1037971073577
1290.4004684289712
1369.785686569517
1332.8073578124563
1314.5944947424475
1480.320178501236
1350.2941115167555
1555.0665267567497
1529.8734226580568
1543.8858194233349
1538.1136483438577
1084.6264173077589
1334.3831137118127
1625.4485250272098
1725.3558154124225
1687.5550500672648
1384.1501307074545
1516.8470951149247
1444.7917741770561
1516.9999595555441
1456.0978331012673
1439.0698940397515
1469.1386229131938
1565.113929138694
1458.7774195492002
1439.6588955380812
1385.1961891306996
1354.8492220349756
1338.7302494244
1316.9534354423893
1401.796015384609
1375.0643206709572
1428.2060859900794
1300.724479240954
1366.8250873261702
1532.9603557745654
1374.061414721673
1577.641141617191
1489.3679806194248
1497.0028947292062
1507.3796596939924
1466.1049401661967
1440.703559111593
1676.7123265277432
1665.4071605088438
1611.263037290098
1356.9651075398235
1439.0069562594688
1566.2295487974184
1710.6104515131838
1688.8486922632712
1379.583964843201
1472.9599590161756
1512.9841001232962
1606.685662359442
1589.9468747918252
1477.5085303170063
1405.1088312740283
1709.2730222532039
1668.7609144941212
1701.8966154818172
1514.1268752086858
1391.7169794279284
1728.18725706119
1173.808810553603
1246.0184701950786
1370.606667072629
1323.6579613460033
1595.9297108287592
1501.0268445792572
1410.4255473708008
1286.5781914052332
1486.7154284611997
1715.632395955471
1607.1480970925606
1583.0949272407533
1548.9453630590378
1446.5398729229
1522.3918445842373
1657.0982168582523
1352.4446219053718
1256.425090124675
1146.25140858752
1504.4242398730455
1529.787756640038
1647.5670185259737
1519.9466779062025
1488.5986576270577
1597.1982061915246
1678.8048033786963
1719.933993222096
1625.4447585651117
1341.0790396348627
1529.8204515908342
1698.8210899307608
1743.5785867870895
1597.40745387662
1416.1989585840797
1559.115127504178
1695.5446181863213
1655.787558018212
1617.7044793308653
1423.5226275624157
1529.0817090142841
1058.0126601436757
1149.7903044383054
1145.7156740820178
1154.1002644093503
1150.9629669999222
1164.1711564326702
1086.4928575836552
1097.385589128275
1121.8765593958954
1168.165253359304
1156.9700935198198
1216.6845603407794
1140.2143007289355
1181.624710770829
1217.333963800968
1180.5281385980902
1201.6224051958816
1194.8757386892205
1156.4081490530111
1134.287320200619
1250.2536923838338
1271.1574116778581
1299.504548889373
1344.223476527682
1351.1391943391145
1272.1466057597534
1188.9105066649684
1192.046839981071
1181.2054728060173
1202.2137751184068
1214.0754312663546
1241.5846261802367
1179.2685990975147
1043.0467199977197
1207.5892337161777
1125.0687975479452
1209.842106055663
1181.1063235713023
1422.6263286385624
1192.3111159847533
1386.381163457998
1313.3647559056276
1412.1648103427208
1328.8263602237303
1303.7496793827863
1441.3589492823662
1328.1244827556611
1292.2135748618332
1427.2764166006978
1533.41607880464
1439.130788385609
1477.0332274698071
1293.2385615692924
1494.3433237933825
1433.9829683827566
1440.4818290899275
1163.4073206446953
1409.3959566971726
1180.6551132446637
1388.0984657485653
1221.0161536788592
1325.5164455620877
1339.459667558403
1315.9145533808419
1336.534850161084
1300.9535880471335
1298.7860773456277
1291.4371176446546
1388.1160392846182
1325.0536095021334
1494.0681440127057
1258.068194310997
1374.0961878800522
1520.2779974256573
1487.7037781689905
1295.537425297146
1287.0951803146972
1376.02340304578
1199.0648038833856
1234.233635726814
1170.7820754836503
1209.968200073482
1139.7831585206347
1276.1471553572944
1080.4328484535902
1083.4628530186226
1109.93390961072
1238.7831921307668
1227.801252298353
1297.3736554712343
1301.8786110040578
1288.952253519918
1299.1440870568456
1251.6780347686968
1209.7651960112476
1209.9597184937138
1254.4243420447667
1239.0949056771105
1308.8273786981233
1273.1050108690276
1337.8648320110055
1293.4204272330958
1330.474283433197
1313.2758446652451
1342.5827062768435
1323.652653724121
1280.9561019083342
1263.35120367653
1022.0363968366
1428.0570085509557
1287.8511110122959
1421.0992706093164
1287.393113053827
1367.9992447466366
1270.8833889624298
1288.8435428085209
1163.3897471086425
1330.077734152179
1197.5614538040438
1328.7481389420977
1324.1687178825414
1217.2761982211723
1231.106711823843
1238.1308133155092
1262.0528024345406
1270.6857240118427
1342.0533622335033
1272.764340690962
1191.9942349786954
1377.275681843861
1253.5562911011293
1287.257837694908
1177.7449033386333
1258.475845364925
1484.0695895680221
1370.614023436558
1312.779107599492
1304.3965309022458
1307.8736389194155
1216.798992668566
1250.5924938114588
1180.4785805160163
1306.785305744789
1226.561704976294
1228.6276171797253
1311.5371081561234
1283.0324239913914
1297.096565763237
1270.3453492080225
1334.140192518335
1344.0174983376662
1330.1327701083144
1304.7611943299112
1276.5582968181318
1041.1805165883964
1275.5926879377294
1047.574594314683
1189.2412123361082
1206.2469705752262
1229.1891529596492
1226.4133516370566
1240.8853629200842
1204.3875806594654
1184.9680059472116
1192.7575779743925
1219.0884198529914
1207.859217836082
1246.727133253585
1285.6361995728719
1276.155337276913
1138.2677642906565
1165.410703754729
1053.3844646816328
1359.3019791479778
1573.351735141473
1600.5461691530495
1580.2491436988043
1551.1755673902196
1450.248826029469
1489.1466596937403
1417.3481028157285
1330.2316895165038
1513.7010373560388
1723.2612439900472
1685.024539265136
1561.7697873248965
1350.144627654057
1655.6065870473185
1690.522673744034
1579.9867022106455
1635.079787108039
1438.5884608892782
1503.0367478986343
1782.227509863857
1611.8300443196708
1638.2107524702058
1334.8016090820033
1588.2005557324262
1729.2334954866665
1704.8832106777777
1678.3863080085057
1396.1111808149299
1485.9463018349036
1718.8887999898516
1698.5453012060163
1656.2060533884026
1346.5909706644265
1517.7837874550112
1709.4820608996529
1693.7277869345526
1692.1966552247964
1414.737569406756
1458.297959059547
1665.6221992176916
1725.6762848400463
1689.2671876334618
1469.975613653575
1439.4041296877217
1648.485044211242
1681.31577559984
1666.4591899580728
1442.354919220994
1410.967766456697
1714.2899497679764
1717.3964440073958
1693.0336459651776
1436.7052317234204
1160.2890397125134
1397.1783231050513
1704.6195583309054
1704.123773275229
1383.556319709211
1521.4505441870217
1707.2624885516589
1683.8267478209837
1708.9364700324213
1349.6581947237705
1454.7005326416172
1710.1919561429931
1726.931770950618
1719.3988542871866
1501.572014102967
1426.4437336078922
1610.5733014662455
1760.8298959360586
1717.6345681111584
1489.0881589684668
1405.5273266442189
1640.290268925079
1679.6941584046367
1653.2765857970683
1403.4348497932658
1362.003808144394
1691.7781598546055
1687.1747107825088
1699.9388195733227
1477.5085303170063
1390.042997947166
1737.8126505755743
1703.6289787990845
1702.328003102751
1388.5782641514986
1386.6636164143051
1682.1527663402212
1666.0406945878822
1686.7562154123182
1498.4332988265373
1476.2530442064344
1610.5900580376247
1686.0697324973798
1679.4847012623993
1511.4066553024468
1367.4948353093127
1613.5057014575714
1688.639444578176
1701.4035533689898
1518.939571965878
1332.9183799161456
1646.1621645038276
1696.3126261733744
1702.7344440507673
1500.5257756774906
1449.0199074243692
1642.395706172112
1696.869644068116
1690.104178373843
1572.0884839800874
1426.4437336078922
1591.7221586648661
1673.7828589364087
1746.6010533495773
1539.864340475409
1486.087685405914
1604.9403705400512
1686.9654630974135
1666.0020224382893
1574.7561301436244
1423.517192557608
1571.6142730100614
1626.911377475059
1676.0845834724573
1570.62375018442
1414.315729418222
1633.6073033981088
1733.2092015034773
1564.2279645629244
1416.3342339429987
1361.1098450613242
1716.887882066043
1502.0616209911393
1504.7740758465643
1495.4060730056997
1318.7995023293392
1725.3979858108169
1542.942781186392
1552.4340204614236
1420.0568940498997
1374.140173879922
1698.7497414107152
1481.0146444558543
1501.597761376719
1296.5441790986029
1122.1981959743525
1187.3641371536837
1148.6192561251587
1210.9984997104452
1232.350754701636
1305.133393355814
1276.6229875746926
1208.4482710930229
1393.9459576984552
1349.0766958781692
1348.2939007314933
1446.7728244473226
1440.442555875758
1517.142575732745
1474.2292267521532
1405.5398689630058
1701.058786912867
1525.362903736665
1553.1109463907446
1524.7020095885641
1393.8094562788815
1689.0579399483665
1649.2072904836032
1396.060094954311
1471.5658143229223
1361.7945604592987
1590.5031425528914
1514.4095638042782
1506.5688183817902
1360.8034321716054
1465.372164581478
1616.3987247334444
1519.8419526078515
1502.2022092795628
1448.1787073315568
1308.854896130185
1320.9912618657129
1610.1887038364428
1716.1397011539705
1344.7927773584197
1433.1480210768
1605.1496182251465
1613.8468838238055
1518.8578345888877
1320.7269292310493
1306.2320737950863
1568.1127779632764
1668.7609144941212
1487.7616668866765
1699.520324203132
1477.0900349468156
1506.296496551358
1721.49133113814
1680.4129862709815
1588.0644629997373
1353.5693879407722
1492.1558682736782
1678.1770603234104
1685.9192246719367
1681.7342709700306
1400.0868868317407
1375.6049076755894
1713.3306714194227
1704.123773275229
1718.7711112319007
1404.6903359038376
1410.5492710865065
1680.0602894892681
1700.3573149435133
1596.5925322280261
1378.115879896733
1469.347870598289
1712.7029283641368
1682.7251141541983
1685.5589583872884
1370.3737155482065
1346.9379748175315
1675.1997228820392
1687.444072667426
1689.6856830036527
1457.4207525478564
1367.444247956872
1678.3353025787721
1702.9439011930049
1735.5109260395257
1570.26232236471
1397.5553878106577
1599.7091784126683
1682.9897570806024
1776.3142246331117
1423.9411229326063
1336.475590562766
1730.279733912143
1716.4693866958523
1546.027338700482
1257.040346795343
1387.9505210962127
1516.609239347883
1554.766290361406
1730.279733912143
1608.9160765568622
1443.1668253238013
1499.3515589381068
1716.4693866958523
1704.0470560919823
1607.0125300482073
1400.5053822019313
1115.0915397319259
1679.6417941190775
1696.800104296893
1526.0539932591187
1421.011655341272
1602.6386460040028
1643.8439259147099
1684.5116726761007
1611.8455441481965
1459.0947340286189
1530.1269022465283
1683.6738441071502
1688.8486922632712
1617.2859839606745
1457.4207525478564
1407.6302554274944
1646.9991552442089
1690.1670155165143
1694.2222397088856
1428.3455877195775
1432.1017826513234
1668.3424191239305
1691.987407539701
1676.0845834724573
1420.5931599710814
1384.184062764497
1684.035995506079
1736.7664121500975
1698.055590407465
1449.4693405142343
1424.359618302797
1689.6856830036527
1728.2955390800503
1673.2009869952728
1526.4724886293093
1326.6409493632864
1657.0430441287838
1666.668437643168
1688.8486922632712
1437.751470148897
1396.5296761851205
1667.8833702563288
1727.9780093760946
1682.1527663402212
1551.7158444974943
1468.6695401905624
1535.5619070541986
1709.1000103073454
1636.1182756192525
1650.7656135759244
1086.7123185346675
1255.228833808083
1278.2793636099157
1278.0717825818467
1352.3672963870017
1334.9532319163206
1261.6688394961047
1249.3390066329437
1269.4877232503195
1346.2285696589158
1439.299610364497
1559.262028961779
1571.6238069918968
1520.796511255716
1342.3691581747964
1484.8681637412178
1356.4387188320056
1317.6817154713733
1386.9905470409135
1359.5954163313731
1299.6851884925218
1294.468927959347
1238.819450716653
1218.0226012021117
1273.8034690037684
1259.6163002311941
1001.5169323973543
1482.4305309747679
1391.98583578955
1310.3033969973285
1257.4126605475342
1317.7401576959214
1294.5962194011022
1263.4346617972988
1317.4548942502252
1302.9619105117467
1278.5440487095793
1231.1782320287095
1191.8490670291446
1068.1065829478428
1082.3060249039086
1176.7043571334866
1168.9916182406764
1144.2006717995014
1207.4175852244978
1177.6684494950878
1174.9138998905128
1231.106711823843
1236.2639316250495
1279.6585924973683
1301.3740590215102
1297.319300115536
1315.6554458957823
1315.0350592044256
1351.7539410698032
1276.28008702986
1281.6752693476383
1239.0789668885973
1144.3952067567386
1276.4999728223222
1165.961613675644
1245.8419174607793
1713.5803791061282
1515.1731136341623
1290.9866907090288
1427.2890858941314
1602.8233872034562
1736.975659835193
1643.2326969124933
1175.7733684095663
1410.967766456697
1667.7146760686446
1743.8808334433384
1747.4380440899586
1498.851794196728
1492.081868592835
1698.7547583482537
1707.6809839218495
1791.7985533301649
1472.695833559814
1411.1770141417924
1725.996113969113
1725.9841868391354
1727.7687616909993
1460.1409724540954
1376.651146101066
1723.1653126189024
1724.0023033592838
1515.9966177073402
1357.4420451345622
1489.1700018922204
1546.171196483985
1498.1124796218503
1488.757636825304
1387.1364168213886
1516.218125998984
1585.4750228966827
1684.2088700584136
1675.875335787362
1528.8726703678349
1419.1294734611254
1599.7091784126683
1756.435694549057
1727.8774617871527
1564.702187316222
1372.3027241776367
1657.282244185219
1708.4368676674085
1712.5789297359322
1583.8063543454246
1441.5179284806127
1663.1112269965479
1701.538592334596
1744.927071868815
1535.168730260728
1414.1064817331267
1637.1645140447292
1656.4153010734979
1716.589374878914
1614.971901453234
1348.611956298294
1556.604155283034
1722.7468172487117
1688.2209492079853
1430.2185534854657
1282.2070675581767
1507.7298446276088
1601.9892425438143
1597.382523976638
1487.5524192015812
1278.4443719220972
1449.919673370045
1743.671585758243
1733.312466594823
1654.9505672778307
1485.1084732659533
1426.4520951537502
1662.0649885710714
1768.84903649113
1543.5470159502297
1093.3297804820136
1352.7969100002003
1682.5712617104118
1708.09947929204
1639.047743210587
1485.4599423506281
1547.815752509031
1731.5352200227148
1712.7029283641368
1600.572926099795
1394.6464470192627
1534.9592731184903
1714.7954052150899
1719.933993222096
1615.1935071097214
1455.1190280118078
1480.6472455934359
1653.5120156249432
1728.18725706119
1598.4536923020964
1419.7561692307002
1535.5619070541986
1705.5103266171243
1723.8896154167596
1664.1943298790584
1247.7600556448751
1315.8928753848122
1340.5571464827794
1339.9114212045556
1360.8459981993255
1349.2768898601107
1371.5887416571682
1389.7917465590497
1418.553812415172
1448.3499720912064
1551.5860257960444
1632.214069761605
1750.7925460416427
1569.7753162112601
1505.7541069966787
1472.9855925612449
1265.9085855928668
1678.0978658870374
1567.4323142998314
1509.4020461317582
1475.8271924723147
1290.6503475268928
1732.1629630780008
1512.7806606096547
1509.141303899159
1450.3145049923146
1293.3562633921583
1712.4005000692723
1557.788594383644
1508.652356064612
1497.5709694992893
1121.4368123076872
1346.1009840771503
1783.4286459263521
1693.3225875928383
1543.3128404106324
1362.4223035145847
1645.3251737634464
1522.2417619962885
1509.9599037297173
1514.3937477445593
1379.5348407612855
1646.7704669649938
1496.774438760518
1506.0079015522338
1495.3444433500717
1324.2981614090559
1718.3735523886435
1476.0494518641794
1312.741407969539
1518.8646190366353
1229.1112513601654
1334.1738660267174
1703.940868098538
1360.3772343422859
1424.6587771025818
1453.3988649130458
1333.1092366914181
1656.465569560347
1490.9240860024333
1386.5217517464212
1311.9208651410931
1254.769273775666
1372.6905614989982
1320.905028932988
1283.994064231683
1323.6065182416037
1285.2483136451044
1370.436653328489
1387.1060898865094
1357.3269345256394
1353.2199009261253
1206.2879746744911
1273.611578058786
1341.8396059277582
1298.4554496557016
1260.5659167315102
1259.0760161692879
1313.9691017388197
1308.6844736991598
1268.9445783802187
1205.076218060609
1314.3334015054968
1303.4095520750873
1348.4546118475876
1279.035874943448
1282.7017963014655
1319.7643838370877
1325.3323339576707
1305.6172786275968
1216.6453263998242
1174.0875350091403
1237.8108114845918
1227.0194342874402
1123.6792772454178
1323.033061542932
1307.0549035403599
1406.735092526807
1323.2643783198146
1261.2236657497094
1182.3249727446166
1165.0514143912828
1093.2855328797723
1090.164349601645
1115.0961843093517
1083.750951908563
1153.9793228957428
1288.952253519918
1233.0768614635986
1194.5284162014086
1288.698050277478
1299.7452654646095
1328.9594300616177
1283.4110811682892
1304.2929588454651
1207.830767665184
1209.2848756018425
1166.4356904621882
1181.6182424770325
1119.9606352792414
1211.270260125099
1182.428834331006
1200.1180287723741
1174.225262489369
1021.2100319552276
1152.850121032621
1219.6204068770594
1134.1433948398544
1116.379720793294
1199.3011971964597
1252.6028245985367
1226.4309480824845
1285.3713390339706
1337.2283918048472
1336.349306315316
1407.313022950364
1460.9214915852685
1337.5402198980653
1384.6630437936606
1355.7525335521716
1246.2620475785097
1240.8800499905797
1257.401284272447
1168.5009117025074
1223.393972931033
1226.9748874169804
1191.1657425575054
1199.1539364107728
1201.5687765761022
1252.7299262197566
1177.6684494950878
1199.2158379509358
1060.4623638204214
1418.6915398954006
1202.2763042118045
1383.7647500205367
1289.8194221734873
1306.1735730698128
1303.4553250062017
1223.5157616227484
1186.896190670414
1125.619157109299
1122.358566917126
1069.0676748699661
1216.5075989195955
1001.2395473220588
1017.7678721784823
1374.4590560151396
1386.70320872334
1246.0695115533294
1349.843341746437
1145.2362843659694
1451.432017430658
1356.7668821277425
1233.157093925646
1397.949863110328
1232.401840562255
1336.3815925792271
1295.0989042695928
1279.7245123445919
1206.178037902439
1220.6447362559622
1080.8382658434623
1299.8765490835945
1192.8740320545166
1296.9185705806217
1286.0816421582645
1368.2726562726693
1304.369966254724
1265.2790657090861
1252.973503603188
1268.5579605870541
1219.571933182964
1211.432933869149
1222.2709013711853
1155.2009835320575
1165.5766936308005
1073.8853583420562
1256.4299563642803
1203.974398218779
1185.5189158681264
1261.957667395083
1282.421413826508
1208.3996336268942
1506.1856803471878
1206.8633335431898
1177.1573826590438
1125.3320070081627
1097.1380498092478
1080.5137754114423
1264.4473564607565
1143.0485834708225
1254.7083794298082
1274.2861777400315
1208.239232446574
1203.4896636637397
1201.2304744732128
1189.0374813115418
1200.3187607155303
1221.7412431682878
1165.1352487942715
1148.189206746681
1182.329992241957
1208.3763646565947
1174.9424789846785
1010.8917758964084
1245.854178067328
1268.634793721425
1306.9177202955134
1263.4842272283877
1266.0285974560877
1357.8051677273497
1255.7766869470722
1128.9213144774208
1134.281260185429
1121.904230070162
1122.4248404660368
1235.1008087504767
1316.4669502524412
1286.4739762495703
1195.206288241814
1110.9421417890105
1147.5723386003538
1187.4180838224975
1093.4797685687909
1303.0666637786126
1193.3693822411653
1109.7688017423138
1473.644804506672
1263.610397157828
1214.1192327639371
1165.4577027464984
1144.8893092006451
1135.8708157104143
1192.7469521153837
1163.3582782185013
1139.0912683638344
1262.3835081056804
1217.4716912811966
1255.6222033045603
1220.0335051326588
1201.4311866857638
1208.4528161044154
1190.752560116819
1207.9684951454128
1178.7702693369179
1149.434316048194
1098.06196592287
1077.8160263292439
1132.0806535393715
1080.5149945174655
1048.1224720161872
1023.6650483685358
1165.5766936308005
1045.0368860348012
1006.1977366102938
1092.2774117532626
1190.8902875970477
1078.780118690845
1270.772226129723
1112.5233513468888
1102.3664656421074
1064.3835299792463
1089.798317109145
1132.9785386256106
1107.2181868933299
1047.2405257184614
1203.2857608176353
1116.1095787623408
1123.825180913017
1100.5042505197193
