952.3
4106.7
4529.994
3295.956
2726.973026973027
3414.15
3571.6676676676675
3884.721278721279
3836.4864864864867
4629.15
4029.75
4777.65
2783.7
1809.5264735264736
1766.164
1130.08008008008
1679.048
1911.602
1329.75
1204.2
1748.25
2413.8
1683.45
4154.3
4785.4
5770.69
5058.312
5096.25
4614.413586413586
3981.822
4984.416416416417
6077.068
5802.496
5011.004
5871.938
5735.76
5834.934
5739.568
5517.45
5549.824
5616.829170829171
5570.658658658659
5677.528
5121.974025974026
4224.88
5054.04004004004
5711.852
5748.648
4967.652
4314.6
5587.648
4626.068
5310.021978021978
5836.488488488489
5050.049850448654
5938.916750250753
4897.24
5095.46
5269.272
5892.198
5817.48
4992.3
5899.498
5782.05
5832.232
5086.57
6029.82017982018
5044.594594594595
5125.95
6565.05
5738.182
5516.05
6041.6
5311.268
3511.886113886114
1798.6346346346347
5186.243756243756
5400.264264264264
4338.754
4700.914
5085.106
4534.65
6083.098
5149.152847152847
6354.054054054054
901.798
5067.296
5812.354
5517.452
5311.25
5563.0
5511.936063936064
5964.864864864865
5351.414
5829.286
5926.502
4903.548
5434.89
4849.074
4968.0
4121.536
4220.102
5316.3
3707.1
4133.698
4221.2807192807195
3491.1
3175.675675675676
2690.55
4072.95
4382.098
4791.15
5540.402
5801.8441558441555
5508.1621621621625
5895.486
5435.064
4885.65
5637.95
5935.466
5487.604395604396
6169.692
5640.540540540541
5494.512
5807.688
5055.75
5493.148
5807.004995004995
96.23423423423424
4837.614385614385
5221.621621621622
5440.848
5095.9
5927.132867132867
5828.616616616617
4834.8691308691305
5694.594594594595
5368.95
5679.168831168831
5351.985985985986
5439.868
5054.398
4835.48
5702.971028971029
5371.621621621622
4791.148
4684.502
3347.984015984016
4161.923923923924
4757.638
5204.966
5293.29
5428.383616383617
4950.872255489022
5937.362086258776
5928.647352647353
5457.4334334334335
5757.076
4813.336663336663
3625.995995995996
5168.83
6060.27972027972
4761.463463463463
5356.708
3631.916083916084
4877.027027027027
4529.264
4851.888
4638.314
5465.652347652348
5093.961961961962
5200.889110889111
5315.81
4206.038038038038
5685.568
4709.258
5900.392
4369.642357642358
5274.944944944945
4983.984015984016
5743.243243243243
5141.536
5689.526
5611.938
4922.1
4689.912
5120.815184815185
4807.687687687688
4522.922
3812.6353646353646
4261.234
4931.081081081081
5681.236763236763
5089.986
4421.416
5833.7
5965.147147147147
5482.292
5842.858
5538.418
4814.698
4226.73926073926
4758.728728728729
4288.502
5089.624375624376
5617.91991991992
4559.95
3624.1758241758243
3250.462
4299.28928928929
3967.65
3723.3
2451.6
1203.3446553446554
1009.1111111111111
1557.0429570429571
1279.8
1137.35
994.95
1014.5625625625626
961.502
787.05
984.5154845154846
797.2972972972973
767.7322677322677
502.35235235235234
414.45
592.65
1368.881118881119
1677.027027027027
751.5484515484516
1101.3513513513512
902.15
712.1
698.3
594.0
530.9
442.1
431.0
431.2187812187812
328.05
416.56656656656656
291.6
103.49450549450549
623.702
253.8
52.7007007007007
530.902
546.4
661.4705294705295
581.7997997997998
504.9
449.55
572.4595404595404
473.6896896896897
352.0
495.94594594594594
475.2
382.682
324.718
87.66233766233766
64.86486486486487
885.6
345.2547452547453
793.8
655.4034034034034
899.102
896.4
905.848
1050.302
1239.3
1503.912
1165.036
818.102
668.882
792.168
1287.6103896103896
782.4344344344345
516.5334665334665
368.9189189189189
1327.412
2018.586
2990.25
4549.5
3816.45
1809.0
1111.048
695.9060939060939
673.662
826.188
949.328
1190.2622622622623
1066.85
1172.798
1136.913086913087
1104.7847847847847
919.352
552.15
618.0319680319681
1035.1
857.4574574574575
840.8591408591409
958.4584584584585
974.35
1128.6
919.7802197802198
964.8628628628628
1023.6283716283716
1194.5945945945946
1109.7
994.252
1035.7642357642358
1224.3243243243244
1004.4
715.5
717.4805194805194
1670.2722722722722
865.8341658341658
963.9
663.5135135135135
900.45
777.95
1394.55
1403.65
1340.548
1096.202
1993.948
1290.97
1618.013986013986
2147.295295295295
1341.91008991009
796.85
740.1901901901902
660.15
452.25
317.25
21.57842157842158
1297.35
598.6466466466467
529.202
749.25
1250.1
1445.862
1585.238
1547.902097902098
1488.934934934935
1114.004
1971.7262737262738
1445.947947947948
1793.498
1521.404
1640.5914085914085
1652.07007007007
1718.1818181818182
1567.5795795795796
1835.5024975024976
2163.4954954954956
2135.718
2106.0
2265.7342657342656
2377.7257257257256
1956.802
2378.7
1858.95
1782.0
2009.728
1984.92
2123.552
2212.65
2688.909090909091
3021.921921921922
3100.952
3614.852
4099.048
3813.75
4406.043956043956
4004.052052052052
4248.253746253747
4713.581581581581
4846.444
3968.988
4174.2
5244.748
4697.284
4921.598
4912.52
4291.65
4599.45
4128.221778221779
3963.966
4764.4984984984985
4790.52
4205.722277722278
4533.785785785786
4785.748
5718.571428571428
5570.022
478.34
3738.502
5468.5
5794.594594594595
4934.715284715285
4458.652652652652
4806.04995004995
4397.2972972972975
4111.1
3010.782
2470.402
2268.5494505494507
1974.3243243243244
1869.75
1809.89010989011
3069.0830830830832
4253.62
1913.666
2525.2
1573.402
1309.17
1358.522
854.458
1105.394
1435.306
1795.0549450549452
1159.648
1858.964
1166.2042042042042
1341.9
976.1238761238761
1182.7307307307308
876.5
685.452
766.8
863.348
1133.302
905.2
453.79620379620377
563.5135135135135
801.0969030969031
619.0
695.2472472472473
789.748
788.752
559.3406593406594
677.7
776.948
868.2202202202202
883.298
1039.4125874125873
1331.081081081081
1275.75
1254.15
1600.8491508491509
1402.7027027027027
1359.45
1165.2347652347653
939.8898898898899
979.4
875.162
1102.938
886.6
565.65
707.4
959.85
913.95
942.65
811.348
697.602
667.932067932068
919.009009009009
925.66
964.6353646353647
1173.973973973974
927.8
902.8
1013.85
934.2
917.0829170829171
845.2272272272272
740.516
672.302
542.1578421578422
700.0
823.5
988.9110889110889
1160.0
1033.4
1164.8628628628628
1105.652
919.7802197802198
1220.2702702702702
882.248
974.002
855.9
1014.5354645354645
813.5135135135135
952.75
990.9
945.0
875.2747252747253
858.6
648.6946946946947
841.8621378621378
938.8388388388388
1356.7432567432568
1202.7027027027027
739.4105894105894
789.4
863.5115115115115
999.002
909.9
1330.798
1608.94
1786.8271728271727
1722.972972972973
1635.594
1752.5034965034965
1708.1081081081081
1536.3
1524.15
1232.6673326673326
1233.7817817817818
1983.85
1228.925074925075
1191.5415415415416
1582.898
1815.684
1590.996
1705.3486513486514
1936.836836836837
1552.15
1987.832
1763.38
2279.238
1279.15
1121.15
1728.0
1798.101898101898
1991.5395395395396
1701.002
1260.9
1051.65
1207.25
1168.931068931069
1618.918918918919
1923.1588411588411
1850.03003003003
1865.036
1827.9
1934.548
1796.852
580.5
791.1
926.45
725.648
1235.6663336663337
532.4324324324324
770.07992007992
567.35
427.3093093093093
665.5964035964035
414.806
927.1
933.7837837837837
873.45
717.4825174825174
657.45
475.6756756756757
482.3
121.02697302697302
687.152
244.35
29.7
742.219387755102
3188.668
5081.057057057057
6071.984
5199.428571428572
3505.1451451451453
4204.228
2551.908091908092
2021.973973973974
2277.224
2292.644
3375.4765234765237
3171.244
3843.9839839839838
3075.7562437562437
1573.021021021021
6563.732
3809.448
4835.584
3995.164
3102.668
4055.04
7688.192
4621.916
2987.168
2833.646353646354
4218.946946946947
3847.424
3141.1585127201565
3591.8282208588957
3408.135728542914
6111.166332665331
4031.508
2200.584
2446.024
2013.16
2203.98
1342.608
1391.836
649.036
0.0
2435.836
3052.228228228228
1702.524
1945.914085914086
1943.168
1490.3303303303303
514.936
3781.222777222777
3072.6486486486488
2946.937062937063
3023.4314314314315
1893.94
2001.126873126873
2104.984984984985
1540.116
1366.172
455.624
0.0
0.0
0.0
3392.916
545.94
110.536
32.352
860.024
0.0
0.0
86.18581418581418
2797.201201201201
500.95504495504497
793.4174174174174
1060.876
874.852
976.3236763236763
761.62
788.0200200200201
717.836
595.8681318681319
591.772
669.2772772772772
657.824
757.576
939.556
864.068
39.092
4.044
0.0
1361.356
1991.12
729.268
732.5794205794206
789.3693693693693
726.572
786.4455544455544
835.2472472472473
549.44
1102.105894105894
1285.92992992993
1001.564
1245.552
803.408
388.224
0.0
9.436
0.0
0.0
72.33166833166833
1498.016
1063.2872872872872
91.664
0.0
805.508
523.62
0.0
253.58
1382.857142857143
923.38
525.72
518.1501501501501
749.488
601.208
371.6763236763237
476.3203203203203
277.688
0.0
0.0
1229.4945054945056
572.1241241241241
985.7502497502497
701.6616616616617
496.064
692.872
427.316
165.63836163836163
0.0
184.86086086086087
83.576
0.0
0.0
1511.108
49.82617382617383
1172.5845845845845
663.892
1218.045954045954
749.488
420.996996996997
109.188
1176.975024975025
484.41641641641644
277.4105894105894
66.11811811811812
753.532
417.88
1240.16
1463.928
917.0709290709291
423.6956956956957
1415.4
1122.884
702.953046953047
1020.1081081081081
544.0479520479521
647.6876876876877
982.692
859.6323676323676
918.868
580.2202202202202
811.496
1005.608
1131.188811188811
972.8808808808809
829.02
63.356
2644.776
1824.544
1477.926073926074
983.6756756756756
385.14285714285717
2741.936
1945.6576576576576
1633.776
1604.588
1915.8201798201799
2297.941941941942
2386.3216783216785
2389.993993993994
2450.316
1793.7422577422578
1213.2
1056.5405405405406
994.824
938.208
1391.136
1442.36
1285.992
1199.72
1223.984
1865.632
1763.184
1730.832
477.192
1239.4
2575.44
544.592
0.0
0.0
0.0
2624.4844844844847
1921.5
1148.544
1597.8301698301698
1689.096
1768.472
1540.956956956957
1862.936
1811.064
1713.5904095904095
1945.916
2283.903903903904
3093.054945054945
3296.8888888888887
3198.376
3506.748
3468.92
3680.272
2801.292
1527.136
5227.544
4070.024
3249.062937062937
2943.295295295295
3381.082917082917
2813.328
3302.5585585585586
2770.736
3911.896
3085.132
2250.252
2560.604
3325.62
3191.4405594405594
3091.616
3593.133133133133
3135.68
3466.3056943056945
4423.067067067067
4235.264
5194.204
4095.664
3931.764
2689.6183816183816
3221.977977977978
3553.596
2286.94
4416.664
474.496
2491.14
2166.729270729271
2191.3433433433433
1841.576
1768.088
2013.5264735264736
2077.268
1777.093093093093
663.9000999000999
2277.6056056056054
1715.792
263.168
2677.128
1884.6473526473526
1944.484
2009.2652652652653
2001.696
3165.856
3522.22
2766.096
2619.164
1370.893106893107
171.36736736736736
3623.444
5110.248
2933.010989010989
3534.456
3063.023023023023
2038.8331668331668
2719.095095095095
3666.7812187812187
3070.4744744744744
3886.804
4006.38
3740.7
3233.792
5469.596
4339.564435564435
4224.812812812813
2557.156
2743.008
6064.824
5455.480519480519
4714.438438438438
3880.96
4298.752
5108.747252747253
6902.518518518518
4972.852
2889.844
4502.445554445554
4141.101101101101
7469.384
4961.408
5698.576
3505.062937062937
4378.624
7071.744
7408.880880880881
5916.711288711289
4445.325325325325
3729.7742257742257
5498.486486486487
4253.152
3739.14
2733.5344655344657
3936.224224224224
2787.5724275724274
2266.906906906907
2092.1
1902.024
666.6955665024631
0.0
2987.168
1081.096
288.472
2062.44
768.076
761.256
959.076
1250.944
957.4705294705295
1042.396
811.752
711.1071071071071
707.7
0.0
2613.124
1395.8758758758759
1371.616
1325.732
705.6463536463536
344.0840840840841
0.0
1978.864
559.42
264.208
1848.955044955045
1203.6196196196197
957.08
717.136
765.664
893.724
1161.976
984.04
1039.36
1001.8581418581418
1121.536
1532.8608608608608
1500.324
1775.348
1671.488
1708.616
1793.488
1809.924
1728.576
1849.456
1960.7272727272727
1657.2092092092091
1769.716
1616.88
127.432
3125.5824175824177
1894.4055944055945
1904.1523046092184
2454.2737262737264
1578.508
1808.128128128128
1531.328
0.0
3117.692
1435.852
1151.3886113886115
232.08808808808809
68.748
0.0
38.652
3703.396
1124.0080080080081
1474.5854145854146
1225.204
1205.188
1065.985985985986
1198.684
1199.408
1000.916
1565.676
851.936
226.464
0.0
1884.504
1407.4234234234234
1705.532
2070.7892107892108
1822.496
2304.6966966966966
2334.728
2038.176
1490.888
1008.564
2358.276
2647.104895104895
3017.5855855855857
3016.564
2795.752
2081.312
1800.928
1999.7802197802198
1882.1298701298701
1893.6296296296296
2036.1681681681682
2335.436
2576.676
1683.652
618.1138861138861
311.88388388388387
1413.168
132.104
0.0
2817.348
1054.108
803.236
3863.18
1885.6743256743257
1822.970970970971
1550.304
2038.1338661338661
2361.592
2641.044
2928.584
2703.048
2538.7027027027025
2857.548
2186.352
2681.56
2504.636
2375.124
2366.6733266733268
2555.204
2258.810810810811
2417.664
2305.728
2315.864
2254.556
2108.92
1542.3336663336663
1684.920920920921
2516.716
0.0
4041.304
1634.062062062062
2036.8391608391607
1918.0740740740741
1821.148
1036.923076923077
0.0
877.0770770770771
72.792
0.0
2450.664
694.22
405.912
3153.508
1519.844
1349.994005994006
799.364
5.397397397397397
964.0
2671.344
1702.126126126126
2037.5384615384614
2117.7257257257256
1610.86
1307.6003996003997
1269.7377377377377
968.2437562437563
671.304
0.0
2110.205794205794
975.952
457.42942942942943
0.0
1445.1531531531532
680.74
724.4995004995005
671.304
315.7477477477477
0.0
0.0
0.0
22.893106893106893
3554.8868868868867
949.64
1061.032
1018.932
717.7662337662338
913.5095095095095
911.248
808.8
626.1938061938062
0.0
673.3253253253254
1552.896
585.032
717.136
898.2177822177822
682.088
101.1
313.0490490490491
1384.396
100.999000999001
1148.2962962962963
591.772
384.18
815.54
715.244
357.764
72.71928071928072
0.0
96.95904095904096
0.0
0.0
1907.2192192192192
1134.428
601.208
791.276
494.716
373.396
107.73226773226773
0.0
1449.1
678.044
276.06393606393607
144.3803803803804
0.0
212.624
420.008008008008
876.6713286713286
453.3813813813814
423.272
904.508
919.7642357642358
589.017017017017
539.848
1055.7762237762238
959.44
943.5315315315315
624.124
554.028
504.152
636.967032967033
597.7617617617618
107.84
315.432
1242.9610389610389
194.3063063063063
0.0
1806.32
1148.2962962962963
1219.94
970.9370629370629
252.32832832832833
929.1908091908092
525.72
533.808
635.5435435435436
702.308
409.352
465.8901098901099
509.19719719719717
879.3646353646353
1118.6106106106106
1409.776
1329.3786213786213
1043.047047047047
589.076
880.7112887112887
646.6266266266266
819.296
168.33166833166834
2079.3473473473473
1122.884
1206.46
1478.756
1487.544
1441.66
1306.2537462537462
561.3293293293293
49.876
2061.7262737262736
1740.6606606606606
1531.1448551448552
1762.2502502502502
2493.152
1951.948051948052
1940.3643643643643
2317.5904095904098
2330.326326326326
1709.264
1112.1
1161.976
1094.584
1271.224
1134.4615384615386
765.664
1499.676
2527.955955955956
3444.164
3686.604
3021.3666333666333
2445.972
1879.76
1723.923923923924
1658.584
1246.9
1306.2537462537462
1429.86986986987
3414.7450199203186
4346.9357429718875
3100.948
2029.75249500998
1615.6993987975952
2519.308
1525.78
1750.456
1224.528
304.648
1940.072
3182.5414585414587
2588.052052052052
4206.28
4882.441558441558
4321.505505505505
6928.696
4310.68931068931
4004.6046046046044
2914.376
2811.588
4177.948
4895.372
5763.968
4430.148
0.0
1089.832
4091.6036036036035
6532.731268731269
8959.887887887888
4945.482517482517
5008.104
5151.011011011011
5007.068
5077.584
4985.264
5001.572
5063.216
5085.412
4973.832
5004.395604395604
5093.925925925926
4838.908
4067.328
6200.54
5056.012
4777.024
3385.344
4605.952
6432.768
5962.861138861139
3793.448
3812.1001001001
2901.0
2911.18
5809.3626373626375
5018.6
4984.408408408409
4307.104
5802.013986013986
5052.656
5027.34
5046.5665665665665
4145.152
5476.352
5503.756
5038.633366633367
4919.93993993994
4120.576
5722.112
5393.76
5038.452
5058.552
4464.64
5202.861138861139
5442.962962962963
5030.088
5043.516
4777.848
5144.576
4260.07992007992
5996.84
4950.13013013013
2754.236
1417.8461538461538
4044.7487487487488
7809.024
7931.904
3405.122877122877
4173.9019019019015
5499.548451548451
5583.6356356356355
4987.232767232767
4716.384384384384
5165.056
5280.96
4958.228
5122.976
4129.234765234765
4819.727727727728
6129.118881118881
5077.213213213213
5033.090909090909
4137.913913913914
5229.458541458542
5641.709709709709
5038.581418581419
4869.78978978979
4004.116
5060.608
6282.296
5045.124
4992.688
4202.244
3571.712
7008.256
5422.432
4903.6123876123875
4578.306306306306
4145.152
6444.064
5096.324
4843.748
4933.088
3488.932
6836.228
5066.9
5039.128
4849.732
4317.184
5977.82
4961.638361638362
5042.22
4711.67967967968
4128.7352647352645
6217.604
5108.1
5035.063063063063
4250.645354645355
3946.3463463463463
6812.383616383617
5234.264
4531.811811811812
3230.5614385614385
4089.3653653653655
7413.76
5881.050949050949
5067.0950950950955
4592.132
4083.7242757242757
5887.743743743744
5564.984
5018.76
4410.94
4272.928
4375.984015984016
4664.536536536537
4406.092
3590.724
4052.02
4567.988
4322.152
3718.928
3846.872
3696.872
3607.036
4456.987012987013
3822.806806806807
3308.3636363636365
5692.04004004004
6960.88
6856.704
7347.528
4342.157842157842
770.8188188188188
4298.549450549451
5959.495495495496
7430.905094905095
6851.267267267267
4124.672
5875.712
5372.448
5211.816
4834.113886113886
3599.684
5144.884884884885
2920.776
2712.943056943057
2535.167167167167
2014.14
2076.516
1586.596
1826.54
1703.5164835164835
1445.056
1733.9139139139138
1538.068
1605.468
2593.552
2616.468
2321.63036963037
2098.2382382382384
1605.468
1271.164
1275.208
1284.644
1189.094905094905
928.3523523523523
575.596
80.88
0.0
0.0
0.0
4936.2962962962965
5957.632
7534.592
5689.142857142857
4960.828
5116.82
4141.78978978979
4374.528
6605.644
5035.136863136863
2744.5765765765764
3587.292
5569.086913086913
7371.97997997998
5880.992
5076.124
3957.068
4390.617382617383
6769.817817817818
4135.728
5930.532
3928.196
4425.728
6766.496
5032.443556443556
5043.867867867868
4460.4
4481.024
6170.225774225774
5043.867867867868
5009.298701298701
4365.116
4307.155155155155
6413.712
4861.548
4951.348
4414.988
4874.24
6135.756
4999.368
4819.732
3644.972
4698.112
5149.324
4524.476
3927.664
3539.6523476523475
3880.892
5369.061061061061
4191.972
4278.264
4030.916
4013.092
4741.02
4592.635364635365
4595.339339339339
4017.1
4659.432
4586.436
4177.636
4057.32
3895.808
4005.978021978022
5081.568
4493.593593593593
2679.616
3600.14
4366.336
5361.8261738261735
4538.486486486487
4540.036
4144.452
3744.1438561438563
3106.042042042042
3027.968
2102.128
1791.8001998001998
4993.921921921922
3486.648
3153.62
2631.296
452.448
3608.372
1862.4535464535466
4039.2752752752754
4333.976
4196.716
3398.6373626373625
4387.851851851852
3962.5694305694306
4469.677677677678
3821.58
3620.44
5606.984
4026.12987012987
4715.348
4360.836
4390.278278278278
4715.06
4158.632
4428.143856143856
4282.146146146146
4034.5094905094907
5383.4314314314315
3447.868
4097.172
4502.108
2344.12
2127.7922077922076
5485.933933933934
7267.228771228772
4465.2292292292295
4137.358641358642
4042.6986986986985
6115.092
4885.294705294706
4379.079079079079
3611.2
4104.183816183816
5045.164
3559.6876876876877
4311.812
4269.28
3074.06
3593.316
6313.648
4465.852
4051.4805194805194
3870.4944944944946
5032.552
4772.42
4657.984
4528.456
3817.472
5266.96
2790.46
4460.115884115884
4104.884884884885
4079.968
5068.916
5518.464
4573.84
2362.02997002997
3462.5345345345345
7137.28
4638.952
4535.372
4088.224
2915.5
3200.428
3726.26973026973
4282.7027027027025
4292.072
4224.476
4442.632
4142.232
3558.608
3604.996
3598.952
3628.944
3799.116
3738.016
3299.152
3103.172
3581.56
3037.044
3263.016
2960.7
2664.348
3330.832
1836.6313686313686
3829.5855855855857
7050.188
4520.667332667333
5382.144
5679.151151151151
5053.216
5063.348
4249.716
3604.48
7200.792
4953.650349650349
5097.477477477478
4205.564
4304.896
5973.132
5019.58
4677.978021978022
4556.116
4243.596
3927.5155155155153
4027.876
3927.288
3965.278721278721
5229.169169169169
4509.06
4256.771228771228
3251.171171171171
5775.36
3465.846153846154
5866.942942942943
4166.568
1926.4615384615386
2408.808808808809
4349.698301698301
6633.961961961962
6537.216
7434.24
5961.728
4308.992
4820.992
6877.184
5660.328
5009.204
3682.304
5892.347652347652
5656.0320320320325
5223.224
4404.655344655344
2809.856
6536.0320320320325
3762.236
4513.104
3832.296
4539.636363636364
5269.209209209209
4676.212
4353.968
4593.136
4183.12
4981.504
1282.228
3574.616
6514.884
3579.72027972028
4423.247247247247
4600.083916083916
3956.972972972973
4371.872
4085.76
4743.312
4001.768
3313.176
5251.588
3874.816
6588.26
5015.424
4980.451548451549
5026.674674674675
3923.968
6243.308
4995.7002997003
4983.079079079079
4872.652
4155.392
1362.6053946053946
5371.131131131131
7215.104
7335.632
3105.7582417582416
5837.581581581581
3165.104
5310.576
5064.1238761238765
3060.968
5956.9009009009005
4865.584
6266.568
4817.008
3731.456
5830.656
5724.22
5105.92
5044.535464535465
4312.604604604605
5271.552
5567.012
4991.72
5047.432
3735.552
4819.684
2474.124
1695.4365634365633
2194.742742742743
747.7773654916512
532.46
0.0
459.668
5963.680319680319
7796.360360360361
6901.726273726274
7213.053053053053
7848.1398601398605
7793.865865865866
7307.508
7529.928
7825.14
5950.072
8535.536
7949.364
7823.948
8018.888
6584.852
6773.302697302697
7256.696696696697
7468.464
5815.272
8585.568
7596.472
7648.552
7403.424
7047.136
6830.225774225774
7112.420420420421
6932.764
7457.136
7479.312687312688
7511.179179179179
6673.962037962038
8764.776776776776
7645.886113886114
7466.88
7453.805805805806
7444.228
7357.384
7119.756243756244
6427.911911911912
6294.721278721278
7410.626626626627
7179.5284715284715
6816.392392392392
7034.1
7328.84
7055.432
6649.684
7066.376
6974.56
7667.256
7800.876
5074.933066933067
3526.086086086086
7004.16
8144.943056943057
7950.336
5592.536536536537
3907.584
1036.288
6718.913086913087
8329.216
5520.784784784785
3858.432
7622.656
8167.424
8349.538461538461
5914.394394394394
4374.528
5886.20979020979
8062.976
7185.025025025025
3458.6213786213784
3342.286286286286
3162.64
3047.076
3461.664
2985.956
3731.128
3448.3396603396604
1256.4524524524525
4501.852
3540.687312687313
6658.562562562563
7743.488
8079.36
8206.336
5711.872
3138.4935064935066
5742.592
7671.808
7999.295295295296
6072.391608391608
3202.1781781781783
7120.896
7845.888
7561.846153846154
5840.896
3800.7927927927926
6750.208
7708.672
8372.224
5349.376
3172.352
6408.192
7309.312
7299.072
5517.312
3440.64
4562.944
6832.128
7353.158841158841
5939.2
4221.053053053053
6821.888
7344.128
4491.264
6403.836163836164
3036.124124124124
3763.5059760956174
6894.522088353414
6013.604
3374.78
3407.872
3516.016
3345.044
3133.006993006993
3240.708708708709
823.296
3350.488
5124.228
5015.96003996004
4675.043043043043
4145.152
6038.64
5979.152
7131.868
6438.252
3629.056
6004.875124875125
7091.123123123123
7294.976
6862.848
3057.664
6172.672
7442.432
7587.84
7291.780219780219
4235.403403403403
4120.551448551449
7613.885885885886
8499.2
7692.288
3706.88
4958.208
7589.888
8175.632367632367
7409.664
3592.192
5291.179179179179
7698.925074925075
7781.98998998999
7365.434565434565
2994.176
5578.752
7371.97997997998
8355.84
7315.456
4296.704
4012.032
7238.585414585415
6711.092
7280.756756756757
4407.296
3780.608
7501.824
7322.469530469531
7466.282282282283
4907.008
4112.367632367633
6180.9009009009005
7145.472
7184.384
4368.384
4487.168
7022.592
7061.504
7360.512
4668.867132867133
3729.041041041041
6283.124875124875
7432.192
7212.076076076076
3744.095904095904
4612.096
7121.873873873874
7528.448
7344.128
4697.51048951049
4085.7497497497498
7561.846153846154
7497.728
7445.781781781782
4870.144
3784.704
7280.64
7610.368
7372.8
4681.142857142857
835.584
3390.7827827827828
7008.256
7268.352
5158.912
3895.296
7172.096
7117.874125874126
7673.337337337337
3296.62
3774.464
5102.5
4443.88011988012
5885.393393393393
4995.456
4908.243756243756
7604.224
4895.147147147147
4327.832
5048.73926073926
3560.936936936937
6451.2
7448.576
7076.955044955045
5322.752
3644.988988988989
7122.944
7518.208
7600.128
6127.616
3928.064
5259.264
7204.864
7766.016
6291.308691308691
2471.936
6490.458458458458
7175.160839160839
6674.456
4408.5645645645645
3041.28
6335.516
5452.468
2916.344
4547.44055944056
3719.168
7326.878878878879
7069.696
5352.904
4079.42
2651.5564435564434
7213.056
4257.5695695695695
2271.38
2463.292
4354.048
3955.928
3933.96
4823.268731268731
4359.311311311311
3428.352
5437.776
4700.367632367633
4376.792792792793
3534.024
3619.2927072927073
2531.5995995995995
4735.496
4720.696
4077.7
4900.05994005994
6676.384
4742.934934934935
4509.788
5437.628
2713.6
6244.251748251748
7720.488488488489
7426.048
6471.68
3575.808
5107.712
7362.56
6971.392
6864.896
3274.752
4730.245754245754
7648.736736736737
7424.0
7573.504
4173.746253746253
3653.189189189189
7155.712
8192.0
9069.714285714286
6644.212212212212
4265.984
6572.032
7090.176
7258.112
3850.24
3979.264
7340.032
7430.144
7503.872
4192.256
3760.128
7718.912
7275.4125874125875
7833.241241241241
4044.8
4292.608
7008.256
7307.264
7596.032
4554.752
1660.928
4122.624
7491.584
7447.272727272727
4756.116116116116
4361.974025974026
7913.193193193193
7772.16
7954.6693306693305
4530.610610610611
3239.936
7659.52
7700.48
8118.272
5306.368
3620.864
6673.902097902098
7667.187187187187
5151.04
3147.7402597402597
3246.08
4795.788
2632.9169169169168
3836.616
4423.612
5143.5284715284715
8163.328
5273.597597597598
3874.976
2194.5014985014986
2180.26
3887.4754754754754
4392.484
3937.508
3725.144
4811.844
4655.552
0.0
4220.868868868869
4868.172
5928.504
5213.416
6602.752
6461.268
5713.672
4284.748
8024.448
6383.616
5270.276
5924.148
3082.88
2301.6983016983017
3349.781781781782
6574.08
5132.407592407592
3712.32032032032
4378.025974025974
2457.293293293293
3510.28
6254.66
2357.5184815184816
3492.3763763763764
1826.4815184815184
5958.694694694695
3070.36963036963
2879.935935935936
3965.022977022977
4337.185185185185
5204.7
5199.332
4096.168
4268.8
2928.48
1668.824
1934.38
92.06793206793206
3245.488
1871.024
1827.888
1529.98
1922.8948948948948
2101.46
1301.1788211788212
1299.86
1054.4904904904904
343.508
2756.1838161838164
1926.9749749749749
2084.708
2162.909090909091
1844.528
1685.3373373373374
481.236
305.996
0.0
3624.412
7148.563436563437
6572.46046046046
4372.203796203797
7043.971971971972
7246.7692307692305
7413.76
7263.327327327327
4214.784
3981.312
6623.232
7063.552
7385.088
4446.208
4055.080919080919
9791.488
8937.461461461462
6003.544
4846.865134865135
3398.982982982983
5650.925074925075
7073.792
6764.544
4069.376
836.4204204204204
5062.656
7539.340659340659
7097.273273273273
5108.747252747253
3960.6966966966966
5346.077922077922
6426.906906906907
6719.488
5425.87012987013
4542.910910910911
1458.252
3467.056
4942.548
3535.728
5849.088
4035.7482517482517
3583.871871871872
5337.176
3740.344
3839.664
3755.52
2901.7102897102895
3102.7507507507507
2414.784
4286.969030969031
3490.766766766767
2557.294705294705
3323.4474474474473
3660.304
4193.488
4501.976
3840.655344655345
4408.324324324324
5215.588411588412
4142.404
4564.328
3925.257257257257
4593.392
3843.044
4513.704
3746.872
4017.4465534465535
3251.3353353353355
4076.552
4504.996
3733.96
4674.864
2827.972027972028
4660.768
4162.01001001001
3531.76
2170.28
2438.532
2124.448
1884.504
1737.1828171828172
1599.6796796796796
4158.569430569431
3561.5895895895897
3096.244
3887.632
3588.4515484515487
3485.677677677678
3239.964
4094.732
4386.636
5405.728
2893.508
2882.756
3854.5774225774226
4666.858858858859
4812.464
4903.92
5648.124
3244.032
6500.352
7094.272
6811.648
6322.176
4259.676323676324
4928.32032032032
7294.976
6922.616
5691.384615384615
3629.129129129129
5582.848
7364.184
2954.5574425574428
6474.058058058058
3375.104
866.304
5728.256
7081.984
6483.968
4204.544
5988.507492507492
7287.927927927928
5714.004
6334.001998001998
4251.803803803804
4198.4
6979.584
6963.2
7309.312
3812.5994005994007
4175.951951951952
6974.657342657342
7499.083083083083
4775.868
2255.784
4640.204
3854.96
3781.5104895104896
3679.127127127127
3073.966033966034
3186.856
2594.798798798799
2425.3226773226775
2198.866866866867
2637.26
4.044
4443.008
2402.76
4122.428
4118.76
5543.028
5912.963036963037
5904.24
5212.82
5303.779779779779
3618.816
7143.424
7823.7282717282715
6203.392
4760.216216216216
4859.904
5728.256
7057.408
6795.264
5657.062937062937
4468.736
5125.125125125125
6748.16
7049.216
5894.144
4145.152
5143.5284715284715
6955.81981981982
6549.504
5818.368
5345.28
5017.6
6754.304
5709.824
6581.834165834166
3521.985985985986
4392.96
6684.672
6813.696
6647.808
3690.496
4445.858141858142
6727.68
6523.259259259259
6542.961038961039
3839.743743743744
4780.032
7041.024
7016.448
4401.504
1675.38
1310.72
6875.136
6987.776
6569.558441558442
4216.952952952953
5308.416
6828.032
7309.312
6903.808
4665.344
3182.592
6721.536
6774.784
6672.384
4008.023976023976
4593.664
7093.173173173173
7455.456543456544
7072.672672672673
5720.064
4110.336
4657.152
6852.608
6934.528
5230.592
3723.6363636363635
5640.192
7335.936
6955.008
5541.888
4407.296
5531.035035035035
6848.512
6619.136
6469.306693306693
3866.624
4928.32032032032
6383.616
6746.112
6658.048
4136.919080919081
4272.304304304304
6737.758241758242
3674.7867867867867
3155.02
3830.133866133866
7154.674674674675
6562.864
6939.84015984016
5937.876
3312.880880880881
1153.918081918082
6974.27027027027
5549.414585414585
1197.7577577577576
4864.716
6075.152
5966.508
6427.504
5181.31068931069
3392.832832832833
5615.616
7301.12
5449.568
5882.505494505494
2726.5665665665665
5734.4
7278.592
7053.312
6743.464535464535
4145.201201201201
3538.944
5683.66033966034
4368.384
5020.572572572572
4435.968
5447.68
6656.0
5472.848
4436.968
3875.088
4925.122877122877
3872.908
3595.2112112112113
3812.3756243756243
2846.322322322322
3623.3006993006993
3261.3773773773773
3083.12
4705.150849150849
3432.528
5436.726546906188
5190.150451354062
5327.296
5270.801198801199
832.3203203203203
3276.8
6125.586413586414
7103.423423423424
6733.450549450549
3763.891891891892
5062.656
4357.418581418581
5064.152152152152
4468.076
4301.416
4595.712
5535.064935064935
4494.302302302302
4307.1808191808195
3774.13013013013
3477.1108891108893
3319.3473473473473
3106.208
3936.6
3674.965034965035
4195.087087087087
2947.368
3594.324
5220.363636363636
3665.1491491491493
5657.674325674326
4793.705705705705
4868.432
4969.994005994006
4566.02
4317.405405405405
6627.328
6516.679320679321
5986.746746746747
3497.82
4300.8
5545.984
6959.104
6746.112
3719.2007992007993
4633.113113113113
5024.847152847153
5941.945945945946
5778.116
4677.632
3969.024
6946.013986013986
6549.504
6873.817817817818
5036.032
3837.952
7131.136
1705.188
2411.936
3631.336
3171.828171828172
5836.672672672673
4907.816183816184
4021.061061061061
2808.912
4767.744
7008.256
5946.472
5711.052947052947
5376.816
4374.528
5116.924924924925
6435.356
3453.576
2513.7902097902097
1435.4714714714714
4941.068
5189.312
6342.06993006993
5092.992992992993
4786.176
5849.088
6647.808
7050.357642357642
6125.54954954955
3342.336
5189.632
6843.716283716284
7281.777777777777
5851.136
4077.568
5476.352
6811.648
6422.528
6049.792
4149.248
5182.401598401599
571.8396624472574
1470.1082164328657
1430.228
1512.2917082917083
1481.5855855855855
1610.86
850.588
0.0
957.2
1196.904
1649.952
1540.38
2124.832
1376.3836163836163
1781.6856856856857
2131.188
1770.9530469530469
1977.412
1911.3793793793793
1534.88
1318.3736263736264
2453.388
2657.981981981982
2935.428
3373.112
3440.7992007992007
2667.6636636636636
1852.995004995005
1883.6916916916916
1777.5824175824175
1983.2
2099.295295295295
2368.54
1758.6253746253747
425.3613613613614
2035.812
1228.147852147852
2057.861861861862
1776.612
4140.475524475524
1886.2782782782783
3785.728
3071.084
4038.084
3222.4135864135865
2976.976976976977
4323.82
3215.544
2864.068
4185.988
5224.824
4302.012
4672.98
2874.1
4842.401598401599
4251.628
4315.235235235235
1603.384
4010.984
1772.1958041958042
3802.536
2167.227227227227
3190.017982017982
3326.4864864864867
3096.04
3297.86
2949.6103896103896
2928.396
2856.4684684684685
3802.708
3185.488
4839.708291708292
2529.872
3665.4894894894896
5096.235764235764
4777.417417417418
2896.6
2813.972
3684.352
1952.3796203796203
2296.5925925925926
1675.564
2059.096
1372.163836163836
2706.8188188188187
791.276
820.932
1080.015984015984
2341.121121121121
2233.636
2914.572
2958.664
2832.148
2931.9
2467.328671328671
2057.109109109109
2059.012987012987
2494.208
2344.172
3026.674674674675
2677.044
3310.877122877123
2875.88
3238.5425425425424
3070.213786213786
3357.053053053053
3171.7762237762236
2753.886113886114
2581.5791583166333
219.724
4193.628
2821.3706293706296
4125.529529529529
2816.888
3605.816
2655.3
2831.084
1603.212
3234.6613386613385
1937.6656656656658
3221.648
3176.827172827173
2130.6226226226227
2265.988
2334.736
2568.871128871129
2653.3653653653655
3351.8721278721277
2673.70970970971
1883.176823176823
3696.6086086086084
2485.712
2815.564
1743.7122877122877
2533.861861861862
4741.848
3631.408
3065.352
2983.308
3017.34
2125.952
2456.704
1770.468
3006.688
2221.504
2241.724
3053.196
2774.208
2911.86
2650.033966033966
3274.4224224224226
3371.096
3235.2
2986.877122877123
2710.842842842843
407.096
2701.392
0.0
469.67767767767765
1856.2317682317682
2022.6746746746746
2247.22
2220.052
2361.696
2004.476
1814.408
1890.648
2148.3596403596403
2038.4544544544544
2418.872
2799.6923076923076
2706.898898898899
1357.332
1622.992
526.5414585414585
0.0
3520.692
5615.692
5881.856
5683.2
5398.644
4410.829170829171
4791.53953953954
4088.8151848151847
3236.168168168168
5031.864135864136
7082.922922922923
6708.683316683317
5502.334334334334
3431.064935064935
6420.756756756757
6762.496
5680.631368631369
6219.851851851852
4296.704
4927.488
7660.051948051948
5992.2962962962965
6250.496
3280.896
5761.024
7141.376
6903.0489510489515
6643.712
3880.96
4760.216216216216
7040.127872127872
6841.017017017017
6426.624
3396.2837162837163
5071.823823823824
6948.05994005994
6793.865865865866
6778.88
4063.2647352647355
4489.60960960961
6518.784
7106.56
6750.208
4603.904
4304.687312687312
6351.055055055055
6672.384
6526.976
4333.568
4026.368
6995.116883116883
7025.521521521521
6787.072
4278.272
1572.864
3891.4045954045955
6900.468468468468
6895.616
3758.08
5107.712
6926.336
6696.96
6942.72
3426.304
4454.4
6955.008
7118.848
7045.12
4913.152
4177.838161838162
5979.995995995996
7450.624
7027.852147852148
4790.9669669669665
3973.12
6270.849150849151
6656.512512512512
6397.952
3952.64
3547.136
6774.784
6729.728
6854.656
4677.632
3821.568
7225.344
6890.773226773227
6878.04
3807.232
3788.4924924924926
6680.576
6522.88
6725.632
4882.432
4665.344
5980.16
6718.913086913087
6654.462462462462
5009.408
3600.879120879121
6008.696696696697
6744.064
6868.992
5083.136
3262.464
6328.32
6819.1648351648355
6882.018018018018
4902.912
4398.801198801199
6291.456
6824.616616616617
6758.4
5603.328
4177.838161838162
5795.491491491492
6598.656
7311.36
5287.936
4761.6
5924.864
6727.68
6522.501498501499
5629.437437437437
4149.194805194805
5598.686686686687
6139.904
6621.184
5588.992
4059.136
6205.44
7180.288
5526.393606393606
4078.892
3538.386386386386
7020.544
4917.944
4944.492
4852.803196803196
3124.2762762762763
7103.836163836164
5318.066066066066
5410.961038961039
4115.327327327327
3665.92
6843.017964071856
4711.9478957915835
4913.404
2906.4535464535466
1200.052
1837.86
1458.6466466466466
2069.18
2278.164
2990.52
2711.476
2044.2197802197802
3859.768
3420.612612612613
3412.951048951049
4376.808
4314.850850850851
5065.548
4645.536
3973.2427572427573
6865.617617617618
5146.004
5417.586413586414
5139.535535535536
3858.432
6748.16
6358.124
3880.46
4619.468
3545.088
5783.56043956044
5038.798798798799
4962.0579420579425
3535.387387387387
4558.848
6037.012
5091.968
4919.32
4390.568
3026.944
3145.728
5976.231768231768
7013.221221221222
3378.684
4243.456
5926.912
6012.036
5082.336
3143.140859140859
3001.2732732732734
5564.416
6549.504
4777.984
6850.56
4673.536
4959.392607392608
7065.6
6663.548
5759.692
3464.5845845845847
4820.992
6641.664
6717.44
6676.48
3919.872
3680.256
6985.728
6895.616
7038.976
3964.928
4022.272
6660.096
6858.752
5843.16
3704.832
4597.76
6979.584
6686.177822177822
6713.913913913914
3629.056
3399.68
6612.523476523476
6732.3643643643645
6754.304
4481.024
3600.384
6643.212787212788
6884.068068068068
7202.816
5585.454545454545
3895.095095095095
5873.664
6688.768
7602.176
4153.344
3297.28
7151.616
7016.448
5348.256
2519.812
3801.088
5060.328
5433.788
7151.616
5963.776
4341.514485514485
4891.41941941942
7016.448
6894.865134865135
5945.145145145145
3923.968
1130.496
6656.0
6823.936
5152.768
4124.672
5902.336
6305.630369630369
6703.663663663664
5992.448
4497.408
5192.631368631369
6695.463463463463
6746.112
6045.696
4481.024
3993.7022977022975
6336.512
6759.015015015015
6798.705294705294
4196.452452452452
4233.216
6545.408
6776.832
6621.184
4120.576
3764.224
6699.008
7215.104
6836.224
4403.2
4157.44
6754.304
7132.195804195804
6592.960960960961
5156.864
3201.024
6434.816
6529.024
6746.112
4288.512
3885.056
6540.915084915085
7129.088
6680.576
5403.931931931932
4591.120879120879
5245.8261738261735
6944.320641282565
6230.016
6373.376
852.7359617682198
2502.081918081918
2727.6876876876877
2725.656
3452.819180819181
3282.38
2565.1131131131133
2444.4355644355646
2641.64
3392.736736736737
4303.664335664335
5477.78978978979
5598.78
5101.31068931069
3354.962962962963
4749.664
3492.668
3113.336
3791.6923076923076
3523.564
2937.196
2886.1421421421423
2341.476
2137.928
2683.8801198801198
2545.024
18.89089089089089
0.0
4725.805805805806
3840.5834165834167
3041.121121121121
2523.456
3113.908
2887.388
2582.396
3111.116
2969.2667332667334
2730.2782782782783
2266.688
1881.756
670.6333666333667
809.6096096096096
1733.528
1658.04
1415.4
2034.132
1742.964
1716.004
2265.988
2316.464
2741.186813186813
2953.7257257257256
2914.04
3093.504
3087.432
3446.816
2708.1198801198802
2760.924924924925
2344.016
1417.304
2710.272
1628.384
2410.208
6988.172
5046.272
2852.05994005994
4186.112
5904.144144144144
7217.152
6299.648
1724.416
4026.368
6539.264
7284.736
7319.552
4886.528
4820.267732267732
6843.067067067067
6930.432
7753.728
4630.528
4028.416
7109.69030969031
7109.573573573573
7127.04
4507.648
3690.496
7081.984
7090.176
5054.332
3502.488
4791.768
5349.664
4879.292
4787.732
3793.12
5056.5
5734.348
6700.7
6619.136
5180.3556443556445
4106.25025025025
5873.664
7407.616
7128.103896103896
5531.035035035035
3647.936063936064
6437.157157157158
6937.83016983017
6978.37037037037
5718.016
4325.376
6494.208
6870.313686313686
7294.976
5241.977977977978
4057.088
6240.256
6428.672
7017.622377622378
6023.047047047047
3416.064
5451.776
7077.888
6739.968
4214.784
2766.12987012987
4973.421421421422
5895.98
5850.892
4775.936
2729.302697302697
4407.607607607608
7282.688
7181.298701298701
6414.336
4752.016016016016
4177.92
6483.968
7529.110889110889
5323.97997997998
917.504
3457.024
6684.672
6934.528
6258.688
4755.456
5365.76
7163.904
6979.584
5882.117882117882
3866.624
5239.927927927928
7000.064
7050.357642357642
6025.216
4458.496
4708.352
6400.256256256256
7131.136
5861.376
4112.384
5245.8261738261735
6909.186813186813
7089.073073073073
6504.808808808809
2428.9816700611
3095.8278278278276
3337.228
3330.908
3535.804
3422.572
3640.948
3819.108891108891
4100.616
4392.244244244244
5402.661338661339
6191.803803803804
7352.384
5580.688
4954.084
4633.364
2606.6093906093906
6640.888888888889
5557.756
4989.788
4661.176
2848.768
7170.048
5022.856
4987.236
4411.472
2875.252
6976.624
5463.368631368631
4982.45045045045
4873.992
1192.6
3391.488
7671.808
6789.9
5321.688
3551.232
6320.128
5115.456
4995.248
5038.644
3718.72
6334.273726273726
4866.196
4956.568
4852.2
3178.094094094094
7035.084915084915
4663.351351351352
3064.983016983017
5082.402402402402
2246.4575424575423
3274.752
6893.825825825826
3531.216
4160.368
4441.66
3264.332
6429.164
4808.936
3787.104
3056.952
2497.584
3651.732
3144.884
2783.62
3171.3246753246754
2795.895895895896
3629.672
3792.8231768231767
3501.3613613613616
3461.164
2023.076
2682.001998001998
3349.78
2925.16
2554.3183183183182
2539.736
3076.999000999001
3025.276
2636.324
2011.216
3080.5645645645645
2973.648
3414.524
2735.092
2770.972
3133.72
3188.216
2995.256
2124.448
1707.916
2331.604
2225.984
1214.548
3165.712
3009.3266733266732
3984.940940940941
3167.976
2560.756
1788.5394605394606
1619.4754754754754
917.0709290709291
886.5225225225225
1130.5414585414585
823.7517517517517
1511.108
2832.148
2285.270729270729
1907.97997997998
2829.66
2937.784
3223.716
2777.9140859140857
2982.294294294294
2038.176
2052.408
1633.024
1781.6223776223776
1178.152
2071.83983983984
1789.556
1962.688
1709.264
211.636
1500.056
2153.5664335664337
1316.964964964965
1143.104
1954.6933066933068
2476.38
2220.224224224224
2797.1
3304.648
3296.044
3990.5974025974024
4515.287287287288
3307.7
3768.912
3485.952
2414.32
2361.644
2523.344655344655
1653.2372372372372
2190.5
2225.548
1875.068
1953.252
1976.8871128871128
2477.624
1742.964
1953.8578578578579
595.816
4101.964
1983.812
3760.12
2840.6353646353646
3000.7007007007005
2974.096
2191.692
1833.28
1233.5344655344654
1201.6216216216217
680.04
2123.1
16.176
177.94605394605395
3669.041041041041
3788.88
2412.4355644355646
3428.1161161161162
1425.536
4422.40959040959
3495.87987987988
2286.056
3898.956
2278.664
3296.36
2892.308
2741.832
2022.0
2163.592
795.244
2939.068931068931
1891.7877877877877
2910.117882117882
2804.052052052052
3608.492
2983.048
2600.448
2480.008
2632.54
2153.092
2073.432
2179.508
1523.064935064935
1624.6166166166165
727.1928071928072
2513.837837837838
2000.432
1819.8
2567.94
2768.227772227772
2043.7437437437438
4958.308
2028.7072927072927
1737.961961961962
1230.724
954.7772227772227
792.0680680680681
2592.3076923076924
1404.124
2496.988
2688.6046046046044
2042.1738261738262
1995.6876876876877
1973.576
1854.2377622377621
1964.6526526526527
2174.324
1620.296
1454.4375624375625
1788.5885885885887
2043.516
1716.2837162837163
110.64664664664664
2410.328
2633.292
3007.984
2582.8811188811187
2607.784
3506.042042042042
2507.444
1265.8541458541458
1318.3143143143143
1197.1748251748252
1202.2702702702702
2305.08
3101.4465534465535
2807.892
1914.6146146146145
1089.884
1448.4
1838.388
918.972
2970.292
1896.636
1078.4
0.0
4639.816
2584.116
2099.724
1623.452
1422.14
1333.872
1890.544
1602.904
1365.392
2572.107892107892
2132.536
2505.932
2157.60960960961
1975.5404595404596
2044.2642642642643
1871.024
2039.524
1753.748
1466.624
963.82
765.664
1296.776
792.08
475.04
235.66433566433565
1624.6166166166165
444.84
64.704
0.0
0.0
0.0
0.0
0.0
907.204
1872.372
775.1
0.0
2654.212
1105.36
1005.9500499500499
634.1941941941942
882.94
1305.564
1053.436
466.408
1993.692
1140.46
1215.976023976024
987.7237237237238
