-0.06635505473162742
-0.1478251093002968
0.03141699473057083
-0.023758599807357488
-0.10349505704086823
-0.3266693128940305
-0.12249661258972588
-0.09827613631272035
-0.01922353914500093
0.024655894682697552
-0.13639225377140426
-0.08090924289911183
0.19806801355779888
0.010307991501168167
-0.16816623356207275
-0.048585531846991215
0.009730726583607852
-0.06914913609261372
-0.002057115138040004
-0.0031562872022505373
-0.15813905902160982
-0.3671465399518944
-0.2638972899993537
-0.019311155014068094
-0.1789535819147311
-0.05590478728571372
0.1945349989108092
-0.10331003366130699
-0.138743414990731
-0.05271577092144564
-0.02405497798629769
-0.04763136571996387
-0.619163266753368
-0.4501298894270452
0.06907149635172607
-0.08916815946943354
-0.42229186644378464
0.1098859216344721
-0.031958980077405164
-0.18673498994539853
-0.10006806940964526
-0.05136510108643717
-0.0020042322269254553
-0.04580593652118892
-0.04958675968070317
-0.03693091541126152
-0.10061916196202306
-0.02844395169226799
-0.11128212547805715
-0.08387535294488085
-0.013913326277494142
0.23727651535417776
-0.027234711636381182
-0.5042564425894451
-0.10236343918565449
0.010876947853804381
-0.2668084057716833
-0.09002957290212897
-0.16623114564294678
-0.06111443428200699
-0.046342298941126236
-0.06938479132042447
-0.07812223114035241
-0.12701594555717202
-0.37126252160569756
-0.11790119320964863
-0.05738663034820921
-0.022904164400734502
0.015469743227876906
-0.10341526930233111
-0.06458077925368849
-0.09359097373385503
0.008777468334219574
-0.04413845554329715
-0.11189611428080229
-0.3925119821963087
0.12467786795364741
0.34146258086398784
-0.004920649441962833
-0.04844122879360678
-0.07626758396327675
-0.399617448016307
-0.1492807514749025
0.38381381433427547
-0.028774215331841553
-0.10726575442964492
-0.04648001911857961
-0.051321525143036686
0.1364896989663552
-0.2582445145345984
0.01765842990371945
-0.05447843411204956
-0.13749616935906123
-0.4341929733966401
-0.11781513383103738
-0.11452072387406413
-0.005874696592360919
0.10004104475294455
-0.0870968940052424
-0.06369162619619168
-0.27543081996823254
-0.03878081965508437
0.0726206411137122
-0.11955671238708693
-0.09087775125939453
0.08142696445548728
-0.14343908211652115
-0.008777458831350131
-0.046673776296055326
0.011659976677774096
-0.10223134850223599
-0.011458417276420265
-0.02440347700700693
-0.02816652163423645
-0.3467508867355129
0.009014737909039958
-0.0013467482955968751
-0.02245284613824016
0.010203024091274222
-0.008554074293716504
-0.050118774717722685
0.06633189018338005
-0.06244437567490655
0.014002071954108781
0.11759586099297865
0.06802703466578264
-0.1101510872868208
-0.021315595809640587
-0.21890522395062476
-0.03366935436390263
-0.021843577192692164
0.18809534783592777
-0.2944661748071611
-0.10193140621133387
0.040108849734519406
-0.021830323476933165
-0.027336148636869298
-0.01924197540606549
-0.11206705726018629
-0.10480330318576772
-0.23386535370292208
-0.026525263916554097
-0.025578087730278424
-0.11349497478855258
-0.05884599611286182
-0.3918021861497968
-0.07676636440465041
-0.17078303418708857
-0.3658976492639155
-0.03121877993251489
-0.06803480975158586
-0.037943252180040056
-0.09591773344670222
-0.3393673463688779
-0.050689763436649056
-0.061254466493566126
-0.2967779510167561
0.0025621173214669204
-0.11232452996413755
-0.1694653319475846
0.009794847517710023
0.2996351010501664
-0.006117751579285599
-0.00026515456705731953
0.06756212508526374
-0.020677790923112407
-0.04247663582372441
-0.1314636261678433
-0.17582259990359558
0.008734118429005108
-0.12808426630975103
0.12748470111753563
0.05270092874309614
-0.10111504555286902
-0.12496477789257261
-0.07026072092789261
-0.07860128145692509
-0.2715041523208353
0.0036213318977466416
-0.01645829204308812
-0.11417589187301692
-0.13931179732992993
-0.23035499878047108
-0.01970592636130091
-0.04233138842526074
-0.0940754618742193
-0.03233128973858141
-0.10519462053896164
-0.08442948308811843
-0.7412331004005532
0.029135280519167365
-0.007055157566141935
-0.12710299181912424
-0.058405744211894386
0.0008297221936697404
-0.037569795329525923
-0.304273588578067
-0.017192269551844754
-0.0564310696563713
-0.13375898033020658
-0.032071409805307226
-0.03788363129324829
-0.042626769294689955
-0.020830697457067015
-0.14742218372073568
-0.0704738047314676
-0.04070209620957208
-0.057726128916973346
-0.13045574752125894
-0.21976478013565512
-0.31364596957375956
-0.14661388002680772
-0.0921377388783292
-0.09284514126349586
-0.22526516973125674
-0.11566003850073545
-0.0303715503629047
-0.04251998642474166
-0.02986942977169006
-0.2148560014643108
-0.09381680781925068
-0.07139729212493755
-0.10089860695844244
-0.10063327699946426
-0.0900509250115141
-0.04401711238579131
-0.032265204332521245
-0.7094241158931059
-0.1105600712211166
-0.06405274677668302
-0.39673404042373756
-0.09471665293623152
-0.10966207461302728
-0.19114819323223617
-0.2943475191514556
-0.1544819180487245
-0.02730695302554341
0.060935672220863005
-0.9890979684653388
-0.01821474670111051
-0.010448889234826217
-0.43513901175465974
-0.08573076736163891
-0.02621700229655244
-0.2148017059997131
