0.20922339200775208
0.2231064216355632
0.18214691521165657
0.2090728028615316
0.20449397746299885
0.19806939125061035
0.1842220900533721
0.18859894896662513
0.17341661086039423
0.19136437289322478
0.2461405139695853
0.32654706654341326
0.16659633832028384
0.18700382543437055
0.17791091110091656
0.1953953080517905
0.17371772763071694
0.17705719716800664
0.17188137062825262
0.16764348165612472
0.14972749898613302
0.17014917002440735
0.16660923693329097
0.18008946415356228
0.2122429235186428
0.17020438926560538
0.20643689379541208
0.20430894404864142
0.18070587326786147
0.21109449935786298
0.270207704231143
0.28333588925036757
0.20343395634397626
0.20145439613697141
0.18141871130151152
0.19396365845904634
0.20917954205861405
0.2096098484611511
0.15509274862121214
0.15558226587884713
0.3057309561269358
0.3540789618426265
0.15435430864865274
0.21102495899567236
0.16963960717817722
0.2144070397890531
0.30371397759765384
0.30957904529898134
0.18306446533184498
0.21582450712428375
0.1538352707680315
0.16243539885735847
0.18026031363755468
0.14519337372041086
0.17614814245142044
0.19434601297745338
758551.2
0.17073715459014824
0.19442581048378577
0.22959326433949173
0.2416964502675193
0.1523642662819475
0.15602938535325814
0.19164047504058443
0.2007685725939901
0.2001734338281676
0.324113471034455
0.15323152026627213
0.22220560754046723
0.20342558681499218
0.1893746771374527
0.19237957698988137
0.20953370978957728
0.15744920988997263
0.22393873060450836
0.20325182428117844
0.18091731024615337
0.2861669366620481
0.2953125400896426
0.1911511920952225
0.2268458080291748
0.18809697188151056
0.20691947271949365
0.1622254422798003
0.1705581685212942
0.19177978241350502
0.19216415363389092
0.31037034284323456
0.3245871470655714
0.18050218869593676
0.1894527073486431
0.21983028853777797
0.22794882232859986
0.1940924726871492
0.213621894632067
0.3211898671556264
0.33032577622104703
0.17319853964868362
0.19247244127048468
0.1836989199263498
0.19910673167076579
0.18928200691938402
0.1919155492401123
0.19724430840462445
0.1504428662329304
0.22749032647814602
0.23368595991984453
0.18052594231441618
0.2715573117809911
0.17127910751849412
0.18881182602473667
0.15470851487844992
0.1530257584295775
0.1585647097416222
0.20087110715943413
0.20926657267380505
0.22810675283432005
0.17065585130359978
0.19902416897646955
0.17515099879354235
0.18585525299873817
0.19376960820791625
0.2027493373171924
0.1728036570549011
0.18479360273906162
0.16552030213821156
0.1784511174402739
0.15056142283603552
0.16968512432198776
0.1498650357732549
0.2055043068549616
0.2959773016674444
0.3308733786970082
0.1642469465849038
0.17367252539439373
0.16508175977040082
0.16886281953574464
0.19517473252490164
0.19215542952817186
0.3016464746138081
0.33284132602009386
0.18574130218698864
0.1977366202218192
758551.2
0.18335443364456297
0.20051475362777713
758551.2
0.1978880493312784
0.19615109324455263
0.23517936816439033
0.245559822250815
0.3017126829409972
0.33547315979133047
0.1614831883934909
0.22486727476119997
0.18477676395761794
0.16173919098000777
0.25344244206324223
0.16690133169585583
0.16279925454007818
0.16360033260108278
0.1790176549321041
0.1876894901127651
0.20975829658574632
0.22575605508259364
0.1615983373997733
0.22617585259514886
0.1890785809140652
0.21730437356072502
0.2793632182199508
0.17213975585025293
0.3138311971258372
0.32286144356978563
0.15607340821530669
0.1728147400939275
0.1689825742411532
0.1768368875225888
0.1841623628058038
0.1936138561389429
0.1937609815127803
0.1673146034746754
0.1900145838689059
0.23908480783462524
0.1880947189824656
0.18477326157205393
0.17588672532700003
0.18546875870391116
0.16504663456231355
0.1877399145802365
0.159987541702576
0.22945300814083644
0.1425268952858216
0.15931872052844293
0.1431312229204923
0.1595227141783271
0.184007720365189
0.18508870989298648
0.18087427588179705
0.16277942435364975
0.1467777863509528
0.15956167565108584
0.17982713707845835
0.19128061987319084
0.15673918686807156
0.19990998962829853
0.20106353837300273
0.20886094719385928
0.20628787165042012
0.19130711415718343
0.30235693670059016
0.33850573801994327
0.178094550287351
0.1942793825290186
0.2041838766867295
0.18755780341737557
0.3011974664393393
0.34440095456121983
0.14360858475278707
0.1448691031932831
0.1877640407752669
0.19652769761085512
0.1845172530040145
0.18236578613734075
758551.2
0.16442187941167502
0.1812309498672026
0.17754149444004141
0.17957583896721466
0.18307507093064487
0.18754273921465703
0.27521488736849276
0.28296673344762135
0.19178523186128585
0.25828693107196266
0.1905657644988969
0.1888478640775035
0.19858400065917522
0.19885144332359578
0.28783162469211127
0.2942942638750429
0.19718988038289328
0.19517794728279114
0.1758607113873586
0.1773650369779119
0.18659557741419772
0.19594751912194328
0.20662024868991619
0.192914737044154
0.20696160294115545
0.2198851910254938
0.16362739986150976
0.16133627723498517
758551.2
0.19370893422048538
0.17092956531879513
0.19535011890809983
0.18206102959717377
0.18638794236781778
0.2069187768767862
0.1932392211444676
0.19735823027695282
0.19138948702719066
0.23328564554667303
0.2016760959662497
0.20846639990806579
0.1826363756666184
0.1866258074366857
0.21805925878696145
0.17704332665658334
0.16358067008666696
0.21174964427947998
0.17117001068994572
0.18861761058078094
0.17967328408166378
0.1724667953291247
0.1777204896306661
0.1816001854077825
0.15650778856128456
0.16078610873222354
0.3037031450495124
0.30954699349729986
0.1489926552052392
0.16568982362747192
0.3002244916278869
0.3316890100477573
0.1770506722275871
0.2184566903114319
0.18876439644160972
0.19377142187527246
0.20892173104453832
0.21426554940995715
0.1827865668958738
0.20353192369740708
0.18699102493468672
0.19799469806113335
0.15952764176763598
0.2220309205635174
0.20786333844127508
0.22382025122642518
0.18089630752801894
0.21179032780089468
0.15612288433592766
0.21324788071074577
0.1946438973210752
0.20072044231674888
0.16992999807465822
0.18149115316475495
0.12753339471295477
0.132372426469925
0.18315582619979978
0.2007237179164427
0.15787257908377797
0.2114493773118505
0.18703222224488855
0.19651284134551272
0.15931127952877433
0.16906980696271678
0.1564047274756697
0.20282220202523307
0.161968668368645
0.16155368563788278
0.30816930793600855
0.3427842805992943
0.18200148074887693
0.21284442209893728
0.2023954209216825
0.20041298863547188
0.24565316199299378
0.1720468519759302
0.16520961145870386
0.1662203228201185
0.16432304370217024
0.16436661470768063
0.21063648554962128
0.19640543696539742
0.2963542347913608
0.30248218569755553
0.21427713877521457
0.223378910764319
0.1641143189650029
0.18568938244220823
0.19641112663884783
0.2309446415744844
0.2118155291117728
0.20996550719540819
0.2073852899616621
0.23394808266983658
0.21283831145125204
0.18570468292952821
0.21117566808126864
0.20004651424544198
0.18218120283320643
0.20060246345656257
0.3010235811257735
0.3386409260815826
0.19983276570215822
0.2138731598854065
0.1688599966885522
0.18213260881508453
0.18039759747822756
0.229376294262269
0.18501630330923943
0.18434629786846252
0.2131911734457291
0.21669993603930757
0.18336346332449466
0.20429915028649406
0.15381168961059302
0.17523947254059805
0.18778045168612154
0.23103661740527437
0.3211444815248251
0.3274729310290915
0.21025375054653697
0.2191540837287903
0.30539029389146366
0.3341200268412067
0.2641840406972915
0.2727254514613848
0.18285871762316674
0.2020944710357769
0.17203967217355967
0.18656489276582267
0.16456068992841869
0.28653852032811455
0.17946827607695012
0.1742394175091568
0.15311350017320366
0.1541937400424291
0.16468261689879002
0.1856142702072289
0.17677459987811744
0.18709925194175875
0.15050043064464036
0.15037555709717765
0.17169431388378142
0.17814483411563847
0.15321159720886499
0.1998298397033837
0.30392451789230107
0.30914967012732
0.14918290115427227
0.15760145184084856
0.30133948554284873
0.3416463478622892
0.14125602059997616
0.14578630032410492
0.2141382599528879
0.22225059483872087
0.19309414490126073
0.2013251244681222
758551.2
0.32852251489646733
0.33536586801211044
0.30116312235593795
0.34556124750980544
0.15045189312193544
0.16105481045929035
0.1799076894537371
0.18723030953872494
0.1739042494399473
0.1839430685623272
0.14402186590246857
0.16281034607818162
0.17028241336345673
0.20770449049724554
0.16787934361957013
0.22053402312053655
0.3012604526616633
0.3454294165250222
0.3089445262262598
0.33740997631158404
0.30158890345133843
0.32958996779578076
0.17942551064305004
0.21984382875217412
0.15973912945817026
0.1782145633213762
0.18175025756223087
0.18727029466325307
0.18799635466354972
0.19598995711174477
0.16621673692949115
0.17118153608008607
0.17402211636770518
0.2114118124568273
0.3028121471405029
0.33122101615411814
0.3126173421787098
0.3349373738815647
0.30104748191311953
0.3314227534665002
0.3021909823361784
0.33260145116835527
0.29586568254977463
0.3225086609425448
0.19089144904632122
0.1992939394124797
0.2426233080169186
0.2504515986259167
0.16856950608782945
0.2881567789107254
0.3117046200344339
0.346166705025392
0.312428378937766
0.33244027477971627
758551.2
0.17327422644194704
0.2420180103995583
0.17724254111759363
0.1940303613701645
0.291494549815543
0.3234604468867059
0.1736345994193107
0.20682453938091502
0.15025932750664653
0.194487787787594
758551.2
0.1884479744477275
0.21755977899280948
0.17231127194594592
0.1770165677547455
0.19017125145498368
0.17858303841049147
0.1899457504644656
0.3778207063674927
0.20553279412910339
0.2092765219129365
0.1633810467226431
0.16508819718291795
0.15416711763478816
0.22125124484745426
0.18528686855454
0.20117165397775583
0.19054639094974846
0.1955419461188778
0.17831970295073954
0.21662307935792047
0.28116049436386675
