-0.1288101625735697
-0.5656341712113538
0.4288862646122337
0.23677579103179178
-0.0349225152191695
-0.21864775514967363
0.00047263697995178765
0.04104134106348234
-0.08100180836242611
-0.01697359640602878
-0.009749284404546973
0.029476444669918136
0.02872251417370985
-0.04742777165725504
0.039899924717898445
0.12852053017075565
0.11144184682909022
-0.023051727135342308
0.11382606221651308
-0.13668839902855018
0.011645929407294316
-0.002996258982552402
0.02237312784837145
0.009125993329488135
0.023637690839075628
-0.076971864563545
-0.010686151868812596
-0.5757138266165517
-0.07391614169446283
-0.0015887311759408026
-0.07989505627784733
0.0027771599595668344
0.002187799176542842
-0.1707800236400685
-0.14265831783257477
-0.11431688149412579
0.06095913373869114
-0.036130742101832446
0.05990813788552176
-0.027038069039359004
-0.09483630134236284
-0.13612325532610178
-0.28710019256605285
-0.48504358652106405
0.015646183597186496
-0.43377626837502214
-0.03638337524392751
-0.09624698710697471
-0.34025110947164844
-0.07438082649106323
-0.009821794936608993
0.005398286316714673
-0.1497785906932377
-0.00012212929718826378
-0.11556913267490877
-0.027317818306347372
-0.10867606355274133
-0.10051430139438314
-0.2693098625703679
-0.02114340933891231
-0.10340233013039345
0.177766779598254
0.08245416392017696
-0.07577923176445897
-0.12518509505154482
-0.02625612238922781
-0.04402365439055765
-0.15270798433249005
-0.09253432645327463
-0.022294022188523718
0.14996537433968804
-0.05536566007695814
0.16960176947082214
-0.0002923602835088287
-0.12625098704444884
-0.11684253276617539
-0.008402697648957834
-0.030732944029024423
0.005111981606805601
-0.10936840420309202
-0.07287998332834916
0.08629287334924975
-0.03861254633166457
-0.055954434937553185
0.10135557017472253
-0.008411804494784066
-0.023606094898715152
-0.022472003601128592
-0.024573849935616524
-0.01901592293625877
-0.02381136728237896
-0.12440064841418995
-0.042636661098522384
-0.08226108889120091
-0.06501708387208953
0.061579582607623716
-0.10149187986768433
0.21218744665441894
-0.053770418382489485
0.01088072573170068
-0.020666512447446377
-0.11793531948279713
-0.040802342562355404
-0.02232737273905852
-0.03707931492201233
-0.23207777954324912
-0.008802319496261557
-0.03845492966358969
0.009550846008545475
0.2573288870027506
0.05569853935190181
0.10119197282023143
-0.022845310094196315
0.011213101799234362
0.14886214092802014
-0.07385298111942316
-0.1671930844249759
0.2210852073256067
0.18612821459167395
-0.09904207551632564
0.13298819801378053
-0.05008766116614907
0.1612154604338204
0.10456673345617445
0.08527620470296006
0.27013140132160307
-0.013640234045570234
-0.035565996158404375
-0.12052603938229432
-0.27086816102433425
-0.022777758115101455
-0.0008709713575575177
-0.05742888723085382
-0.11864349335106453
0.012205774000576288
-0.03178358567968838
-0.20309075894527914
0.017805965808277667
0.1610404258224861
-0.08587418720052609
-0.09043953847630629
-0.013009063743310512
-0.032930335365261805
-0.11323025406057993
0.0639412956757048
-0.1318668199992451
-0.0026195390633803233
-0.07439424227287203
-0.05474245876921421
-0.0768934456736096
0.008339103340485198
0.028715443512884988
-0.020038153173437073
0.021393221173632217
-0.14052713431323843
0.006012693670093328
-0.06157540398673876
-0.0116722498607819
0.010115294012852343
-0.34281114227402
-0.010462632798786389
-0.11827607610833192
0.010939256008396056
-0.02361125779621927
-0.010506674295862124
-0.03251606125922192
-0.023468414995720378
0.011097776599627851
-0.13152034314744268
-0.009609173654305761
-0.01629009380370215
-0.030531215832463206
-0.07857501633114555
0.04657682400286682
-0.048813424914652605
-0.20527978421302212
-0.06237064763261334
-0.020864136952591025
-0.21616996109193676
-0.068494589368102
-0.00620405443918524
-0.17797299031903743
-0.23403199046179252
-0.02121755974734677
-0.06331124154160266
-0.052833459752950514
-0.0032602650833626207
-0.6365073652887747
-0.14243224477063596
-0.08379143002539863
-0.09017695499261937
-0.022585234178917595
-0.09437308710847118
-0.3697680288153017
0.023049882142456814
-0.05177254663332786
-0.009543358134195254
-0.01534388394875982
-0.34084326023599276
-0.13987576259497495
0.00626523823756177
-0.091239936935445
-0.09106783496554952
-0.08896952897653033
-0.6728739505199793
-0.12573081177118772
-0.08009199013769885
-0.03794045499924854
-0.13028825598633506
-0.023909924189959294
-0.11932703147393021
-0.1072590687084711
-0.08460100555497488
-0.03236576955669841
-0.001754511421617463
-0.010836150697876856
0.017463127130908824
-0.03400823159090819
-0.006876663236266476
0.009556385041740337
0.01203938101834504
-0.06845738296178348
-0.13949080815937617
-0.03878312482872811
-0.21273780275851975
-0.05082246397136375
-0.09510518983009006
-0.13381927437605826
-0.36668560923567645
-0.2511412437870948
-0.07648794268273594
0.00839811991044066
-0.026797180446090658
-0.05331673154605575
-0.20410593910615146
-0.018074367161657355
0.00394873410168123
-0.09245820084789759
0.012754178097431075
-0.09755849294264736
-0.004612874059878412
-0.035715283754970996
-0.07020023030270402
-0.6465016663893456
-0.39196489218198816
-0.15581380463474237
-0.016941250657720047
-0.060529829992961054
-0.0009684917220773226
0.035189298709127126
-0.028290826954804983
0.020312159964777518
-0.7484302693483086
-0.026946275980256344
-0.2763747475959973
-0.03409221642636777
-0.03993368447171625
-0.023202184429647863
-0.024662632786534702
-0.03642598627163124
-0.005328481405828204
0.008873255427851754
-0.11474388500410031
-0.034789480810692365
-0.03536201076836971
-0.020706306167373026
-0.10563838188876305
-0.02494359176516233
-0.01652166029075244
-0.033458854708505535
-0.10730580069993845
-0.23977858810121722
-0.060388983416671024
-0.18313901460218268
-0.02224030255798476
-0.8305961969973458
-0.03002934650282676
-0.06758675240523301
-0.22805448968652936
0.02580009717464271
-0.074693095748527
-0.09938661316754986
-0.34059108222117995
-0.042457879319256916
-0.04416449142803222
-0.03518628262158146
-0.8085740655814604
0.013528187445745906
-0.18338077157830587
-0.3354429781213005
-0.13295897642775578
-0.024216839068071934
-0.05514265269680993
-0.044644432608067955
-0.04690390679512392
-0.08887099602421962
-0.10971212000748125
0.014312839021516428
-0.3784052747395939
-0.12120232128560994
-0.17170287615984625
-0.1165087508075574
-0.21565956920531237
-0.0967875333143301
-0.02083326158591742
-0.10854417529561852
-0.08198913608093367
-0.11004218701339392
-0.004002234639662731
0.010069300688204023
-0.06203853633167597
-0.07097031454046349
-0.029485639933874458
-0.047685038382926315
0.006118562940135056
0.0073627107279694666
-0.06368037941717465
0.2360067009764973
-0.1563911470557539
-0.10850644086581494
-0.10105539913739553
-0.103887953004059
0.0219618309913272
-0.11655762146370358
-0.1220174359281557
-0.136502822302819
-0.1586787816590402
-0.036756058606145774
-0.0021990291837606407
-0.0496767139869904
-0.05841144469480336
-0.011166548006092595
-0.15094694855146787
-0.15139068133920391
-0.04839289874029031
-0.12398702024800452
0.012164889130062015
-0.048210372684232436
0.017478775077705413
0.1603202172542195
-0.02411048720806296
-0.16650516581208955
-0.17935120957087533
0.01939294809973336
-0.21737820431951327
0.047275166014837264
-0.015289253296534525
-0.013654574266826845
-0.3384382041140721
-0.11965055778030745
-0.037361429611646076
0.012944640719652874
-0.08286563345941114
0.13389656522161109
-0.23622394886741474
-0.4013876568561789
-0.1300707700484096
-0.10918510906552292
0.025261839409219125
0.16926301045671974
-0.10418592965346997
0.007813212259218324
-0.06219364812323135
-0.07697517856001128
-0.02159492562473121
-0.03350765529835813
0.013917739311207912
-0.0622459973254843
-0.3637521126195539
0.0016891355920334234
0.010202165566224818
-0.01416252211037501
-0.14049765279031115
-0.038621196863265074
0.4024534079458937
-0.02251042838271614
-0.006307964849559788
-0.13494432421116595
-0.008308424712286171
-0.10329946966518806
-0.0093150595588875
-0.007284251154616139
-0.06972699067662025
-0.06373034904736279
-0.14537362317679928
-0.10398835551521865
-0.11796921746775538
-0.003970579232578066
0.014409108467346813
-0.1786977890180896
-0.02864438779164235
