0.21917938506766543
0.24336529277619862
0.15432432896950665
0.15484303553899129
0.26896713090979535
0.3180510965272
0.18857060401336007
0.16330733480324613
0.2147182861035758
0.29796607952368886
0.17527063769992118
0.16117691797908074
0.1782689468353582
0.18647345095145995
0.15824503225978143
0.1567260329216314
0.1607335738628698
0.18992682755910434
0.14485712213214166
0.20501045883618868
0.17624633116420035
0.20715606451034546
0.16032725019152885
0.17890930456813103
0.17629058999713187
0.17848602104694286
0.23368333565883148
0.24036616902435776
0.2021365657470209
0.1416789765760932
0.2045904508160382
0.17397338983672006
0.2696051808896956
0.19120388536918453
0.1677537192814592
0.16198065176302076
0.15909997837884085
0.20643419652450376
0.18050990524163119
0.22032968905236985
0.3269312637870482
0.16432506222655807
0.2044925791116861
0.1908673387857584
0.1824796843528748
0.2089613145681528
0.13501002731832487
0.1842267171231062
0.20613685269745027
0.18558188044623042
0.17499058557383587
0.168803480501925
0.18484054280154277
0.17491604877345135
0.18398217669704503
0.36184495806694034
0.17368870341375972
0.16662199385025922
0.17497255278460552
0.17566757274500897
0.3415916448152518
0.16339382843232492
0.16310684160447456
0.1672063131415086
0.34881972846896964
0.1948460208533103
0.1995181671838115
0.183782475718184
0.19266155068079632
0.2643908667564392
0.15678278171614315
0.18062389337614682
0.17676133469796518
0.31046747309820993
0.19151708772307946
0.1990541528738462
0.13737177692926847
0.17270813634521082
0.14036391221559963
0.19445316902378149
0.23573942477420226
0.16799102965990703
0.1860041048088852
0.1903857453664144
0.1705678434454637
0.15985866033629084
0.16857719742849972
0.16819327914312984
0.16938749754027035
0.16958934032515194
0.16810055696562434
0.1803972431381097
0.17281591130129864
0.2011229856491089
0.1842834801673889
0.19964919081905433
0.34507172469108827
0.18498405476005708
0.18919334967931115
0.17019366347387935
0.25692062743504845
0.20197864373524985
0.1593664690215936
0.21249275173459733
0.20605319076860457
0.20483812654719635
0.1770420845134838
0.18681540441513061
0.18768964389274861
0.1397953786523209
0.18279787260132865
0.1845467529431829
0.19485345763544884
0.18520606005893037
0.1624651791178991
0.16205794959533507
0.17918221789437372
0.1956295630631857
0.16448097217467522
0.34301606642543087
0.16214874640343682
0.32949047546637683
0.17328014698693917
0.1366682656214271
0.16614039854264595
0.2019962421671985
0.30048638854026793
0.16811924507743434
0.34199560718028
0.22222944284594337
0.1480031999654548
0.30089012646675106
0.2759848204537442
0.18384513136999947
0.17457167892921263
0.28928759358015405
0.2052485191822052
0.15542167890456415
0.15123527157691216
0.21140486076766368
0.17219048387864055
0.2024423753942762
0.21074408353292026
0.3434402522800165
0.1420985652475941
0.17571505682091965
0.28387797810310544
0.32761083612285674
0.1765699083805084
0.1868421278134832
0.17395971733170587
0.16051392543700432
0.19431840700487937
0.1736731759326099
0.16109353174811683
0.28974901936140407
0.2303830096721649
0.21534975249592853
0.1499560668141709
0.23627101268087114
0.1768717040985253
0.3455338830970475
0.18861073820487312
0.1882702638665024
0.14988974275460115
0.16903669595718387
0.18329684339031097
0.18204146892046758
0.19123194672026725
0.26360669764719513
0.2074189001413492
0.23862591074063227
0.16827405595475697
0.14718346245148603
0.16774460458451773
0.22487781022415787
0.15318178550820602
0.18847665266990662
0.21296147800841422
0.20515877827684928
0.15422464645515052
0.20663584090628714
0.20184741408285437
0.2622658979892731
0.3163490577097292
0.24263607962711436
0.1669729314179256
0.2730346945210507
0.16940897425015766
0.19200118419783457
0.19720474079543468
0.16262229449608745
0.22623047210135552
0.2972056308671048
0.17342629748421745
0.2702132387264915
0.1678403452695426
0.16688028809683664
0.21868356324591728
0.20616175629057976
0.1929890640109193
0.17130032307961407
0.17922951496253578
0.16866626158052564
0.26373115397849173
0.3379695619080105
0.23562989891492403
0.23951021294678207
0.3425399402336661
0.3608030962944031
0.35733958789069586
0.3511337761922382
0.3412448165151808
0.1611629827105241
0.16751805321793808
0.12885494746495543
0.14146736727477358
0.1866406263552214
0.15719861377117247
0.17452526469619906
0.15285296437399729
0.19537801758866563
0.3480621243200091
0.2940490219759387
0.2308873761440656
0.30640679857817044
0.2375130293369293
0.35261627434792364
0.30760270497885095
0.29039154323778654
0.1637347084681193
0.17464946527870331
0.1944455043534587
0.18883605010369245
0.2162236771427217
0.2614015519618988
0.1962608843454173
0.21278515184626862
0.1445153657883001
0.18034142849104745
0.16756440870369538
0.13481853802998858
0.1629849595228831
0.3222302200564419
0.32088355324354517
0.3505101747686444
0.2978043554331127
0.1526814057074095
0.19154730220230257
0.17627597589882052
0.18827381671392002
0.193520832256395
0.31453036408675344
0.19131102980100193
0.21562903034059622
0.26533851219260174
0.22477004747475143
0.1602411810220298
0.2098271142181597
0.14861628768103463
0.20401585975676093
0.17946274930322675
0.14832354111369378
0.17388946970303856
0.12842839668273925
0.2243926055771964
0.15944185531745522
0.20990115987627128
0.15953247464309303
0.21160598623125174
0.34481614571936586
0.19085096822501466
0.2299734661579132
0.19208871801694236
0.360072330236435
0.22283643471567252
0.14775727626936777
0.1922030048974803
0.22328946935503105
0.1271423499077154
0.1929198723443797
0.21542166874143812
0.19429767543161422
0.14951266762869697
0.16277190519206097
0.17391905744870506
0.2251720713314257
0.12846088571246392
0.17893987576778117
0.22940436169836256
0.34167359122284896
0.21794235188786576
0.19973476807873947
0.1644603585924421
0.18321755071075593
0.1810820092828141
0.34396157849999087
0.16419113986099823
0.23230544850561352
0.17081761519725505
0.17847280852402314
0.19462774999393437
0.16869943567097478
0.32700262967613447
0.16808383827356946
0.3490413590891608
0.2777162338286331
0.3362922499479124
0.16290674582360284
0.1345419117120596
0.16461939204123713
0.17633318987558053
0.17299218972524008
0.11967264960289001
0.198657628263746
0.1704113130820425
0.17121697056678034
0.1507505651620718
0.34724812029600893
0.19954863980704662
0.32855550023941765
0.3324818197368677
0.19120312386835128
0.34516724611057703
0.35130317207402406
0.1626013064876045
0.3530881606609904
0.20805437366765245
0.31115390402930126
0.28541497565979185
0.1782539149125417
0.13476963248918222
0.14697550550339714
0.3492625654598452
0.22086659886218885
0.3258456890355973
0.1343408151773306
0.31985051876592846
0.1940172916063121
0.1954331402513716
0.23700870672861735
0.35072031125817493
0.20219692893589244
0.14099105043109184
0.20343088138935178
0.16332981336948485
0.1319663768201261
0.1681141517297277
0.245710342130661
0.3372088449215211
0.17259368170139402
0.15108221567283242
0.1815866131361793
0.18067957270977109
0.23051886261426485
0.2214355188699869
0.34185835323910496
0.3391687861867359
0.16342318363750682
0.16336858857509703
0.34907786253898865
0.18494497687277134
0.17065870929271618
0.18065353580082164
0.3595202136039734
0.1703907524180536
0.19239129989043527
0.18841649222881235
0.19099610174403472
0.23866881575224533
0.14678664567582894
0.2602864409476211
0.19120924997836986
0.15176533021245686
0.1815746160030365
0.3042506094332095
0.18854317153201386
0.3505242587482228
0.14588731172197153
0.14439143753051759
0.1937752628326416
0.19137245471660908
0.1584196036703446
0.17122950778724
0.3509804877213069
0.3474500245770972
0.17461134420157717
0.19915650770399304
0.16028956796493996
0.20973468597118672
0.16544413020736293
0.15894694860870315
0.2160358815926772
0.16061400654428293
0.3399088133423074
0.22391005277633666
0.16382730628815165
0.2208687691423628
