0.21207200166157314
0.16187815967115382
0.18580127004377855
0.19184251416561215
0.19258395321228924
0.1665036793082368
0.15753046848155836
0.23532866668701172
0.2831379278059359
0.20337470766476223
0.17488895121129971
0.20243854537106198
0.19847038286072866
0.20319577739018352
0.29697750405029016
0.22921416592597962
0.19261100891821398
0.33637802506641923
0.17439989674923032
0.16035400677234568
0.1993660672038209
0.20816781123479208
0.2055214206437419
0.2966767187471743
0.2107272398131234
0.18786307670035454
0.2004683173059703
0.18132449868910325
0.21950561620972373
0.18227524150249572
0.2079293385169489
0.18626411965018824
0.14856222916156686
0.22146873452446678
0.1816824562549591
0.294110759055173
0.16581672001392284
0.20791518546500298
0.2146848383567316
0.20902028903048087
0.2235961584189466
0.20811721309702444
0.20731290682833242
0.19543054610705204
0.1881642379079546
0.2179970316151927
0.18341276543481008
0.19373845675895954
0.20345750257748516
0.20407012459209986
0.16710616550907012
0.21947848316601345
0.2043193727823404
0.1753309643625499
0.20648820579968966
0.296185942446744
0.194380256340916
0.21638755693531675
0.19236062029312398
0.20207092330235393
0.1336280192269219
0.1627085409341035
0.20210927397227116
0.20377343461293132
0.1613995148382689
0.1810239471708025
0.2977076323385592
0.21496634870981998
0.18323265450341358
0.22540017426930942
0.17574335817091477
0.1829436660169841
0.19302052367565245
0.1838595950960399
0.1831901216863872
0.18225384701130004
0.17354675415747178
0.21794631835392542
0.21230863958811588
0.19272915843718064
0.1990696918623788
0.17889546292168754
0.21721398230961392
0.21692123562311955
0.22031724275075473
0.17142366055243027
0.20108233932249558
0.22325010415485927
0.1908907709984069
0.20784055843449278
0.21836411573670125
0.17212160610848928
0.197442469740874
0.18979471303382012
0.17938053134672655
0.22874387454986572
0.21781513124918767
0.15753941286441892
0.20141109957791015
0.1931274389880044
0.2243923077800057
0.1621849286913158
0.2013222853402446
0.17560876358387084
0.16274355653517258
0.2006158947604043
0.19757028848377628
0.16422085169546619
0.16426019076101794
0.17455970514652341
0.16766775730841174
0.1653593349813701
0.15599755156871886
0.16403405908339036
0.19226215034937688
0.1769595860326013
0.2198775086619637
0.21168222218966312
0.17388985205203927
0.23046805479309776
0.1957798228398809
0.34416614831772996
0.17857187523754367
0.21950232709155365
0.21629775554156133
0.2141389980933649
0.2285416534564478
0.2305455389640314
0.2040514926649943
0.19947343052350558
0.2263306704184992
0.19706595808482
0.19177302106897878
0.2146507195570997
0.19335983544802496
0.22110128209370525
0.21336162254589947
0.21847398803013715
0.33978228159626367
0.20434249342404878
0.20166266740285432
0.1826633974121463
0.1879244505250177
0.20073933521299872
0.16607522178203502
0.19854737246737764
0.178367331063676
0.16177133693607576
0.2070124569556696
0.21675362062454226
0.23193762042305685
0.22508996884625657
0.18129892659187316
0.17894765784865932
0.177212862934385
0.17382743934105183
0.20320557862734623
0.19737123564177866
0.17485924744302297
0.19141761043976094
0.14851307882202996
0.17866899469803119
0.2359808138486381
0.18793362927436827
0.17596548486263194
0.20329779188435776
0.16596005998119231
0.15515634073151482
0.21482982123599337
0.22438116938090152
0.1952874907325296
0.1473995830050302
0.28019645333290105
0.19828911440713065
0.21250331711769102
0.2156022686958313
0.17804139372280667
0.19928779056197718
0.19977104023391123
0.15763519981811785
0.2066682097573919
0.23577269946303323
0.23046919178962708
0.13449893607033622
0.18388544276648874
0.2003672436932872
0.2191762925634448
0.180587269883002
0.16684857109497334
0.16906365911777202
0.17331496704456417
0.1715794681393823
0.26718430638313295
0.1575049858143989
0.19709257751917666
0.2052403335822256
0.19216517877578734
0.17120161471366882
0.213671913449444
0.19795154527121897
0.20794142037844487
0.16454320836574474
0.19487006833678797
0.1828348057521017
0.16104545641452708
0.18845038811963302
0.21225563014254853
0.17993842496784457
0.16392113972217479
0.21600670647621156
0.24030360733237222
0.19324778076580593
0.1931544021825145
0.20436100165646776
0.17048736670921588
0.16072014141590035
0.22799736703143403
0.2156821748088388
0.15874005927952056
0.2214401658376058
0.2049855119081644
0.20636014359337942
0.22091965948309852
0.17620608903743604
0.1592461434689314
0.2137036113004039
0.1749398038563905
0.20683229118799992
0.19472817495757458
0.1784899292168794
0.1750609157262025
0.16088984287650893
0.1640729324868385
0.17627382375575879
0.20604530851643785
0.16947918990562702
0.1497667039765252
0.1818561247012598
0.24175800715651466
0.3316612926044141
0.1442306913576628
0.20192054192822678
0.23814926301207498
0.18576708749228832
0.177547596472281
0.34085224533135366
0.17561187006809093
0.19810689241138857
0.20837470253308615
0.275927506685257
0.18464238837653515
0.1862605483859193
0.21108546555959262
0.18981010334832327
0.18837627461978368
0.1833778069348171
0.1915345799582345
0.23077768366139634
0.1733121346068506
0.164140723323822
0.2275229269357828
0.22742336909573777
0.22883941809933883
0.17101098397682454
0.20242982298350162
0.15972697125197693
0.17055357036590577
0.22432201068204147
0.2225065521458934
0.2330305282334636
0.2010901609084589
0.33952586919762373
0.2866067433357239
0.20682457658249565
0.34855694431130607
0.33727130550210194
0.18252933397389098
0.15570960678373066
0.22192163382735206
0.348070747433538
0.32500885877609254
0.20444668214123948
0.16593354836342825
0.21265348950415167
0.2747446943312576
0.3457603743098032
0.34303829316108947
0.3468018726722614
0.17466837423188344
0.21774960905527896
0.1598169485382412
0.3597253406047821
0.16570018127852795
0.22586822020380118
0.17250858593494334
0.36281410457537727
0.23224925963774973
0.1782402383364164
0.15746185042240002
0.250598595407274
0.22856873512268067
0.18664832073288995
0.16581282771239847
0.2142984256018763
0.18140522472466095
0.17949449410805335
0.2373222890165117
0.171745726951333
0.1921729620082958
0.2161337068698389
0.2041729132273725
0.16481859840665544
0.19092157324155173
0.2835967014002246
0.3632809388637543
0.2092003070053301
0.1362280205946702
0.2159381613731384
0.18109411157043287
0.3244064552816626
0.17947105947050074
0.17760904423798188
0.15624215512740902
0.3509164324638901
0.18200986183295814
0.31671009564399716
0.17577477432646843
0.1929773006574163
0.18600664250458343
0.1761146472775659
0.1637326419353485
0.3433063833316493
0.1983822976788388
0.35452060626187454
0.33023763824757935
0.1846958815296994
0.3399613622010472
0.23179219942177293
0.24068062076863553
0.3369459430173061
0.3400342134660291
0.22570761902912242
0.21326273114141758
0.3410997250855687
0.2163036760161905
0.17537349513598852
0.17528499307503573
0.22167744458638705
0.2868095196836135
0.1915057038506375
0.2805431820504806
0.28990928307701563
0.14828702429245258
0.1779785966873169
0.3295796915578262
0.17279255286095632
0.15861230717421815
0.14707722830190892
0.20937759191012212
0.20387122184252568
0.3312523647068609
0.3567750685355243
0.3402952907416385
0.18600873835338566
0.14966278197877694
0.2804309846513412
0.15817910707603067
0.1713900596980589
0.34292868934313453
0.24020861421790077
0.17872472153426455
0.18589922644057366
0.18892273500853893
0.17578238483950578
0.18141224609137818
0.35828809801098954
0.165312102014695
0.3526434710108001
0.34902403519736025
0.19300894118704887
0.20618167988861663
0.18745188094534965
0.18993546344199272
0.19819271236872502
0.20317076660552116
0.2139861538028717
0.18040203488738843
0.16897033352782762
0.25010016049978867
0.1928060674338051
0.28301254883934474
0.30509540712511213
0.2880261440934806
0.30844661668494894
0.3248657672781506
0.1752254901067266
0.22101271564677613
0.35559961389092837
