-0.11285846344781277
0.08129694548247181
-0.057405473893934855
-0.06887997969610397
-0.0952941416331415
0.20480020713990524
-0.21996976395881454
-0.04865789352137936
-0.10651223634970301
-0.05683305997283665
-0.1179038411938072
0.15169664425259033
-0.17303268508861167
-0.03617151986538371
-0.40284613481793047
-0.022253139366471292
-0.06180498339888819
0.0050402296185808595
-0.11888429497059323
-0.015395101947344942
-0.13997937995138865
-0.08051915041879568
-0.12282800408889961
-0.060964210828051695
0.008264256305628867
-0.13331423668747477
-0.005579436313482798
-0.4778917401322054
0.004087736195815297
-0.0318981183486203
-0.06864202286305669
-0.12210137248195328
-0.04568266184579947
-0.17060169750266552
-0.06365973815304482
-0.012522537263401577
-0.02169935105794323
0.0004905382753746546
-0.25061934474331915
-0.11995899929699928
-0.1494605103808241
-0.10784638554720562
-0.04171671599337231
0.09046035770592137
-0.14795807705987518
-0.09726820068629366
-0.0688550866959915
-0.13466054951906045
-0.156985247083131
0.08576087581653105
-0.13361556532272223
0.06721912931836911
0.005009366407232162
-0.10706516635788604
-0.03744750215583771
0.08068643057303154
-0.050306160621349745
0.00466538798423534
-0.02274013105774892
-0.03265609348226551
-0.06077409045322782
-0.21665826950785871
-0.0510154055125542
0.0091309238389891
-0.11968850859599672
-0.10822269785699926
-0.11936785029196012
-0.05826567635369958
-0.11349003949652992
-0.03649650204597553
0.18702625870747205
-0.014940701716732023
-0.046709237852700654
-0.17273209558862945
-0.1296895329148463
-0.10755297267757662
-0.04612021780703723
-0.07858703875159698
0.13271693175984492
-0.13809762238655926
-0.10305541544104646
-0.12969720521705852
-0.01568823015321321
-0.1743971310064215
-0.12227758175447012
-0.01789166791060743
-0.003312639302182983
0.03305066428308084
0.003114506907993947
-0.1531254396613045
-0.13807276023283263
-0.31787810626658214
-0.0991616677085989
-0.15580442923510263
-0.013762401829814351
-0.13661094523948766
0.12398300035470532
0.047919423123698825
-0.11844578415672072
-0.08992931389324764
-0.09873452394151741
-0.06336581902276156
-0.10271493581559096
0.020196488894218725
-0.10610808604190616
-0.07013396951631352
-0.3397700376070291
-0.016116121350573668
-0.2191142168839964
-0.13772376858850646
-0.030335047737154584
0.002144062103374758
-0.3765844523083843
-0.029078010806205597
0.009189221769697305
-0.027365386573606338
-0.03298294531571557
-0.06724684285787697
0.014846187065066317
-0.03196564503358116
-0.025732235206555258
-0.08449205805977174
-0.07707887094173432
-0.5898392692467694
-0.040963784697102434
-0.10554327791732229
-0.06960670363879394
0.008799418782850761
-0.09540979018804487
-0.006280422172556695
-0.0383702974192072
-0.10777505450377631
-0.03842833790754466
-0.0026627817991427766
-0.12799909279469984
-0.12521172161921543
-0.09208227175117033
-0.010774604467370448
-0.07915445537749771
-0.15695461401839755
-0.06833078463384011
-0.09592218063913431
-0.07358707799503604
-0.1099753879159705
0.017416704007454986
0.027832924057518325
-0.08736503829506999
-0.202317882730933
-0.2973512654874352
-0.11546221318973594
-0.11911103229566629
-0.3627491718991126
-0.061863167616578965
-0.10379463434783709
-0.08859544472984131
-0.13347491616189827
-0.028537354803804715
-0.02381971673989707
-0.06309868471945494
-0.06600898578507977
0.1867388175897082
-0.10428100770102525
0.1707872574671549
-0.07437983711740735
-0.05195713719614757
-0.18625675171046902
-0.0019879793310274307
-0.11811593645473713
-0.008752399990995655
-0.06036070481404938
0.3317349474378035
-0.009788226933935355
-0.052957937566589494
-0.22764474109750837
0.00602946439539442
-0.1113410498956155
-0.03757161454329826
-0.0549844802292617
-0.6039578905686008
-0.07009172988122091
0.18899348194256996
-0.06192540550900432
-0.10836505152214203
-0.12714951535603103
-0.04183438181653244
-0.17016846930055973
-0.04979476119843187
-0.16691469751644386
-0.15154544856332727
-0.004569000730521329
-0.07865292493207678
-0.01726773518973384
-0.04721294957014202
-0.04741624242604077
-0.34613776711458827
-0.3273771976053126
0.03399398246166706
-0.04356532002970254
-0.1869117072360576
-0.0994759081313521
0.08719139049977473
-0.020658358852410724
-0.03208403344835232
0.0009652193522783747
-0.16242700732041968
-0.07953730082752139
-0.028117226657688614
-0.12287437012248484
-0.02054359743757438
-0.12025214386567407
0.010618071678955563
0.01494937077235151
-0.12267415879879205
-0.11707588534206559
-0.023146903538901517
-0.0609321706323265
-0.02774725492365804
-0.41710958857820996
-0.13113458619353668
-0.1312257581477532
-0.0916580936798353
-0.1980652174772965
0.00589953439095049
-0.02391795153155777
-0.020549261854356973
-0.027913099015074175
-0.07671265392788118
-0.0383862746084997
-0.11569402834670911
-0.007111235527048624
-0.1586121798894738
-0.10171137898115001
0.01385379988529401
-0.031915043903771666
-0.024263046656256528
-0.12062197841809026
0.13751632395933974
-0.11001244581184794
-0.14248911548785234
-0.019540358064472702
0.029279386473229866
0.14045183384866033
0.07214471058157468
-0.08069447651030642
-0.0290523241042437
-0.09746949160790971
-0.08475649489219063
0.029414643478583868
-0.10381475781117702
-0.13310755240681493
-0.040812032411944456
-0.09863987105198985
0.09319551039405408
-0.19079701213534908
-0.08702648344663413
-0.1172230313185906
0.425940529683101
0.1471351312889327
0.0012430115294415922
0.0005233400487345061
-0.1011455221821568
-0.06473046559674299
-0.13234121456703724
-0.14102342088128092
-0.13026924760742398
0.04070218743877889
-0.10983848855701986
-0.021338050617906498
-0.1467831583056605
-0.005938856796292658
-0.13813386197842817
-0.1332023235436098
-0.026362074263126766
0.35540423984249897
-0.03543386319935499
-0.025053123352080625
-0.07815417929923942
-0.032224398925284434
-0.04220950926062769
-0.025843803402630056
-0.07620239704565598
-0.05077154338321052
-0.11907622477936375
-0.11979932040214064
-0.025363110788532425
-0.13482679740543074
-0.11860735444399528
0.0005582334573029887
0.27398038605740754
0.1498896996976308
-0.0034363209010488337
-0.12031021413634826
-0.10894663371856361
0.3245580257746628
0.02874867572585332
-0.005150669443327984
-0.1260437699793216
-0.09520255076169529
-0.11256233058687683
-0.016736709154194132
-0.020482168189586696
-0.08957552583082465
-0.00469217859406666
-0.029327211148087444
-0.07726656170347203
-0.002724404407071092
0.36237879439474324
-0.13217722318593522
-0.0884494249673583
-0.0010316408000445158
-0.0014094855132991367
-0.12226215684389885
-0.10779096335627864
0.17082873016796438
-0.2811331328570189
-0.002895700823228831
-0.10806861610152678
-0.08773304760805486
-0.11751131026894278
-0.14468229172539024
-0.1399904085670384
-0.4225306096523219
-0.0995731303713409
-0.11547220088875927
0.0007555921562580001
-0.13598224714395518
-0.11066079461638056
0.013665762578447887
-0.1165816775222152
-0.012620987143049506
-0.03310154994213852
-0.12618561313909676
-0.10662329676186756
0.25845178546655295
0.022273490855872633
-0.11904151489447698
0.48998791270262315
-0.027326744017899904
-0.09630602088319878
-0.005632933464764189
-0.11056996508229498
-0.09662132197361115
0.04885636553741042
-0.001883341009881324
0.031792594332422264
0.011218368011392888
0.010938698300498992
0.008585536118827073
0.014429663861653702
-0.1073646065829179
-0.007429259048285154
0.024796583722350576
0.02503279047153495
-0.1453916551539343
-0.13844665393759883
0.026733104536118477
-0.11506727157805911
0.03608562393783569
-0.004284736967032482
-0.005929888032264041
0.014587782531399293
-0.1580510714548052
0.011357040443124
0.004180377219529764
0.006611913305078566
-0.1121485385078556
-0.10617801428594677
-0.13588411220128127
-0.011381421824025278
-0.007278177959269809
-0.11396976618917465
-0.017380054472630767
0.19120012791516344
-0.14312790043153034
-0.13018441974768377
-0.0985951246621673
-0.10864577345079401
-0.11544646610486865
-0.1190576588390138
-0.002074541103410076
-0.11410386842108575
0.04879442522117333
-0.007227073674940154
-0.11866196870424395
-0.0009911977043045998
-0.0949898557211445
-0.14688246602337368
-0.00401894096400152
-0.007153041966308669
-0.1139172536853302
-0.0653775435657768
-0.17865497338842526
-0.08818943287363885
-0.12020941134431133
-0.08003671502323433
-0.12021518902517536
-0.028646499539332855
0.152195135302334
0.4522943496082244
-0.002577580382062896
-0.029071770196452476
-0.010783947360292237
-0.1078603719559562
-0.12719217342465022
-0.10987243846515497
-0.13280010284727584
-0.1319845865814647
-0.08476640332791543
0.03505558754224375
-0.12551674482904054
-0.030085447755188878
-0.0986515510577344
0.032676996966277426
0.00605081623729813
0.018723770417609264
-0.0014285944406858798
-0.12144392591017601
-0.0008136062385070131
-0.12199070306716438
-0.12447590725166846
0.0314711825500984
-0.10546690917694222
-0.14060923778049786
-0.017659612668463814
-0.12830182148338054
0.03010163852774824
-0.004326749346886609
-0.004455144200879739
-0.01739290386638129
-0.025331245897114732
-0.029541116855238424
-0.030808772914236972
-0.027586196736762488
-0.10713810161955836
-0.031062574077602694
-0.06549498261597837
-0.0009310832893972454
-0.011221146387570304
-0.08391161855491279
-0.03208998812286913
-0.11459822346891463
-0.08038993639234336
0.003083030535717623
-0.03116876860648583
-0.011889854461064322
-0.008697063114481063
-0.13933126132258913
-0.08763264809143911
-0.14424921146824335
-0.015776424428934954
-0.004060223360298545
-0.09910839970394907
-0.09919442389180291
-0.08793211692378232
-0.04838772989739477
-0.018665420183389802
-0.04027871216019631
-0.11096722606225258
-0.024318859277919668
-0.018026600871791105
-0.10039808366825381
0.030561011451435485
0.01160380256136533
-0.005558899080272214
-0.09351509493328275
0.014846157772684606
-0.209476091095024
0.23734070387029918
0.3838263462466791
-0.06897411585659415
-0.10207562337169038
-0.8491729474059543
-0.12580729509706917
-0.007635727377032797
-0.0941585914223046
-0.1335638294187229
-0.12000891099645321
0.032124641953985636
-0.12593147701685295
0.009937627946959102
-0.03625460203005863
-0.11364009453182342
-0.10168777908809172
-0.002516169458842104
-0.11703960259156224
-0.04751958140601846
-0.01782103643906817
-0.14634308692903095
-0.006274591121575872
-0.11408654908413597
-0.009408270274358359
-0.005216342231991677
-0.031133103052894753
-0.005340131045950324
-0.01784472264678394
-0.11116058322803125
-0.11791424938273697
0.0015454044242658807
0.01990623910266122
0.45908954768909643
-0.09008385310199919
-0.08086289392188355
-0.09166590792088218
-0.0421777955113645
-0.0933179064920822
-0.08116076090320844
-0.09748393785610543
-0.16096399073878376
0.007880247510684925
-0.07031255305057874
-0.1186188342713307
-0.09720776597332716
-0.009431818834010794
0.006803272605858817
-0.14532141089866987
0.009733383085148891
0.0008660547115594346
-0.021462325681096642
-0.006128089879916857
0.03904715399110054
-0.08954343150376076
-0.10096531251922058
-0.10204841061722152
-0.11735141361997897
-0.06360697567098145
-0.09113797842914798
-0.028486830764739488
0.00616238708805878
-0.0032459308906545477
-0.11924206944100091
-0.09930473534967495
0.44495732311555586
-0.09369617052200739
-0.09904707211684019
-0.002221824504888351
-0.11231571442667249
-0.23837100018785107
-0.18421288156983712
-0.07525047281146643
-0.10440164622341977
-0.0013524828446331433
-0.13506401053169448
-0.05941037144639314
-0.048737269834420914
-0.03462081918927494
-0.13273566566315922
-0.023061311622621438
-0.06609224650658692
-0.09331763305623275
0.15746742539035644
-0.037401605049815934
0.0015694372514059546
-0.13312798228285616
-0.10349126973802271
-0.07126845585350566
-0.06381139289524314
-0.11215358385123464
-0.035713656812711346
-0.024942707234257934
-0.03683237733771571
0.17821656302558514
-0.10905335391466031
-0.030798768934670904
-0.11385973213011384
-0.13258004325950887
-0.1812787142923999
-0.03203572799352299
-0.10207614552746065
-0.1155464627698741
-0.04443156013451704
-0.10277972395290666
0.03300999886859182
-0.06884111530854475
-0.22952187707636973
-0.06671136035560768
-0.11492954251580446
-0.12046362244686092
-0.14064264036761145
-0.02103479754360986
-0.0017784276158244452
-0.006662045238214356
-0.11866680161964752
-0.24862970014162536
0.0073932107949836855
-0.028363235646621507
-0.021703346461753675
-0.03383576775187412
-0.002815206618299024
-0.1520665591902292
-0.018300992117970993
-0.0026713220174737896
-0.12572379952981239
-0.11044362380643938
-0.12689165273841235
-0.22959792161539574
-0.03402579525896455
0.018650676153257873
-0.07999731605752222
-0.06301915873640879
-0.11246212214223876
0.013172640457965273
-0.010869553365057443
-0.13557228556404638
-0.014772149302695957
0.008470857937703682
-0.1744494410880135
-0.11821369102498869
-0.07050140355453158
0.004790683400236471
0.34870448562076795
-0.03350175776636379
-0.015672156961174504
-0.11929722984066099
-0.11038138189474667
-0.05014077556916581
-0.08759873826286073
-0.020606474480946883
-0.0054237656614735145
-0.031111319909957535
-0.13144291495380528
-0.24433770860207657
0.22597184192222805
-0.19639911227225154
-0.028527778539448368
-0.0333169095710213
-0.19538817555313998
-0.038840606118599345
-0.03918716862858586
-0.06346202107331059
0.27290780595360425
-0.027241010823247605
0.02859198824536519
-0.12296620646446085
-0.12085461963370438
-0.1164577670693165
-0.026322886369032794
-0.12026676882029633
-0.020357737226089984
-0.015989556534321134
-0.044894987257738654
-0.060229471628552286
-0.12268641795666148
-0.062240441183961326
-0.00665026430810584
-0.1356949969766933
-0.11598067219108553
-0.09352993431271941
-0.004543765736639261
-0.09162600672453515
-0.12465947598976315
-0.1331751046279323
-0.14052950206649667
-0.16328962614790354
-0.14437438905790895
-0.18867378843615182
-0.0284062075703177
0.37205267858185154
-0.01851085609859765
-0.14706589806125228
-0.021666792780441577
-0.0856748442904918
-0.020203021879969394
-0.1182360743369387
-0.01734991357378251
-0.12316584707743933
-0.0268962012088908
-0.09306956333043274
-0.0521761350851875
-0.1462799825141811
-0.03601536381674882
-0.027982763466916458
-0.2246465484930402
-0.014110740957718844
-0.011592506611916745
-0.028551634923958825
-0.14882147094615672
0.010915540242919734
-0.02896289487336435
-0.09842956942028587
-0.05212676062878653
-0.11372121901137541
0.0061471055115844145
-0.10492721533403335
0.00592886318640833
-0.13797916696310103
-0.007764626791858642
-0.10170141501239588
-0.1254541112340836
-0.11067958112535593
-0.0034903383586108753
-0.04538403702773737
-0.2397434918241965
0.013565866434802261
-0.0929603833086039
-0.14057517462673347
-0.11115814291476167
-0.11948538640570139
-0.11902637275621172
0.019954988432177148
-0.1182915371028876
-0.024292232618420787
-0.11861056133153429
-0.11063420935200942
-0.09889616591740881
-0.13284274609549823
-0.12621413598467623
-0.13844508581399032
-0.11556423646588421
-0.1558760174152545
-0.20151203516582528
0.013711884519241794
-0.21233514601218453
0.01988899178431482
-0.06478018947305707
-0.0512044069024103
-0.1550990487436409
-0.08447326130087528
-0.1332112487103372
-0.023506714750340815
-0.015133782234456876
-0.13632676287919815
-0.018828462815365498
-0.11607395652737079
-0.004087061273797574
-0.09346221018396407
-0.0022155034049404056
-0.024707351405749277
0.032328615802220156
-0.13278587321709068
-0.04164212750651305
0.002314531660945209
-0.08462666076039689
-0.04107777124826167
-0.11009752819980367
0.14231275131426932
0.0002658284314720366
-0.06366804470511174
-0.11617690866016339
-0.09221307474392286
0.17020214063617756
-0.10645740529892478
-0.10601987047114202
-0.07712524093751887
-0.11487235794569345
-0.0701702019396776
0.014668950925937532
-0.08035693428828372
-0.14498731129245856
-0.035099856583222906
-0.020215218534487923
-0.148820744667406
-0.03946369090686906
-0.01969538329335629
-0.025993174758735183
-0.08582546510599126
-0.030352714106217527
-0.14056442928695484
-0.03717170023253575
-0.10302288146678447
-0.04557407438904357
-0.037070748786027403
-0.10054071727696881
-0.11552182906084918
-0.10134451721537155
-0.06155679349209514
0.019237310184191128
-0.13436697533239209
0.00749902519121799
-0.12928377031779495
-0.10131713181161241
-0.10364666843212197
-0.030990100234745206
-0.12414622746838853
-0.13062236295216964
-0.025295266151794685
-0.02979853739461675
0.0015103664416070651
-0.01958068378484248
-0.026431847700081706
-0.0022588188429380537
-0.027798552390620894
-0.12532766078975435
-0.05783391746627966
-0.04489831856102763
-0.024774685430751443
-0.02973430945421789
-0.13974195107423878
-0.10903373343219254
-0.00481828781657067
-0.07942691702319296
-0.10819077954011663
-0.09577008246078322
-0.11412447740339124
-0.05430473385908635
-0.022831379335170786
-0.10888538548137115
-0.12484150262590718
-0.13461241066375998
-0.000876763209361705
-0.03506551235685548
-0.09572204786540915
-0.08975681767448623
-0.03494140018241607
-0.10081393152551289
-0.07098209599201168
0.4862330547550946
0.022117041964862184
-0.1002856861337671
-0.0895554359753387
0.004565420527142807
-0.020149246363428838
-0.14221017698965524
-0.06776738068148754
-0.12766152414418128
-0.0937105719601897
-0.11441509407111296
-0.11674833743566966
0.01926976086691458
-0.1151640192236261
-0.10791484438394834
-0.0303306020813459
0.00893308089228611
-0.08468937441431386
-0.008507798645993334
-0.09103609760161147
0.12867010709586627
0.009282764973586662
-0.12444102538786282
0.26957643369584655
-0.04943685286275783
-0.03140211486526494
-0.07509682143724487
-0.3941348849293833
-0.0035184057691842003
-0.002483947363849358
-0.21794910566137618
0.006084267268508099
-0.037895741737463066
-0.03503749137413561
-0.11292331042169111
-0.11519078816440814
-0.12176650633036686
-0.021152536829392346
-0.12172310052674722
-0.13415132263032864
-0.030760152858103504
-0.11027490621691562
-0.029099452760421925
-0.03201248005375349
0.0038218051658690045
0.0049630390300724175
-0.0963578524027603
-0.1089491249522501
-0.09997488042579684
-0.1511862507390184
-0.010796229254814016
-0.03075963055395333
-0.07434023957395838
0.001626950991360936
-0.02458911388624813
0.08957816632276075
-0.037636230557797676
-0.02948962795759343
-0.03405625547113566
-0.004682032458959648
-0.0068515601182215745
-0.022798690702325864
-0.031158551506070345
-0.06977941885706775
0.011085709101830493
-0.012796621316437155
-0.025115515570834586
-0.0547498526996059
0.015821231247159413
0.24523656226674392
-0.037006938200672336
-0.030082854269370407
-0.039152089043672594
0.0020844262435360233
-0.0015621590728305637
-0.03296037429153028
-0.12518078342614083
-0.5288138993010362
-0.13051555079581129
0.22987056251193402
0.10681213154309618
-0.07468355441943991
-0.07260391617275283
-0.0645241687627518
-0.04606762602802744
-0.06227267129354013
-0.11146020637226602
-0.13004954069108157
-0.13389752746313813
-0.029424535039995956
-0.10167566033726458
-0.09186265032706795
-0.0002787713898107185
-0.11713473621784279
0.012298874494553509
0.09469653672281267
-0.10150309426167974
-0.02687193890275713
0.01041442817291572
0.012702143694321388
-0.10176037793955536
-0.012935366749017326
0.057135799676423675
-0.7786941620845212
-0.12267000936914524
0.017865889701544093
0.18743627387949557
0.20125874392651746
-0.10981613768423087
-0.06261919532006675
0.03629945894236783
-0.09357193421005074
-0.07647753178943104
-0.026715056831967062
0.2313751121868802
-0.03546981961884131
-0.05696483252702068
0.12546945504152482
-0.14463690948019192
-0.043390232387986616
-0.051105890615654875
-0.08908024412550945
-0.05741280765069732
0.14694796595047244
-0.040866441153794814
-0.3437262895327875
-0.10637596515733648
-0.03157367646052803
-0.501208164790881
-0.07326768868482714
-0.07523759801527723
-0.08311843808280044
0.02403100883340916
-0.11017703847433555
-0.022917197678702487
-0.045126292707004335
-0.04650539372654458
-0.16998410515342488
0.14502768020289214
-0.06668275414484694
0.17885094482919467
0.20231698421770858
-0.02789600215787152
-0.023458723167691986
-0.0735560667849985
-0.0065471931192609785
-0.04888492751791704
0.2512052481990604
-0.038258735376936984
0.30258343162716467
-0.006134974592917885
-0.04151250421462628
-0.14207647184522834
-0.10381846055390381
-0.04513775848161956
-0.06700828315350957
-0.056506416706930025
-0.07408216885601093
-0.08112259589325246
-0.04376533159932542
0.09926715881212365
0.006137933284972665
-0.057299673210090114
-0.17490148652497015
0.1661617159505368
-0.06727442691240892
0.01120877787003237
-0.06994439281706351
-0.10403876682107312
-0.006040782823770294
0.023941876360134645
-0.05265352473581174
-0.02076530008732376
0.16950310001303362
0.03166630725743788
0.14500425216038612
0.15837484944892258
0.27479800302978713
-0.040065267092004475
0.02206912671231139
0.42302118550762197
-0.044555018876395326
0.0837741431570816
-0.10435577474638089
0.10132926947971725
-0.14341315048136596
0.18503301031364336
0.2363494182515055
0.16552408244949698
-0.04668334849901541
0.006211361030861589
0.007128725605741119
-0.172025365734137
-0.10009274785676295
-0.020199284092236893
-0.03062840584109108
-0.10354269521736334
-0.025591212115241305
-0.04751169460345358
0.05979714818931997
-0.07735248730188557
-0.10311692232386323
0.0215621955113419
-0.04284452399333751
-0.02320955773919074
-0.03976888112936654
0.10385750591452159
0.02853034841153132
-0.1065800988565632
-0.13301619106537657
0.01506147638242648
-0.0993753687047579
-0.018044245640162524
-0.11771406786033338
-0.036360131637187855
-0.07673357756567696
-0.08554577620870531
-0.030735840498188893
-0.06033081123749401
-0.06044790865411947
-0.1379331306771422
0.19315589734846236
-0.047375084583123166
0.019916074203154957
-0.10798093199556881
0.033474558432816486
-0.15821658822084309
-0.049871907204325064
0.1568996636821753
0.03595634773468177
-0.14044380483684502
-0.022061069083284854
-0.08427473722875607
0.02841833885619816
0.01853509421275174
0.27342137031571156
-0.02276248914255243
0.21788315848690248
-0.07084212009168703
-0.021460813421819956
-0.14554413194717242
0.02722885987614036
-0.10630584449453688
-0.036940108942053164
-0.023434211904816253
-0.06529999275835896
-0.1312423712223979
-0.0323699577157487
-0.08432275253086424
-0.03492334629399319
0.022293418030258694
-0.03838358487184764
-0.07627116517821263
-0.04181791757695349
-0.0896725809038983
-0.07893664143891138
-0.08358349117234495
-0.0934162727197524
-0.04350060853786406
-0.04728954050157698
-0.07226796643388357
-0.07733265957783614
-0.6158984356174962
-0.03790528953831265
-0.09190487309591502
-0.04935035838751546
-0.03308799790045961
-0.0306946482181362
-0.14017738384470377
0.013099566551932453
-0.08645399174076941
-0.3203241114721482
0.16046210441780773
-0.06877623155541487
-0.061331925297921655
-0.16755210248166905
-0.01842560056956283
0.25279048832371726
-0.20271388187900538
-0.036553571724992816
0.21985271519646668
-0.027245566538844978
-0.03977859277468815
0.24645728594365063
0.02325474087385516
-0.08769779438236518
0.1980585197017117
0.18709713884523857
0.24108756078411459
0.10221067200358115
-0.13684601011758263
-0.1440964784090827
-0.056083198396890035
-0.022254360502738133
-0.03354049617983276
-0.041317289409473136
-0.0867558933553784
-0.08209630313681365
0.10166377478525646
-0.018849462728469307
0.0075834757101915905
-0.1276879574971921
0.01845882553880084
-0.1000013228299739
-0.14167812397358942
-0.40520278218940553
-0.025743551441833615
-0.1144906484451182
-0.05883951008249662
-0.033723454223191555
-0.0210350755554164
-0.12746548413127987
-0.0332040474667313
-0.004044641210500133
0.015800520122667285
-0.12431308542954131
-0.027090471005115455
0.01597345276158946
-0.08619522041719196
-0.10074230223789288
-0.30267587668643897
0.020044309119026348
-0.14704717660469074
-0.04701234339872706
-0.11693650736117905
-0.05585141756911508
0.04352862571246546
-0.06648530744527069
0.04443786907531646
-0.07727964971608871
-0.07104981753990341
-0.04113384610421937
0.33762710346111624
0.2615706159957094
0.18445158946112705
-0.029001858674736522
-0.0381239761310101
-0.04354799672819861
-0.0600928190649226
-0.06910087542541771
-0.09140822213902665
0.1831901432533468
0.18316735513928326
-0.0572001173975276
-0.018599033364959085
-0.038014466225785616
-0.06640356186199405
-0.15902093894930866
-0.08085553886773879
0.25628605878075206
-0.08343051100218292
0.3384811297364184
-0.14347566156771868
-0.11060232502498879
-0.11596862966907683
-0.05109360981951357
-0.07743074703386979
-0.06236744024455689
-0.021831699390159068
-0.06731647588728086
-0.13642144145875845
-0.07804630077390814
-0.0074806104125514335
-0.10744880194672113
0.025326172414414528
0.004239238684995749
-0.10036194394375937
-0.11149950665605646
-0.09467196391637078
-0.016685768771084863
0.0010189552079420958
-0.17451606166159678
-0.030058406415704675
-0.15612290098445183
-0.25613029107153784
-0.06130544887869585
-0.06545801068771027
-0.017946784546829
-0.033766667208251555
-0.0005801547443389188
-0.08417928164827078
-0.04938638244845319
-0.15198756889098552
-0.04782254768838422
-0.07952980790318236
-0.11423464236263685
-0.032841601915241006
-0.09490307384379794
0.006304716795879538
-0.0333072907885978
-0.079703021242105
-0.10987295898979431
0.017670185314079656
-0.03122692182909753
-0.11268845338994778
-0.009772861794831798
-0.11560734369176398
-0.16300432721748445
0.0046966528225308255
-0.03213056497410449
-0.049510599253029045
0.16049795776191492
-0.05552143235437534
-0.11936681741692923
-0.021086844403783698
-0.057845112013985886
-0.07508810084102224
-0.0653320658996345
0.21040572683664732
-0.03234037165137337
-0.09089029187009062
-0.02585612874328298
0.00012368705915043356
-0.0738308155437069
-0.04860408155294881
-0.11218486421369395
-0.11351883705919924
0.09472679191974681
-0.08893443797569366
-0.002648772614260505
-0.0016737832508749969
-0.0029209562802276694
-0.07587859519817909
-0.012443437433739827
0.014404695362328348
-0.005863195097828576
0.012666890437949255
-0.04886654808043155
0.013802714960854142
-0.02684168636553448
-0.04928255702101017
-0.005216712835351858
0.18670924187097693
-0.017507572737864064
-0.0756684889024311
-0.08554130656663592
-0.040023373951635625
-0.09757380773220387
-0.12713548972017155
-0.05596376303794525
-0.16242666315160148
-0.1190106423795287
-0.02861194476867673
-0.11755531586007047
-0.005076859718370511
-0.10752179331174354
-0.04057433333846858
-0.06572456948931375
-0.10687339066693634
-0.10716991410970052
-0.08528753934110131
-0.11376482199957741
-0.03771690704597568
-0.048793274309031284
-0.03270997129496986
-0.03363363376921996
-0.1176036710127172
-0.021719180226104435
-0.1040027714406596
-0.1262191792603738
-0.11083020749649017
-0.10128588817874662
-0.05961585418349776
-0.13369006635578282
-0.12252583307335198
-0.07215157767104001
-0.03405080482014857
0.01254946208894038
0.025648886905337905
-0.12942272591897092
-0.21955707580790798
0.1071693474879232
-0.12724058733766241
-0.10841774229400357
-0.02423585942480079
-0.1080774127279526
-0.02299199897551998
-0.17957565503131467
-0.13105125676048562
-0.021982243690146116
0.007763565968005797
-0.11085683828762244
-0.06983054619680108
-0.12759870566457732
-0.13630594239010307
-0.02390226731627142
-0.10515802420259135
-0.04148995134848744
-0.27439734380348096
-0.13571786166416977
-0.1353472226201866
-0.033919309487930024
-0.09944008996066962
-0.02062581961631349
-0.03747469302453315
0.001644594813608417
-0.01678052966825171
-0.07140955485191759
-0.08564972967162175
-0.030516226920629278
-0.2113356595229417
0.02613832114075918
0.0021033919223105613
-0.00046359567620337733
-0.11747384150777683
-0.12029958116623161
-0.0487573127922014
-0.1002366510802494
-0.17237970989803916
-0.11817155573301447
-0.15277244490329958
-0.17460580177557095
-0.1943903041210249
-0.03708715674682878
-0.0752142906409832
0.024040943914555152
-0.09955798076177555
-0.14144522140453808
-0.030827662658515907
-0.05521302513102211
0.009623223969271028
-0.08537133676676575
-0.1368989762710133
0.011391609560543156
-0.09562117948614657
-0.04958934927710903
-0.11475928099037672
-0.07926795909477682
-0.02572744703402416
-0.036180143660427495
0.006537629771546648
0.01694787545998861
-0.13188594953352495
-0.05058624823365317
-0.09246364909497935
-0.006178320690075999
-0.18500834425863538
-0.013579721378546324
-0.0024038672730434837
-0.07158858041724778
-0.11054483808454331
-0.03983059000778743
-0.023853822129126286
-0.07073627309373616
-0.14957861417947232
-0.11446239106672852
-0.09997278410777383
-0.10555182560219174
0.02367771445335045
-0.1350890070786911
0.00917948827600212
-0.008591679520181097
