0.15842522837081047
0.26255357003981067
0.17246896631577435
0.26814642079671225
0.1784049522547432
0.3335707178781199
0.20141002674492037
0.1691965607421039
0.18533962652418348
0.16679909482098265
0.17511548258223625
0.19531804005902512
0.32660564224767025
0.20620977074352664
0.1695809938037206
0.1695298699156879
0.23781972721644812
0.3269743530096009
0.16712661428765938
0.191176836338449
0.18676882409745718
0.3003430500030517
0.20736781120300293
0.1503579442006237
0.3180881116441266
0.16434436813233388
0.16860677244775582
0.17341028800377478
0.280054385220563
0.31852454727004376
0.16976278579841225
0.18160122320387098
0.14310536069567925
0.1875290615476411
0.23858551905705377
0.16761064591954966
0.1922083172974763
0.19448924739186357
0.33918741640837297
0.34090739226851624
0.2510746766119888
0.18371167905582403
0.2794461794252749
0.16879599846015542
0.1688127468907556
0.3331307465588605
0.20585810333935184
0.259440119592767
0.1764379438121667
0.1600032901763916
0.14628556725638253
0.20012410083799873
0.17229021422470672
0.3493856031036377
0.14812432289123534
0.2161867979032184
0.2050320846952241
0.151235153119858
0.17841422080993655
0.18857224131739417
0.1648260437687741
0.1985624591448835
0.33755093196250874
0.20336219807060396
0.20160102921563225
0.299931127166748
0.19666406650932466
0.30808566910879953
0.3155737314726177
0.22182299139612008
0.32755743641207546
0.2508728077946877
0.20854257524930514
0.31811150305611746
0.19701111400828644
0.32427743007165966
0.18075520188268956
0.18919544839555288
0.16284677151434435
0.15341782632421275
0.1694469130396129
0.17075174916175104
0.174956995681092
0.13567009673835084
0.20219293594360352
0.18630289486476354
0.3222667121887207
0.312577726003286
0.19924239234924318
0.14062754548114278
0.2261101493835449
0.19555962169871613
0.17369562247703815
0.1440935117295645
0.15240241899402865
0.3255592296856076
0.21332636833190918
0.24539609824076739
0.2677606119268081
0.16884141937134756
0.16503413630358746
0.15978229872788055
0.31388361461742503
0.14601386834094873
0.1898017889486777
0.19903115272521973
0.2571052901664477
0.1865033075083857
0.3000202312469482
0.24920316248523947
0.15885396851433647
0.1645652305750557
0.3148766019108376
0.18049731370493852
0.1277930971292349
0.1731046504974365
0.17484296195114715
0.2337568389892578
0.1599904850781974
0.31872697624242363
0.3021562264840814
0.21246355459425184
0.17986332893371584
0.2029367849101191
0.32041808320123727
0.20454632431713504
0.16503862115721038
0.18678057861328123
0.19007468134379216
0.24804270005995227
0.21769832552396334
0.19586443978386955
0.2001650078214448
0.2638822767811437
0.16394438859507524
0.3374543857574463
0.3300522316523961
0.22151819229125977
0.285961141364519
0.1468479639584901
0.1528498117974464
0.3444765853881836
0.13578163146972658
0.31434088053786075
0.1523480932654404
0.17235669457510616
0.31524713668823245
0.1334149946682695
0.23309663562599672
0.16797704760233562
0.15199783799307687
0.13208857116699219
0.1656654771526208
0.16982897234789898
0.18015807554456922
0.19026738087933762
0.14517198043294474
0.16374913315274822
0.3228030329411573
0.3371283207058535
0.1685778810540024
0.14674058862507636
0.1867661220945161
0.19930095412514426
0.17889070588189201
0.1712978692137437
0.13566885428853553
0.1326671084470527
0.21608653003886596
0.15694302189734674
0.18447476308148605
0.18955854770115443
0.16518729678371497
0.13380399803617107
0.14703804497866285
0.14379088061538775
0.2120103130340576
0.17609808277261668
0.17528905320674815
0.1300089341691397
0.13267850593781808
0.3330405086019765
0.202928555561946
0.1500851487276847
0.19773914387351588
0.3329028759286658
0.221443964492443
0.16238392066955565
0.18205395467533086
0.2328549015045166
0.3292742167021099
0.17425913080256034
0.29821850523164
0.33024081673457706
0.18522483538432294
0.18639874369120427
0.21965320254481116
0.1451750036386343
0.2137593262882556
0.2399212170630386
0.16382643345587267
0.1359417955817246
0.3223589293067135
0.1409863357634341
0.20926696450170812
0.15234043561495267
0.22105022754309311
0.19357310881981482
0.21820971160099423
0.2091005960151331
0.18440905570983887
0.14655819992520916
0.327413237554714
0.3208034974915066
0.19286319752128755
0.15236474516504098
0.19344176508345695
0.15344943452388682
0.1324374384629099
0.15074683668725777
0.18909037780761717
0.16645243420696898
0.17838523220193797
0.156438262536659
0.1739419145469206
0.24416565543239557
0.16480143977038433
0.19722010662681178
0.17144836641707512
0.32884244236519666
0.18609816341865354
0.13074603982746894
0.3199284362064973
0.14456781708792354
0.14998394494204176
0.1770254537333613
0.19928840371946624
0.17124446345202496
0.20523763950054463
0.15741281692295858
0.2551566613515218
0.2474120903998306
0.15218287949709547
0.18657259341648647
0.15654286706045772
0.16361262371665553
0.14812049927582613
0.1281814580350309
0.16408505973815918
0.16620212653587604
0.18656264931408328
0.1737766839587499
0.1826371697203754
0.2658506605702062
0.18615820743419506
0.33497387443763627
0.1834152309159587
0.21726496616392646
0.14093074860443938
0.18800705358717176
0.1782777316897523
0.21129742068629112
0.21438392969567008
0.18682602617124847
0.3258638300746109
0.2221799093329388
0.17426192337358504
0.12934610316627904
0.16548084433967544
0.1771638400881898
0.17329289486533717
0.15652683732169015
0.3259869307954433
0.29721025567305714
0.17914732409350445
0.16527859347549517
0.1922377414703369
0.3256509442668579
0.15701433794121994
0.1543754682967912
0.26529995289477676
0.21164018303808507
0.26184539477030433
0.15858997560896965
0.12982459916008843
0.35103958175295874
0.17722021689781775
0.14736442970648045
0.18109364783927187
0.1877544343130929
0.1937959416912448
0.21048921808283377
0.25198359995472186
0.14454632774231926
0.2974179758184096
0.29289029938834055
0.3309148699872434
0.20431524903234777
0.21064907700475988
0.16644600944519045
0.1612557951958625
0.2215354341360239
0.18778448979657394
0.3296134955109041
0.2218556055032982
0.25363275527954104
0.23757652072731508
0.16803441109528414
0.18365157477463348
0.23648496180164572
0.20657291812281456
0.15153524057488693
0.13065623954987862
0.17242366678574506
0.32340803979470967
0.15170293823121084
0.2876318195887974
0.19341194713816925
0.1839236354827881
0.16783615711920274
0.17359572076493765
0.16313499081519342
0.17416710123102713
0.14374603677303233
0.144490954439405
0.31696042714307837
0.17611298622956148
0.17531388751247473
0.18923395625331946
0.16633880424499511
0.1689605428734604
0.15380246050217572
0.1557092588751979
0.20321625158521864
0.15131924069793531
0.13470536014150242
0.15556751251220702
0.3201102011544364
0.19917157861570647
0.2666277599334717
0.22061922776071646
0.2853501008432123
0.16871207512031167
0.1546886549324825
0.254281883338063
0.1768779433130504
0.14558267311311104
0.22073861446020737
0.22056867657537044
0.1798242282867432
0.20969221334541793
0.33791932299963057
0.15374500162461224
0.33589939791622997
0.16075382294525972
0.16669097480773926
0.17567950347374225
0.1820321645912217
0.16006123542785647
0.18423739433288575
0.2060143033919796
0.30248831612723215
0.19346393792525582
0.13268673139197804
0.14042703545611837
0.1552124938964844
0.1832871181882661
0.156827547696172
0.16472510072569183
0.32620203467974807
0.17758025376693062
0.14459592707016888
0.15997296239700784
0.3200911957533201
0.22563314531670242
0.3181667945756219
0.32804286280409056
0.18564799167491772
0.20342197882823457
0.15820652106712604
0.14328874993831553
0.18845355087602644
0.2065256842444925
0.18658942445795584
0.19833726622841574
0.2145722667315534
0.15708084954155815
0.18758403831804304
0.1994055995941162
0.28085646763969874
0.1743547467009662
0.22209285677396334
0.1686272816908987
0.12914677513970269
0.17530636187962123
0.2246360275962136
0.3168128696967816
0.1699234199523926
0.19888773918151856
0.1708364750394885
0.16442483223090737
0.13444882175038914
0.17752148678428248
0.29832256852126704
0.19450163752054997
0.15030899749518678
0.26784721699389785
0.1555936836207517
0.17505595516336375
0.22600393221928522
0.1547570712145637
0.15911615721787079
0.36156161308288576
0.1449964226713968
0.13835736887078537
0.17955118923652463
0.14510140480866301
0.25259833017985023
0.15276084008087984
0.17935866579096366
0.17239755853693534
0.18780255395012932
0.1960110332852318
0.16218083850124426
0.20065620198345824
0.2658951184915942
0.3470741176605225
0.12739071464538576
0.26911053792168116
0.2208240228735882
0.16918417576544298
0.169878324993773
0.17346784611137545
0.32677994750855144
0.2260413430866442
0.16754562090678388
0.19431903205379364
0.15514627556302654
0.1473979007868477
0.30698862624495
0.18003317852409517
0.16293552872794015
0.14122411386590256
0.15761229909332106
0.20273241373497672
0.25236387758838885
0.3305172518161541
0.1733733373292735
0.14651123917621114
0.18708640842902952
0.15280276780275953
0.14139723840307017
0.1606192860779939
0.21809157701927848
0.23334103698730468
0.1693814363655137
0.20234844227226412
0.12826566879063436
0.13861876269887546
0.33849362353851403
0.16561729143901044
0.15373647499084472
0.145653064456688
0.21824009815245185
0.19026045199802943
0.16320150959876276
0.13224723734174457
0.14078904290130173
0.15674230221502794
0.27105123792375835
0.16189008811424518
0.23895856227514878
0.29609445672286183
0.3363312565354996
0.13035061754499164
0.24101086531535235
0.19083142357903557
0.2839736840891284
0.21489202172008914
0.13093161300874093
0.20214731837427893
0.20763375984994986
0.2946208816621362
0.1262937150682722
0.3361265499308958
0.2741054382094418
0.2501617718726089
0.18308047648838588
0.1938181527455648
0.1504443855820415
0.3230512693241171
0.15085032937186105
0.30207751494187574
0.322867664668871
0.137375751907502
0.21188074738439855
0.15249609459278196
0.27017819619947864
0.15750039291381834
0.1486497055856805
0.25730055498273185
0.17161882750595672
0.1437968324256067
0.29091466329183924
0.1499015644849357
0.32611019278124953
0.1708981350720939
0.1866879852294922
0.1620734996795654
0.18997617042227968
0.3365373170059339
0.15893262184272378
0.13493520264773023
0.2374017248926936
0.21518816883281128
0.15412348262050696
0.1477676243864732
0.27645647246262123
0.1888165855407715
0.1477347862391182
0.16103544936896608
0.19281184757457062
0.19745353775024416
0.1724262592492514
0.13628712753751385
0.18905945098563418
0.28600455984284606
0.3326010644321624
0.2502023030310562
0.2195052473280165
0.1431944943988134
0.2655476582845052
0.21160124720059909
0.16714716034966545
0.31087744394938155
0.15559314902717544
0.3325560926709856
0.15828138366578115
0.3336032968197229
0.21397387177196903
0.16874182510375976
0.14654421862433936
0.28793031964983257
0.18984074866935
0.16695308140345982
0.15176009353095962
0.14465063679602838
0.17396659120600272
0.16620029665389152
0.32647469700968323
0.24455519591227617
0.15455469703674318
0.1454483822644767
0.1939740745286296
0.1909444339855297
0.14375024810669915
0.34582956314086916
0.15257193091028023
0.1527444467971574
0.2311295909881592
0.17353444166744456
0.30453300630724106
0.1525581688963609
0.32461087868796085
0.13127457814795948
0.3024761842172357
0.24099842813279893
0.3286438236427945
0.1811224304875241
0.18492838879020845
0.18270259778302414
0.1918279497358534
0.14326562333614268
0.1630996886543606
0.19145153940640963
0.14152475969414963
0.21695176866319443
0.1756685002849948
0.143088001494712
0.1538242684641192
0.16012386885354685
0.14969294822822182
0.18470692711907463
0.18296217373439244
0.16390277912742213
0.13924861010383155
0.2040061043470334
0.14991984429230562
0.3231671855015676
0.28444233067830405
0.3106385485331218
0.33026983374979957
0.15118871688842772
0.148689552218415
0.32947565615807695
0.1384263589055405
0.17153657150268553
0.17580339740884715
0.16335832595825198
0.36067145393008276
0.18791466811607624
0.2249114010550759
0.17490987178257533
0.21428575451091186
0.1552160269793342
0.1619647808074951
0.20065667882061644
0.24901449418837024
0.23243027801513672
0.260092772017134
0.21346675545422
0.15837332371466173
0.1428882227370988
0.1945925022611682
0.15269344096531684
0.1524003134102657
0.1752943938119071
0.18815582678053114
0.1843693645477295
0.1579877220829831
0.21874204635620118
0.2515015175877785
0.18291240613263351
0.33572348198194185
0.14381796724656049
0.15098571833442237
0.19751906305765934
0.1739700324114631
0.16939897811576113
0.3136807266235352
0.1659166795304678
0.1486406506529642
0.19747656271192762
0.18844083786010743
0.19488575301631805
0.16820166028411696
0.2924502863042495
0.22246405820930953
0.34582484862547225
0.16644766583538695
0.14298452783138194
0.33000849831272183
0.19717244224548341
0.20611738146268405
0.222763334963502
0.336709090091923
0.16928761757026284
0.1468882998533027
0.29915793571472166
0.1535769090981319
0.16772842482024547
0.1639137751635383
0.2201945725556846
0.3454204368591309
0.19456600130521334
0.17404010138973114
0.17343715744018556
0.21074455663892958
0.20242221752195869
0.31987835676458815
0.156702811923729
0.18454849804148957
0.2041577961331322
0.24760186410719348
0.17599773469518443
0.18318761221970184
0.1677278137207031
0.17347189922722017
0.20323251665555514
0.23388453807470932
0.19757472625145545
0.18735826842392547
0.14265209213135735
0.3293460421850217
0.14744549849937702
0.150604362487793
0.21296138503334738
0.16065894713768591
0.21295111274719236
0.16102959952815887
0.3024258444859431
0.1786087194150382
0.31741757572894114
0.18094873339152165
0.2632978329759963
0.1840668925117044
0.17897802451561237
0.15553042361610814
0.1812137712751116
0.2105412219055986
0.19083798758591278
0.21110670661926267
0.1493181935635359
0.32391572645233896
0.20935746692475818
0.14859684420458844
0.17120697751141234
0.15489455117119683
0.3079724703337017
0.1367906623840332
0.1444383557994714
0.1873489646911621
0.2111868925792415
0.1821254655589228
0.2586368911185961
0.1771723583997306
0.1698043701348715
0.1606884584755733
0.3237619654981396
0.1337266190846761
0.17250669829453094
0.1619560097811515
0.18215798843738645
0.15257405746814817
0.14806421709887554
0.2366629764011928
0.17999367114475795
0.12885190858753448
0.195835112633465
0.24534419871391133
0.19934660275777183
0.1521452433096396
0.14056406082978118
0.33676027803756176
0.15723767396494828
0.17865341461310952
0.1658551915691745
0.2815962804906509
0.29597334008467824
0.23323509435738082
0.16225422669360987
0.1450975901113974
0.1603819255919253
0.16792208462226682
0.2925274916048403
0.17050595557852968
0.1321611682346889
0.1468796736295106
0.21182411596510145
0.3186891881660496
0.1326411767525248
0.1522349514314278
0.18171377456351503
0.12831406776219198
0.18213753767574534
0.1366314039657365
0.15269953440470868
0.23318844909667968
0.17848115936158193
0.2015198802947998
0.2445435134019002
0.13606677489705604
0.33312205681434043
0.19097490585013613
0.16775035313197545
0.1696903638106126
0.18211852699963016
0.22684227670942034
0.23730489101050034
0.28555871709992614
0.18295769092014857
0.2651608573913574
0.3221346349910814
0.15964561944155348
0.14957571092199107
0.19429433429942414
0.19203448372918205
0.2120424995422363
0.1307662530464701
0.15710703509536822
0.21963810359206154
0.20808019538879394
0.18230962664103337
0.15718728547243727
0.1991289416888288
0.159520918366256
0.17537318816551795
0.3265679360374075
0.19647016426086425
0.14848179880777995
0.1683553767944715
0.2824092044830322
0.21237530609130859
0.2691900444030762
0.30784753899825246
0.19547781321007437
0.27141159700543693
0.18361011505126953
0.17515987027075983
0.31576862784571325
0.314271203161965
0.20849218269348144
0.2072371809217665
0.15483572324117023
0.13044271087646486
0.21262972450256346
0.17409552790083976
0.1917514699789194
0.15881640322068158
0.32972169565105025
0.1404345691905302
0.32687378965379554
0.14069467326711277
0.1406296278505909
0.3174362073625837
0.27010400090898784
0.13373946967634184
0.27386271674057533
0.16671213471487667
0.1719669132232666
0.14798779551188151
0.20931300493675895
0.17301694052559988
0.14406261878438514
0.15776487244500054
0.13606992469550416
0.2108895275809548
0.17039916347635203
0.1614301427410495
0.18239664486476354
0.1628710196153173
0.37115286172325934
0.1821557447184687
0.21047503144201574
0.18822602272033692
0.22843980901381547
0.1441086317568409
0.20557393281356148
0.3239692587707716
0.16752147129603795
0.21361860605675406
0.20116670528440986
0.3310410664394863
0.1381741143786718
0.20411226292045748
0.15073189103201534
0.1587498770088985
0.27319285392761233
0.21267329897199358
0.18098716136387416
0.18317278338305523
0.24831878877455188
0.15009444511542885
0.2813890947454116
0.19859200398724777
0.16041952974656049
0.13185228157947415
0.1926409014533548
0.1431639768206884
0.3184616957212749
0.12778525535374471
0.16237120811253378
0.12448506583815895
0.19715184905312277
0.20720830363612022
0.1754755129132952
0.1965763578258577
0.32311391839035997
0.13040339665992237
0.33048570315043135
0.15911026848687065
0.15312634468078612
0.13426564378558464
0.1746404351225687
0.29480697059631344
0.3292458462655693
0.1936186634739743
0.15093679491678874
0.1756722671903413
0.24570875094487116
0.1392102897868437
0.20595368715721793
0.1375205660115986
0.35169980885432317
0.14970129287849038
0.12650321168719597
0.18099862197349811
0.28992164990988123
0.16598145144668658
0.15760864473738762
0.17598553343133613
0.13863044520925144
0.3234431634630476
0.1831386653642009
0.1986045505886986
0.2456577191454299
0.3438091336338186
0.13165534783313626
0.19785187076700145
0.16802969701541876
0.24235668298289262
0.1433703486474006
0.23249103604192317
0.1565997279047252
0.17175942086869742
0.2490254614430089
0.17356154461296236
0.3241066437208867
0.14944037758902218
0.18807780265808108
0.17571260892427884
0.1981284517141489
0.21988458373329856
0.30743804526655644
0.15199231925519924
0.18803924783747245
0.18436304963153344
0.13665318313154204
0.1950511648217026
0.17466461944580078
0.3324493678637032
0.1732294009594207
0.18678003937658605
0.3200743976593018
0.20163001949504272
0.14435991608694698
0.19170566244439766
0.3318995409122305
0.2909173796727107
0.21162878717694963
0.3203751142057654
0.19302443504333497
0.18385572707816347
