0|0|65.0|0.05604362487792969
0|1|72.3|0.06156110763549805
0|2|95.9|0.04226374626159668
0|3|52.8|0.06529736518859863
0|4|88.7|0.03869986534118652
0|5|59.5|0.06788039207458496
0|6|81.8|0.03982353210449219
0|7|72.2|0.06550908088684082
0|8|76.4|0.040558815002441406
0|9|85.7|0.06037735939025879
0|10|73.5|0.04817318916320801
0|11|92.3|0.06156730651855469
0|12|69.8|0.06815004348754883
0|13|85.5|0.038779497146606445
0|14|65.6|0.06381821632385254
0|15|80.4|0.05138897895812988
0|16|83.0|0.05526328086853027
0|17|75.0|0.04122161865234375
0|18|86.1|0.057767391204833984
0|19|74.0|0.07001495361328125
0|20|87.9|0.03905367851257324
0|21|55.9|0.0710756778717041
0|22|90.2|0.040160417556762695
0|23|71.0|0.05836009979248047
0|24|78.0|0.037836313247680664
0|25|75.8|0.061063289642333984
0|26|77.6|0.04055976867675781
0|27|80.0|0.05179572105407715
0|28|74.4|0.04026007652282715
0|29|72.7|0.0582883358001709
1|0|73.5|0.03846931457519531
1|1|78.8|0.05241513252258301
1|2|81.4|0.0402979850769043
1|3|64.5|0.06934356689453125
1|4|78.2|0.044567108154296875
1|5|83.8|0.05468034744262695
1|6|75.0|0.04236936569213867
1|7|85.3|0.060150861740112305
1|8|75.5|0.08051395416259766
1|9|96.8|0.05573534965515137
1|10|87.5|0.05811119079589844
1|11|72.7|0.038609981536865234
1|12|84.4|0.057955265045166016
1|13|75.5|0.046070098876953125
1|14|87.2|0.06224703788757324
1|15|76.5|0.050245046615600586
1|16|88.1|0.048479557037353516
1|17|70.3|0.053022146224975586
1|18|88.4|0.04630279541015625
1|19|71.8|0.04460954666137695
1|20|89.7|0.04917478561401367
1|21|74.4|0.04008889198303223
1|22|83.3|0.061593055725097656
1|23|71.7|0.06107354164123535
1|24|96.2|0.050104618072509766
1|25|63.2|0.06613588333129883
1|26|90.4|0.040003061294555664
1|27|63.6|0.05816531181335449
1|28|89.1|0.03952527046203613
1|29|66.7|0.06506061553955078
2|0|84.3|0.039983272552490234
2|1|69.4|0.05831408500671387
2|2|84.8|0.0413362979888916
2|3|66.7|0.062320709228515625
2|4|82.4|0.04026365280151367
2|5|75.8|0.06026864051818848
2|6|81.6|0.05495882034301758
2|7|86.0|0.07069921493530273
2|8|76.8|0.06096363067626953
2|9|90.4|0.04151320457458496
2|10|64.7|0.05035758018493652
2|11|94.9|0.043700456619262695
2|12|67.6|0.05066347122192383
2|13|97.6|0.04541468620300293
2|14|62.9|0.055550575256347656
2|15|93.2|0.04647517204284668
2|16|63.2|0.05331850051879883
2|17|93.5|0.046816349029541016
2|18|65.8|0.0756826400756836
2|19|85.0|0.041021108627319336
2|20|70.6|0.06316113471984863
2|21|83.0|0.03932833671569824
2|22|71.9|0.06326436996459961
2|23|82.0|0.0464320182800293
2|24|89.7|0.05725455284118652
2|25|74.5|0.05297112464904785
2|26|86.4|0.06428933143615723
2|27|78.0|0.04914450645446777
2|28|90.7|0.04255342483520508
2|29|65.6|0.0690925121307373
3|0|89.5|0.039726972579956055
3|1|70.6|0.07140994071960449
3|2|89.3|0.04366350173950195
3|3|77.8|0.06482625007629395
3|4|74.5|0.04544663429260254
3|5|86.5|0.0689239501953125
3|6|77.8|0.056493520736694336
3|7|91.3|0.042635202407836914
3|8|65.7|0.04819083213806152
3|9|94.9|0.0474550724029541
3|10|71.8|0.045263051986694336
3|11|89.7|0.04814505577087402
3|12|71.1|0.046637535095214844
3|13|84.6|0.06543850898742676
3|14|76.9|0.04803013801574707
3|15|92.5|0.04841327667236328
3|16|65.8|0.04981040954589844
3|17|92.5|0.04691720008850098
3|18|68.4|0.04546999931335449
3|19|89.7|0.04978013038635254
3|20|71.1|0.0446932315826416
3|21|88.6|0.05085921287536621
3|22|72.1|0.0482785701751709
3|23|89.2|0.05090832710266113
3|24|71.4|0.04877829551696777
3|25|87.5|0.06454062461853027
3|26|74.5|0.059958457946777344
3|27|87.8|0.044655799865722656
3|28|69.2|0.05447220802307129
3|29|90.9|0.04162740707397461
4|0|66.7|0.05784296989440918
4|1|89.4|0.041235923767089844
4|2|68.7|0.058098554611206055
4|3|86.7|0.045619964599609375
4|4|71.8|0.06327486038208008
4|5|96.2|0.04341244697570801
4|6|69.7|0.07131791114807129
4|7|82.0|0.04429292678833008
4|8|82.9|0.05561184883117676
4|9|77.3|0.04655265808105469
4|10|84.6|0.05203104019165039
4|11|76.7|0.04686689376831055
4|12|83.8|0.05316781997680664
4|13|77.3|0.04571795463562012
4|14|84.2|0.05809664726257324
4|15|73.3|0.047176361083984375
4|16|86.8|0.05090785026550293
4|17|76.7|0.05192399024963379
4|18|92.5|0.052045583724975586
4|19|75.6|0.0492556095123291
4|20|88.4|0.04778861999511719
4|21|74.4|0.04551815986633301
4|22|92.1|0.051380157470703125
4|23|76.2|0.04809260368347168
4|24|85.0|0.04899168014526367
4|25|75.6|0.04320359230041504
4|26|88.2|0.05490517616271973
4|27|76.7|0.043289899826049805
4|28|88.2|0.05269193649291992
4|29|74.4|0.04950451850891113
5|0|90.9|0.05482959747314453
5|1|79.5|0.045632123947143555
5|2|84.2|0.054431915283203125
5|3|76.2|0.046767473220825195
5|4|92.3|0.06117534637451172
5|5|81.6|0.045107364654541016
5|6|86.8|0.052697181701660156
5|7|73.2|0.041864871978759766
5|8|85.7|0.05295872688293457
5|9|78.0|0.04910731315612793
5|10|85.0|0.05315041542053223
5|11|74.4|0.05476498603820801
5|12|93.5|0.047742605209350586
5|13|75.7|0.05544304847717285
5|14|84.8|0.05118680000305176
5|15|73.2|0.0504608154296875
5|16|85.4|0.05151081085205078
5|17|73.2|0.049768686294555664
5|18|83.3|0.05201387405395508
5|19|75.6|0.048821210861206055
5|20|86.5|0.053179264068603516
5|21|69.8|0.05167698860168457
5|22|90.0|0.0606997013092041
5|23|81.1|0.05477571487426758
5|24|82.2|0.04379391670227051
5|25|76.5|0.05625462532043457
5|26|84.8|0.04189777374267578
5|27|76.5|0.05263972282409668
5|28|84.4|0.045323848724365234
5|29|74.3|0.048387765884399414
6|0|85.4|0.04624676704406738
6|1|70.6|0.05637931823730469
6|2|87.2|0.04749178886413574
6|3|76.9|0.06775617599487305
6|4|86.8|0.06109118461608887
6|5|84.0|0.05619049072265625
6|6|71.1|0.05056309700012207
6|7|92.7|0.04811382293701172
6|8|75.0|0.06052398681640625
6|9|84.0|0.04966020584106445
6|10|68.3|0.06909656524658203
6|11|82.1|0.04247903823852539
6|12|76.5|0.05867409706115723
6|13|81.3|0.04014158248901367
6|14|77.4|0.06199193000793457
6|15|84.6|0.06698489189147949
6|16|88.9|0.051055908203125
6|17|73.8|0.060709238052368164
6|18|88.5|0.04647564888000488
6|19|71.1|0.06282258033752441
6|20|86.3|0.04744148254394531
6|21|75.7|0.0626516342163086
6|22|82.4|0.048629045486450195
6|23|81.6|0.05979156494140625
6|24|78.7|0.056543588638305664
6|25|87.0|0.060880422592163086
6|26|83.3|0.06133747100830078
6|27|88.5|0.04829812049865723
6|28|72.5|0.06589722633361816
6|29|85.2|0.049057722091674805
7|0|88.1|0.071441650390625
7|1|81.8|0.07593774795532227
7|2|88.3|0.054666757583618164
7|3|85.4|0.08276486396789551
7|4|89.7|0.06880068778991699
7|5|81.5|0.0457463264465332
7|6|84.6|0.05612587928771973
7|7|78.7|0.05385589599609375
7|8|88.9|0.06426072120666504
7|9|78.2|0.06318902969360352
7|10|88.2|0.04686307907104492
7|11|75.0|0.06218147277832031
7|12|82.7|0.050371408462524414
7|13|81.0|0.06087160110473633
7|14|79.6|0.07273721694946289
7|15|86.4|0.049263954162597656
7|16|76.3|0.07195329666137695
7|17|83.3|0.0500185489654541
7|18|83.8|0.06725645065307617
7|19|88.7|0.06891369819641113
7|20|84.2|0.043839216232299805
7|21|76.5|0.06547403335571289
7|22|81.8|0.04696059226989746
7|23|84.6|0.05808711051940918
7|24|79.2|0.06192421913146973
7|25|96.0|0.05490231513977051
7|26|78.3|0.06024026870727539
7|27|85.4|0.047583580017089844
7|28|82.1|0.07777094841003418
7|29|81.3|0.04766440391540527
8|0|89.7|0.05897712707519531
8|1|72.9|0.06438827514648438
8|2|83.0|0.04871106147766113
8|3|74.4|0.056140899658203125
8|4|86.4|0.051679372787475586
8|5|78.3|0.06316471099853516
8|6|76.5|0.050386667251586914
8|7|87.8|0.05908370018005371
8|8|74.5|0.06388258934020996
8|9|92.3|0.04709792137145996
8|10|79.5|0.06044340133666992
8|11|85.4|0.051714181900024414
8|12|79.5|0.05548858642578125
8|13|83.7|0.047029972076416016
8|14|81.1|0.05850529670715332
8|15|83.0|0.051297903060913086
8|16|81.0|0.05478501319885254
8|17|80.4|0.05836820602416992
8|18|83.0|0.05947160720825195
8|19|77.1|0.07393312454223633
8|20|88.3|0.05647397041320801
8|21|88.0|0.06827998161315918
8|22|83.6|0.057265281677246094
8|23|83.7|0.05098104476928711
8|24|78.0|0.05806756019592285
8|25|83.0|0.048708200454711914
8|26|79.5|0.059597015380859375
8|27|79.6|0.05161118507385254
8|28|86.4|0.05742645263671875
8|29|78.3|0.07236385345458984
9|0|87.9|0.046660661697387695
9|1|79.5|0.05888557434082031
9|2|83.3|0.049109697341918945
9|3|76.9|0.06287145614624023
9|4|78.8|0.05797147750854492
9|5|92.0|0.05906796455383301
9|6|79.2|0.0603795051574707
9|7|88.5|0.05211162567138672
9|8|75.6|0.06029701232910156
9|9|82.4|0.057306528091430664
9|10|89.1|0.07139301300048828
9|11|84.7|0.060324907302856445
9|12|83.7|0.05263948440551758
9|13|78.6|0.06324386596679688
9|14|79.2|0.06659984588623047
9|15|92.5|0.07006645202636719
9|16|81.5|0.08216595649719238
9|17|88.1|0.07718348503112793
9|18|85.7|0.0540003776550293
9|19|84.1|0.051740407943725586
9|20|78.6|0.05167341232299805
9|21|88.1|0.05045962333679199
9|22|76.2|0.05238628387451172
9|23|88.6|0.04964160919189453
9|24|77.5|0.052841901779174805
9|25|87.0|0.048094987869262695
9|26|76.9|0.05136680603027344
9|27|90.5|0.060866594314575195
9|28|84.6|0.06171989440917969
9|29|82.0|0.04581642150878906
10|0|78.8|0.0559697151184082
10|1|81.8|0.05177450180053711
10|2|83.7|0.05885958671569824
10|3|79.2|0.04864501953125
10|4|86.8|0.05827188491821289
10|5|79.2|0.052115440368652344
10|6|85.7|0.049645185470581055
10|7|78.6|0.07210016250610352
10|8|91.2|0.07136297225952148
10|9|93.0|0.05066370964050293
10|10|76.2|0.06765294075012207
10|11|87.0|0.05386853218078613
10|12|81.8|0.07136797904968262
10|13|83.6|0.051911115646362305
10|14|86.0|0.048479318618774414
10|15|79.5|0.05406761169433594
10|16|88.6|0.04957890510559082
10|17|76.2|0.06142139434814453
10|18|88.2|0.05719566345214844
10|19|80.0|0.060158729553222656
10|20|84.0|0.04908180236816406
10|21|78.9|0.053522348403930664
10|22|80.4|0.04636120796203613
10|23|84.2|0.05686759948730469
10|24|80.0|0.050331830978393555
10|25|85.7|0.05197572708129883
10|26|76.2|0.04855918884277344
10|27|85.0|0.05221199989318848
10|28|76.7|0.052417755126953125
10|29|86.4|0.06461477279663086
11|0|82.7|0.05899500846862793
11|1|85.4|0.061285972595214844
11|2|84.3|0.06302642822265625
11|3|86.5|0.05699920654296875
11|4|87.2|0.052419185638427734
11|5|74.4|0.06244683265686035
11|6|96.1|0.05189657211303711
11|7|83.3|0.058171749114990234
11|8|79.6|0.05249333381652832
11|9|88.1|0.08251452445983887
11|10|83.6|0.059966325759887695
11|11|82.0|0.04415631294250488
11|12|73.5|0.05768227577209473
11|13|85.4|0.05783247947692871
11|14|85.7|0.05860543251037598
11|15|78.3|0.049361467361450195
11|16|81.6|0.06187105178833008
11|17|81.6|0.04768204689025879
11|18|89.7|0.06940770149230957
11|19|82.8|0.05617952346801758
11|20|80.0|0.047673940658569336
11|21|79.5|0.054740190505981445
11|22|84.1|0.06011152267456055
11|23|85.7|0.050502777099609375
11|24|80.0|0.04665970802307129
11|25|80.0|0.050385475158691406
11|26|81.0|0.04906034469604492
11|27|82.9|0.05200028419494629
11|28|78.0|0.05325675010681152
11|29|86.4|0.05838727951049805
12|0|69.6|0.05334901809692383
12|1|90.7|0.04846954345703125
12|2|72.5|0.06842780113220215
12|3|87.0|0.04356575012207031
12|4|78.4|0.07222747802734375
12|5|88.1|0.05183053016662598
12|6|85.4|0.06627225875854492
12|7|80.8|0.05339193344116211
12|8|88.4|0.04600048065185547
12|9|71.8|0.051056861877441406
12|10|87.8|0.05076003074645996
12|11|76.2|0.05475425720214844
12|12|86.4|0.04677939414978027
12|13|75.7|0.0657811164855957
12|14|80.0|0.04796433448791504
12|15|78.9|0.06625652313232422
12|16|85.2|0.06290102005004883
12|17|92.2|0.07267379760742188
12|18|89.5|0.08562278747558594
12|19|83.8|0.061966896057128906
12|20|94.0|0.05701398849487305
12|21|89.4|0.08177351951599121
12|22|83.8|0.06948018074035645
12|23|93.1|0.05613994598388672
12|24|82.6|0.059458255767822266
12|25|79.2|0.06414389610290527
12|26|90.4|0.04725980758666992
12|27|71.8|0.05491232872009277
12|28|86.7|0.05212664604187012
12|29|73.2|0.05574488639831543
13|0|95.1|0.04792952537536621
13|1|80.5|0.06880760192871094
13|2|90.9|0.05183053016662598
13|3|73.8|0.07237434387207031
13|4|83.3|0.05003976821899414
13|5|87.2|0.05542707443237305
13|6|74.4|0.05264687538146973
13|7|84.1|0.04514956474304199
13|8|74.4|0.062081336975097656
13|9|84.0|0.047300100326538086
13|10|75.0|0.06677103042602539
13|11|78.4|0.045531272888183594
13|12|82.1|0.05637788772583008
13|13|78.3|0.05251455307006836
13|14|91.1|0.06105208396911621
13|15|78.3|0.04676365852355957
13|16|89.5|0.05175590515136719
13|17|74.4|0.051080942153930664
13|18|88.1|0.05022239685058594
13|19|77.5|0.05342721939086914
13|20|85.4|0.06746768951416016
13|21|83.3|0.06009507179260254
13|22|79.2|0.05395174026489258
13|23|90.9|0.059569358825683594
13|24|79.2|0.04946589469909668
13|25|85.4|0.051035404205322266
13|26|77.5|0.05884885787963867
13|27|80.9|0.07066917419433594
13|28|86.0|0.07205677032470703
13|29|87.7|0.07026267051696777
14|0|86.2|0.04707813262939453
14|1|78.4|0.05747628211975098
14|2|85.1|0.047308921813964844
14|3|78.9|0.05389857292175293
14|4|82.2|0.04626202583312988
14|5|80.6|0.0545802116394043
14|6|82.2|0.04825925827026367
14|7|78.0|0.052892446517944336
14|8|85.0|0.051035165786743164
14|9|81.4|0.06180882453918457
14|10|86.3|0.05474448204040527
14|11|84.4|0.04942178726196289
14|12|77.5|0.05234837532043457
14|13|85.7|0.0518496036529541
14|14|75.6|0.05785393714904785
14|15|87.5|0.044968366622924805
14|16|77.8|0.05471992492675781
14|17|86.4|0.046550750732421875
14|18|76.3|0.06283783912658691
14|19|84.3|0.049161672592163086
14|20|76.7|0.066680908203125
14|21|87.3|0.0614469051361084
14|22|83.3|0.05031132698059082
14|23|75.6|0.05673503875732422
14|24|87.8|0.05009317398071289
14|25|80.5|0.06748342514038086
14|26|92.5|0.07129144668579102
14|27|88.1|0.049021244049072266
14|28|76.3|0.06692004203796387
14|29|87.5|0.04528307914733887
15|0|77.8|0.0575253963470459
15|1|85.4|0.06444215774536133
15|2|90.2|0.055565834045410156
15|3|73.9|0.05446028709411621
15|4|90.9|0.06131267547607422
15|5|81.6|0.05708742141723633
15|6|83.3|0.045974016189575195
15|7|80.6|0.05821967124938965
15|8|81.2|0.048410654067993164
15|9|80.5|0.05344510078430176
15|10|83.3|0.044898033142089844
15|11|81.6|0.05686616897583008
15|12|80.4|0.04836130142211914
15|13|84.6|0.057932376861572266
15|14|81.3|0.06358671188354492
15|15|92.2|0.04894208908081055
15|16|79.5|0.059427738189697266
15|17|83.7|0.050644636154174805
15|18|76.3|0.04883861541748047
15|19|85.7|0.0485074520111084
15|20|74.4|0.05631089210510254
15|21|85.1|0.04971122741699219
15|22|82.9|0.05986928939819336
15|23|91.8|0.0557856559753418
15|24|84.4|0.051284074783325195
15|25|78.6|0.06693100929260254
15|26|87.5|0.04863739013671875
15|27|80.0|0.04988694190979004
15|28|84.6|0.0507969856262207
15|29|78.6|0.05211472511291504
16|0|83.3|0.046805620193481445
16|1|79.5|0.050946950912475586
16|2|85.7|0.0467982292175293
16|3|80.0|0.05676603317260742
16|4|84.4|0.04678678512573242
16|5|79.5|0.05203962326049805
16|6|86.0|0.054099321365356445
16|7|83.7|0.06798028945922852
16|8|81.0|0.04683732986450195
16|9|79.5|0.05693674087524414
16|10|77.3|0.05133795738220215
16|11|88.1|0.06214332580566406
16|12|79.6|0.052579641342163086
16|13|93.2|0.06217598915100098
16|14|80.4|0.05199694633483887
16|15|83.3|0.04376959800720215
16|16|79.4|0.05962657928466797
16|17|81.6|0.04686927795410156
16|18|78.9|0.05892515182495117
16|19|81.6|0.05106663703918457
16|20|82.9|0.07581782341003418
16|21|85.5|0.059746742248535156
16|22|87.2|0.04638385772705078
16|23|76.9|0.06755590438842773
16|24|90.9|0.04571533203125
16|25|81.6|0.06210947036743164
16|26|80.0|0.07217192649841309
16|27|88.1|0.045351266860961914
16|28|72.2|0.05802416801452637
16|29|87.0|0.0446169376373291
17|0|77.5|0.054227352142333984
17|1|85.4|0.04508399963378906
17|2|76.9|0.05827164649963379
17|3|82.6|0.047664642333984375
17|4|76.9|0.05340862274169922
17|5|83.3|0.04321599006652832
17|6|78.9|0.06783747673034668
17|7|90.6|0.055449485778808594
17|8|91.3|0.05120038986206055
17|9|73.7|0.055594682693481445
17|10|88.6|0.0435795783996582
17|11|70.3|0.05428886413574219
17|12|90.5|0.049944162368774414
17|13|72.1|0.05376935005187988
17|14|89.1|0.04537248611450195
17|15|71.4|0.05041956901550293
17|16|90.2|0.04748964309692383
17|17|73.7|0.0683753490447998
17|18|83.9|0.06502747535705566
17|19|94.5|0.06253361701965332
17|20|71.7|0.05677437782287598
17|21|95.7|0.04987382888793945
17|22|71.4|0.06710290908813477
17|23|94.2|0.05035996437072754
17|24|80.5|0.06847858428955078
17|25|83.6|0.0464630126953125
17|26|84.6|0.06577348709106445
17|27|75.0|0.05202889442443848
17|28|90.5|0.04631853103637695
17|29|71.1|0.05324077606201172
18|0|95.3|0.04692387580871582
18|1|69.2|0.05546259880065918
18|2|91.1|0.04982256889343262
18|3|65.8|0.053102731704711914
18|4|88.4|0.04697680473327637
18|5|69.4|0.05207085609436035
18|6|90.5|0.045922279357910156
18|7|72.5|0.05316925048828125
18|8|90.5|0.04751300811767578
18|9|73.7|0.06334400177001953
18|10|92.2|0.047132015228271484
18|11|82.1|0.05774712562561035
18|12|81.2|0.042806148529052734
18|13|76.5|0.05323624610900879
18|14|81.4|0.040428876876831055
18|15|79.4|0.05717873573303223
18|16|84.4|0.07003545761108398
18|17|91.5|0.053937673568725586
18|18|74.4|0.050874948501586914
18|19|93.0|0.04787945747375488
18|20|68.4|0.05294179916381836
18|21|93.2|0.044776201248168945
18|22|72.2|0.05329275131225586
18|23|88.9|0.04360675811767578
18|24|73.5|0.05100083351135254
18|25|85.4|0.04566073417663574
18|26|77.8|0.05080008506774902
18|27|83.8|0.0666196346282959
18|28|82.5|0.06896519660949707
18|29|92.3|0.049036502838134766
19|0|80.5|0.059479713439941406
19|1|81.2|0.040807247161865234
19|2|78.1|0.06096982955932617
19|3|80.8|0.061775922775268555
19|4|92.0|0.05829668045043945
19|5|79.2|0.05258440971374512
19|6|90.9|0.0456395149230957
19|7|72.2|0.055162906646728516
19|8|88.9|0.0632476806640625
19|9|79.6|0.06466960906982422
19|10|88.2|0.061689138412475586
19|11|92.3|0.04825615882873535
19|12|73.7|0.07675623893737793
19|13|85.9|0.06315231323242188
19|14|92.0|0.06988644599914551
19|15|86.0|0.06438183784484863
19|16|80.4|0.04301786422729492
19|17|72.7|0.053936004638671875
19|18|81.8|0.0442957878112793
19|19|77.1|0.06106257438659668
19|20|80.0|0.039920806884765625
19|21|78.1|0.06539487838745117
19|22|90.7|0.0390172004699707
19|23|78.1|0.06072854995727539
19|24|79.2|0.06024026870727539
19|25|89.6|0.04982399940490723
19|26|79.1|0.07151126861572266
19|27|91.4|0.04765200614929199
19|28|81.6|0.06029653549194336
19|29|90.0|0.05493640899658203
20|0|86.7|0.06302905082702637
20|1|84.3|0.05733013153076172
20|2|95.7|0.05406904220581055
20|3|78.6|0.0759270191192627
20|4|87.3|0.07137918472290039
20|5|94.7|0.05349135398864746
20|6|79.5|0.07341265678405762
20|7|87.9|0.05714249610900879
20|8|91.5|0.0816965103149414
20|9|95.5|0.06383848190307617
20|10|86.3|0.0466461181640625
20|11|87.5|0.06282973289489746
20|12|84.3|0.05799436569213867
20|13|93.6|0.06634092330932617
20|14|90.9|0.06042933464050293
20|15|87.8|0.048497915267944336
20|16|85.7|0.06478500366210938
20|17|84.3|0.05773305892944336
20|18|93.6|0.05720186233520508
20|19|76.1|0.05207037925720215
20|20|92.7|0.045914649963378906
20|21|69.2|0.047594547271728516
20|22|92.3|0.047827959060668945
20|23|71.1|0.042908668518066406
20|24|85.3|0.06645536422729492
20|25|80.8|0.054544687271118164
20|26|89.1|0.04324531555175781
20|27|69.4|0.051217079162597656
20|28|90.0|0.04455423355102539
20|29|68.6|0.04969072341918945
21|0|90.5|0.04788088798522949
21|1|71.1|0.05219626426696777
21|2|91.3|0.04779815673828125
21|3|70.3|0.05790376663208008
21|4|84.1|0.04735970497131348
21|5|75.0|0.0885615348815918
21|6|93.0|0.07511353492736816
21|7|90.0|0.04409313201904297
21|8|71.4|0.06266450881958008
21|9|84.3|0.043910980224609375
21|10|70.6|0.059580087661743164
21|11|81.6|0.04352927207946777
21|12|77.8|0.053627967834472656
21|13|81.8|0.04077720642089844
21|14|71.0|0.056958675384521484
21|15|83.0|0.04071331024169922
21|16|73.5|0.06689572334289551
21|17|88.9|0.042172908782958984
21|18|81.8|0.052916526794433594
21|19|79.5|0.040496826171875
21|20|79.4|0.05377936363220215
21|21|83.7|0.04030656814575195
21|22|70.6|0.05754375457763672
21|23|84.4|0.04109930992126465
21|24|70.3|0.06241011619567871
21|25|84.3|0.038550376892089844
21|26|70.6|0.058702707290649414
21|27|83.3|0.03992819786071777
21|28|68.8|0.07762527465820312
21|29|80.3|0.04642605781555176
22|0|85.7|0.052855730056762695
22|1|72.7|0.04203987121582031
22|2|88.9|0.05098295211791992
22|3|73.8|0.03899502754211426
22|4|74.2|0.07639217376708984
22|5|82.0|0.04948163032531738
22|6|92.9|0.04888439178466797
22|7|64.1|0.04498410224914551
22|8|92.1|0.04934978485107422
22|9|69.2|0.04323244094848633
22|10|91.2|0.05903792381286621
22|11|73.5|0.04453444480895996
22|12|89.2|0.05082345008850098
22|13|73.2|0.0430300235748291
22|14|83.3|0.052141427993774414
22|15|76.2|0.03952336311340332
22|16|73.5|0.06001710891723633
22|17|79.2|0.039269447326660156
22|18|72.7|0.0597081184387207
22|19|78.4|0.03977704048156738
22|20|71.0|0.0582127571105957
22|21|80.9|0.04326367378234863
22|22|77.1|0.06455326080322266
22|23|76.5|0.04100775718688965
22|24|83.9|0.05614972114562988
22|25|72.7|0.04015064239501953
22|26|82.4|0.05844426155090332
22|27|74.5|0.03790903091430664
22|28|78.8|0.057186126708984375
22|29|77.8|0.03985166549682617
23|0|74.3|0.06387472152709961
23|1|76.5|0.03873085975646973
23|2|80.0|0.05896949768066406
23|3|77.1|0.03893303871154785
23|4|78.1|0.07161855697631836
23|5|83.3|0.054103851318359375
23|6|92.7|0.0483858585357666
23|7|63.2|0.04615187644958496
23|8|92.1|0.049820899963378906
23|9|66.7|0.043410301208496094
23|10|94.1|0.07426905632019043
23|11|74.6|0.0661916732788086
23|12|82.7|0.03792428970336914
23|13|65.5|0.06184244155883789
23|14|82.4|0.03932762145996094
23|15|70.6|0.059316396713256836
23|16|80.9|0.04143261909484863
23|17|69.7|0.06468033790588379
23|18|76.5|0.03984427452087402
23|19|78.8|0.05713295936584473
23|20|77.1|0.04003262519836426
23|21|76.7|0.07327580451965332
23|22|78.3|0.04715418815612793
23|23|91.7|0.05019330978393555
23|24|70.0|0.04363369941711426
23|25|88.2|0.05393505096435547
23|26|72.7|0.043470144271850586
23|27|85.3|0.05439567565917969
23|28|74.4|0.0430755615234375
23|29|86.5|0.05626106262207031
24|0|73.9|0.04928088188171387
24|1|85.7|0.05390429496765137
24|2|72.5|0.04755377769470215
24|3|92.5|0.07259631156921387
24|4|83.3|0.0576174259185791
24|5|85.1|0.0406954288482666
24|6|66.7|0.06186103820800781
24|7|84.6|0.04067397117614746
24|8|71.9|0.06261038780212402
24|9|80.8|0.04205608367919922
24|10|76.5|0.06504440307617188
24|11|75.9|0.040264129638671875
24|12|84.4|0.06121182441711426
24|13|79.6|0.08925414085388184
24|14|89.2|0.044486045837402344
24|15|72.2|0.05615639686584473
24|16|81.2|0.04640388488769531
24|17|87.2|0.06820988655090332
24|18|84.9|0.04709362983703613
24|19|89.5|0.05328178405761719
24|20|73.3|0.0556187629699707
24|21|86.7|0.045438289642333984
24|22|69.4|0.047701120376586914
24|23|90.7|0.061151742935180664
24|24|77.8|0.05867576599121094
24|25|90.0|0.04010939598083496
24|26|66.7|0.061957359313964844
24|27|89.6|0.03961181640625
24|28|66.7|0.05895185470581055
24|29|89.4|0.04041767120361328
25|0|66.7|0.08143258094787598
25|1|89.6|0.05379199981689453
25|2|90.7|0.05049920082092285
25|3|70.0|0.05241560935974121
25|4|92.9|0.07796001434326172
25|5|88.9|0.057799339294433594
25|6|78.3|0.0397791862487793
25|7|77.8|0.06389021873474121
25|8|78.0|0.047069549560546875
25|9|81.6|0.05561685562133789
25|10|75.0|0.046259164810180664
25|11|86.8|0.0540316104888916
25|12|74.4|0.04145646095275879
25|13|87.5|0.08070087432861328
25|14|89.7|0.06602907180786133
25|15|81.1|0.04390668869018555
25|16|75.7|0.05879378318786621
25|17|78.7|0.04543876647949219
25|18|80.0|0.054792165756225586
25|19|77.8|0.0408177375793457
25|20|82.9|0.06206679344177246
25|21|77.6|0.043999433517456055
25|22|85.7|0.057503700256347656
25|23|75.0|0.04409074783325195
25|24|88.6|0.07440185546875
25|25|79.0|0.08208274841308594
25|26|80.3|0.04780173301696777
25|27|86.1|0.060787200927734375
25|28|79.2|0.08114790916442871
25|29|87.7|0.07110214233398438
26|0|87.9|0.045436859130859375
26|1|69.2|0.058481693267822266
26|2|91.5|0.04557323455810547
26|3|67.6|0.06041312217712402
26|4|89.8|0.04371142387390137
26|5|69.4|0.06536722183227539
26|6|89.1|0.05611109733581543
26|7|88.9|0.057102203369140625
26|8|76.6|0.04610466957092285
26|9|85.7|0.0562131404876709
26|10|79.2|0.05217456817626953
26|11|85.4|0.0534670352935791
26|12|75.0|0.05953836441040039
26|13|89.6|0.047124385833740234
26|14|66.7|0.07787585258483887
26|15|77.8|0.04526042938232422
26|16|77.1|0.07391667366027832
26|17|82.0|0.06499385833740234
26|18|87.3|0.04457831382751465
26|19|66.7|0.06954145431518555
26|20|83.9|0.04355978965759277
26|21|77.8|0.06600451469421387
26|22|79.6|0.04383730888366699
26|23|85.7|0.057796478271484375
26|24|77.8|0.07263684272766113
26|25|91.2|0.04844188690185547
26|26|65.8|0.07691526412963867
26|27|82.8|0.05048727989196777
26|28|88.1|0.05277562141418457
26|29|73.2|0.05157065391540527
27|0|88.1|0.05107235908508301
27|1|72.7|0.05434274673461914
27|2|92.7|0.04763007164001465
27|3|69.2|0.04785466194152832
27|4|88.4|0.04986095428466797
27|5|71.8|0.06412410736083984
27|6|86.3|0.045133113861083984
27|7|67.6|0.07325100898742676
27|8|90.0|0.04471874237060547
27|9|75.8|0.06008338928222656
27|10|81.6|0.044821739196777344
27|11|83.8|0.0564730167388916
27|12|79.2|0.04671883583068848
27|13|87.2|0.06054520606994629
27|14|70.8|0.06137204170227051
27|15|88.0|0.0491485595703125
27|16|63.2|0.06775379180908203
27|17|85.5|0.04113411903381348
27|18|69.7|0.07205319404602051
27|19|84.5|0.0551142692565918
27|20|82.6|0.05980539321899414
27|21|76.6|0.08716154098510742
27|22|90.1|0.04650235176086426
27|23|86.8|0.05185413360595703
27|24|72.1|0.049874305725097656
27|25|89.5|0.07617306709289551
27|26|75.4|0.06528210639953613
27|27|79.2|0.042787790298461914
27|28|78.4|0.057245492935180664
27|29|77.3|0.04038095474243164
28|0|79.4|0.08100533485412598
28|1|81.3|0.0865933895111084
28|2|88.7|0.06245756149291992
28|3|96.2|0.04488182067871094
28|4|68.4|0.05178332328796387
28|5|95.0|0.0582425594329834
28|6|74.5|0.05560040473937988
28|7|90.9|0.040704965591430664
28|8|66.7|0.062375545501708984
28|9|88.2|0.04159879684448242
28|10|71.4|0.06525087356567383
28|11|83.0|0.057117462158203125
28|12|83.7|0.057695627212524414
28|13|73.5|0.045325517654418945
28|14|91.7|0.05481696128845215
28|15|73.9|0.05259966850280762
28|16|91.1|0.05557513236999512
28|17|75.0|0.07982325553894043
28|18|83.9|0.04857182502746582
28|19|81.4|0.057451486587524414
28|20|76.1|0.04580068588256836
28|21|87.2|0.06667971611022949
28|22|83.9|0.059090375900268555
28|23|91.7|0.040621280670166016
28|24|67.6|0.05717825889587402
28|25|91.5|0.0433349609375
28|26|71.4|0.06279277801513672
28|27|88.2|0.042314767837524414
28|28|69.4|0.06442546844482422
28|29|88.5|0.04249286651611328
29|0|72.2|0.06108236312866211
29|1|84.0|0.04074406623840332
29|2|71.4|0.06361603736877441
29|3|82.7|0.05320549011230469
29|4|88.6|0.06136751174926758
29|5|80.4|0.060074567794799805
29|6|88.2|0.0452427864074707
29|7|72.2|0.0599513053894043
29|8|87.5|0.04384613037109375
29|9|73.7|0.05597805976867676
29|10|88.9|0.045613765716552734
29|11|73.0|0.06652212142944336
29|12|81.1|0.043750762939453125
29|13|74.3|0.06326746940612793
29|14|86.5|0.06905341148376465
29|15|90.9|0.0677797794342041
29|16|85.7|0.06798410415649414
29|17|83.6|0.04761075973510742
29|18|79.5|0.07411384582519531
29|19|85.5|0.052307844161987305
29|20|86.0|0.06006336212158203
29|21|88.0|0.0837717056274414
29|22|85.9|0.054665565490722656
29|23|93.3|0.06461977958679199
29|24|81.5|0.08333349227905273
29|25|83.6|0.06177544593811035
29|26|94.2|0.05684256553649902
29|27|76.7|0.05856823921203613
29|28|82.0|0.048366546630859375
29|29|82.5|0.058252573013305664
30|0|78.3|0.045974016189575195
30|1|88.9|0.05910539627075195
30|2|76.5|0.04758024215698242
30|3|87.8|0.055761098861694336
30|4|77.3|0.05913543701171875
30|5|93.6|0.07235574722290039
30|6|91.5|0.05522441864013672
30|7|80.0|0.046439409255981445
30|8|83.3|0.0602726936340332
30|9|82.7|0.06954431533813477
30|10|92.7|0.04470515251159668
30|11|74.4|0.08226561546325684
30|12|84.8|0.04865384101867676
30|13|89.5|0.0561518669128418
30|14|76.6|0.048856496810913086
30|15|89.7|0.052895545959472656
30|16|76.2|0.05313587188720703
30|17|88.6|0.0552067756652832
30|18|70.5|0.06775736808776855
30|19|83.3|0.04367542266845703
30|20|75.0|0.06164193153381348
30|21|82.0|0.061866044998168945
30|22|87.0|0.05440831184387207
30|23|74.4|0.04898571968078613
30|24|89.5|0.05084490776062012
30|25|76.7|0.0682671070098877
30|26|80.7|0.049294471740722656
30|27|71.1|0.06434774398803711
30|28|82.7|0.04777860641479492
30|29|79.5|0.05858922004699707
31|0|78.7|0.050247907638549805
31|1|84.6|0.07467246055603027
31|2|83.9|0.07139015197753906
31|3|84.5|0.046479225158691406
31|4|81.1|0.061757564544677734
31|5|84.6|0.06876039505004883
31|6|90.9|0.05056166648864746
31|7|72.5|0.060882568359375
31|8|85.7|0.04401516914367676
31|9|75.0|0.06229805946350098
31|10|82.7|0.049460649490356445
31|11|82.9|0.058586835861206055
31|12|75.0|0.07091426849365234
31|13|89.1|0.048482418060302734
31|14|76.9|0.06329226493835449
31|15|82.7|0.049610137939453125
31|16|75.0|0.0599825382232666
31|17|79.2|0.05834698677062988
31|18|87.8|0.05242729187011719
31|19|76.7|0.0514376163482666
31|20|88.9|0.0632014274597168
31|21|87.8|0.053441762924194336
31|22|85.7|0.049871206283569336
31|23|78.0|0.05720710754394531
31|24|85.7|0.04917478561401367
31|25|76.3|0.06465983390808105
31|26|79.6|0.05222153663635254
31|27|86.0|0.0504307746887207
31|28|75.0|0.05092597007751465
31|29|85.7|0.05305743217468262
32|0|79.1|0.06431412696838379
32|1|92.2|0.05473899841308594
32|2|81.8|0.07266783714294434
32|3|82.5|0.04915499687194824
32|4|85.4|0.057270050048828125
32|5|72.7|0.051664113998413086
32|6|86.4|0.05147695541381836
32|7|78.6|0.04793882369995117
32|8|83.8|0.0540773868560791
32|9|79.5|0.05785107612609863
32|10|78.3|0.04883241653442383
32|11|77.8|0.06432628631591797
32|12|88.5|0.04967999458312988
32|13|77.5|0.052579641342163086
32|14|83.7|0.045168399810791016
32|15|75.7|0.06016254425048828
32|16|81.6|0.04742002487182617
32|17|79.5|0.05755019187927246
32|18|77.8|0.052335262298583984
32|19|86.4|0.04754781723022461
32|20|74.4|0.04494881629943848
32|21|83.3|0.05699586868286133
32|22|76.6|0.062417030334472656
32|23|96.2|0.0495607852935791
32|24|73.2|0.048560380935668945
32|25|87.5|0.051347970962524414
32|26|73.2|0.05077528953552246
32|27|87.5|0.04867720603942871
32|28|72.5|0.05469536781311035
32|29|86.0|0.05127096176147461
33|0|76.7|0.07594037055969238
33|1|85.7|0.04136919975280762
33|2|80.6|0.05980682373046875
33|3|79.2|0.05936241149902344
33|4|92.0|0.05095410346984863
33|5|75.0|0.055146217346191406
33|6|86.7|0.048048973083496094
33|7|74.4|0.06590056419372559
33|8|94.4|0.05875349044799805
33|9|80.9|0.060555458068847656
33|10|81.2|0.049767494201660156
33|11|85.4|0.058365583419799805
33|12|80.0|0.04405093193054199
33|13|86.5|0.05420041084289551
33|14|78.3|0.042462825775146484
33|15|83.3|0.056531429290771484
33|16|79.5|0.04474449157714844
33|17|86.5|0.05230903625488281
33|18|78.6|0.04586029052734375
33|19|84.6|0.05757308006286621
33|20|79.2|0.04763293266296387
33|21|86.8|0.06272101402282715
33|22|85.7|0.06192970275878906
33|23|86.3|0.07164978981018066
33|24|93.1|0.07116937637329102
33|25|86.7|0.09353518486022949
33|26|88.3|0.09537029266357422
33|27|88.0|0.07847213745117188
33|28|93.8|0.06276345252990723
33|29|90.4|0.07245731353759766
34|0|81.8|0.08079910278320312
34|1|85.1|0.05854940414428711
34|2|87.5|0.04998302459716797
34|3|78.0|0.0498347282409668
34|4|87.5|0.0630958080291748
34|5|84.3|0.0624847412109375
34|6|84.3|0.04674100875854492
34|7|74.4|0.059027671813964844
34|8|79.2|0.04900550842285156
34|9|88.1|0.06375265121459961
34|10|75.0|0.06991219520568848
34|11|89.5|0.04329514503479004
34|12|71.4|0.07072830200195312
34|13|91.1|0.04386019706726074
34|14|77.8|0.07833147048950195
34|15|85.2|0.07157659530639648
34|16|89.8|0.04658937454223633
34|17|72.5|0.0729985237121582
34|18|83.3|0.046456098556518555
34|19|86.8|0.059108734130859375
34|20|78.7|0.05583596229553223
34|21|95.5|0.05177760124206543
34|22|75.6|0.052725791931152344
34|23|86.7|0.04689836502075195
34|24|75.7|0.04764103889465332
34|25|89.7|0.06464505195617676
34|26|77.6|0.062162160873413086
34|27|82.4|0.04879498481750488
34|28|81.0|0.05591297149658203
34|29|82.2|0.04540300369262695
35|0|84.2|0.05531716346740723
35|1|82.2|0.051905155181884766
35|2|87.8|0.07425522804260254
35|3|80.3|0.05881190299987793
35|4|85.4|0.050135135650634766
35|5|76.3|0.058348894119262695
35|6|81.2|0.04735565185546875
35|7|84.2|0.06257104873657227
35|8|80.4|0.049407958984375
35|9|85.4|0.05142402648925781
35|10|79.1|0.05214834213256836
35|11|87.8|0.053528785705566406
35|12|81.8|0.05746793746948242
35|13|89.8|0.06037330627441406
35|14|73.3|0.060647010803222656
35|15|80.8|0.051290035247802734
35|16|82.9|0.059563398361206055
35|17|81.6|0.05908703804016113
35|18|93.7|0.05164480209350586
35|19|81.0|0.0526278018951416
35|20|82.2|0.04807710647583008
35|21|79.5|0.056629180908203125
35|22|83.3|0.05055737495422363
35|23|75.6|0.07937765121459961
35|24|82.8|0.04815530776977539
35|25|78.4|0.053638458251953125
35|26|84.8|0.05105757713317871
35|27|80.0|0.05458188056945801
35|28|84.4|0.050133466720581055
35|29|77.5|0.0527496337890625
36|0|82.9|0.05240774154663086
36|1|83.3|0.05092930793762207
36|2|82.1|0.053185462951660156
36|3|81.8|0.062026023864746094
36|4|81.6|0.06713294982910156
36|5|87.3|0.04818868637084961
36|6|79.5|0.055750131607055664
36|7|84.8|0.053066253662109375
36|8|76.7|0.05265688896179199
36|9|84.1|0.05294632911682129
36|10|78.6|0.058498382568359375
36|11|78.7|0.051796674728393555
36|12|81.0|0.052672624588012695
36|13|86.0|0.05240941047668457
36|14|79.1|0.06791806221008301
36|15|94.3|0.0754387378692627
36|16|87.3|0.051043033599853516
36|17|83.7|0.05013418197631836
36|18|82.1|0.05073714256286621
36|19|82.9|0.05550575256347656
36|20|83.3|0.055648088455200195
36|21|77.3|0.06665396690368652
36|22|92.6|0.0835881233215332
36|23|89.4|0.05473470687866211
36|24|77.3|0.06881356239318848
36|25|87.9|0.050234317779541016
36|26|78.9|0.056566476821899414
36|27|87.5|0.048891544342041016
36|28|78.4|0.04967141151428223
36|29|85.7|0.049028873443603516
37|0|78.6|0.058441162109375
37|1|80.9|0.05127668380737305
37|2|82.1|0.04938960075378418
37|3|86.8|0.05923819541931152
37|4|87.5|0.05135226249694824
37|5|77.3|0.07793617248535156
37|6|91.9|0.06460022926330566
37|7|92.5|0.05068778991699219
37|8|77.5|0.05048060417175293
37|9|85.4|0.04687786102294922
37|10|79.5|0.06391692161560059
37|11|90.2|0.06181788444519043
37|12|86.5|0.05348992347717285
37|13|81.0|0.05155587196350098
37|14|84.1|0.05594778060913086
37|15|80.0|0.06948304176330566
37|16|87.5|0.04951143264770508
37|17|80.0|0.05641770362854004
37|18|83.0|0.05083632469177246
37|19|80.5|0.056067705154418945
37|20|78.3|0.04721689224243164
37|21|84.6|0.05537986755371094
37|22|78.3|0.05047202110290527
37|23|85.7|0.05006861686706543
37|24|81.0|0.05160975456237793
37|25|83.7|0.05502653121948242
37|26|81.8|0.06663727760314941
37|27|86.8|0.05792951583862305
37|28|85.7|0.050208091735839844
37|29|81.4|0.05031132698059082
38|0|85.0|0.05068540573120117
38|1|78.9|0.06451797485351562
38|2|84.0|0.048723697662353516
38|3|74.4|0.06374621391296387
38|4|81.8|0.051952362060546875
38|5|82.9|0.05666804313659668
38|6|80.4|0.06042742729187012
38|7|90.2|0.08656048774719238
38|8|91.4|0.06620335578918457
38|9|83.3|0.0519101619720459
38|10|85.7|0.05764484405517578
38|11|75.5|0.05484819412231445
38|12|86.4|0.04918622970581055
38|13|73.7|0.05382132530212402
38|14|84.4|0.05160093307495117
38|15|78.6|0.06133699417114258
38|16|80.8|0.055700063705444336
38|17|91.1|0.060988664627075195
38|18|82.0|0.05284428596496582
38|19|88.6|0.05144143104553223
38|20|76.2|0.05835247039794922
38|21|84.4|0.05365419387817383
38|22|76.7|0.056069374084472656
38|23|82.6|0.04836678504943848
38|24|84.2|0.058341264724731445
38|25|81.6|0.054921865463256836
38|26|82.6|0.059472084045410156
38|27|81.2|0.06375527381896973
38|28|96.1|0.04984903335571289
38|29|77.5|0.05321240425109863
39|0|86.4|0.05319929122924805
39|1|83.7|0.052440643310546875
39|2|81.4|0.055158138275146484
39|3|84.1|0.05953407287597656
39|4|79.6|0.07822418212890625
39|5|87.7|0.05206727981567383
39|6|82.9|0.06020808219909668
39|7|79.6|0.06735444068908691
39|8|88.9|0.0535120964050293
39|9|83.3|0.06070685386657715
39|10|80.4|0.06278634071350098
39|11|75.5|0.052602529525756836
39|12|78.6|0.050295352935791016
39|13|85.4|0.0497586727142334
39|14|81.0|0.051462411880493164
39|15|86.0|0.04869890213012695
39|16|78.9|0.06003713607788086
39|17|82.0|0.05640888214111328
39|18|80.0|0.06905651092529297
39|19|87.5|0.05356574058532715
39|20|81.0|0.05151724815368652
39|21|83.7|0.05115675926208496
39|22|81.0|0.05660200119018555
39|23|83.0|0.05182170867919922
39|24|81.0|0.05303764343261719
39|25|82.2|0.050933122634887695
39|26|83.3|0.051076412200927734
39|27|80.5|0.05457901954650879
39|28|82.2|0.06235146522521973
39|29|86.5|0.06590580940246582
40|0|88.7|0.0626521110534668
40|1|90.2|0.06541323661804199
40|2|78.8|0.04887843132019043
40|3|85.4|0.0522308349609375
40|4|78.0|0.0510554313659668
40|5|81.8|0.05188345909118652
40|6|81.0|0.05691170692443848
40|7|84.8|0.047588348388671875
40|8|78.9|0.05460023880004883
40|9|86.7|0.06098771095275879
40|10|92.2|0.061896324157714844
40|11|78.4|0.048999786376953125
40|12|84.6|0.05684971809387207
40|13|76.6|0.05157041549682617
40|14|87.8|0.05325174331665039
40|15|78.6|0.05404090881347656
40|16|81.8|0.04835939407348633
40|17|83.3|0.05780959129333496
40|18|82.2|0.05044436454772949
40|19|78.0|0.0536494255065918
40|20|87.0|0.06626558303833008
40|21|87.3|0.05102109909057617
40|22|80.0|0.0539097785949707
40|23|86.7|0.053220510482788086
40|24|78.6|0.05502486228942871
40|25|86.4|0.05428028106689453
40|26|80.0|0.05106806755065918
40|27|82.5|0.05276036262512207
40|28|84.6|0.07629585266113281
40|29|84.4|0.054976463317871094
41|0|84.8|0.06356477737426758
41|1|92.3|0.05378103256225586
41|2|81.4|0.054146528244018555
41|3|82.2|0.054885149002075195
41|4|81.8|0.05111217498779297
41|5|82.9|0.05360150337219238
41|6|81.4|0.05715322494506836
41|7|81.2|0.04614615440368652
41|8|81.6|0.052040815353393555
41|9|82.9|0.0561215877532959
41|10|76.1|0.05175518989562988
41|11|84.1|0.07154583930969238
41|12|87.7|0.05470728874206543
41|13|82.2|0.050702810287475586
41|14|81.0|0.05800676345825195
41|15|82.6|0.051593780517578125
41|16|81.0|0.05020570755004883
41|17|83.3|0.050698280334472656
41|18|83.3|0.04958462715148926
41|19|82.1|0.05055069923400879
41|20|82.5|0.052123308181762695
41|21|80.0|0.051560401916503906
41|22|83.3|0.049188852310180664
41|23|80.0|0.04808783531188965
41|24|82.9|0.061905622482299805
41|25|79.6|0.0748746395111084
41|26|91.7|0.0511627197265625
41|27|76.9|0.056411027908325195
41|28|81.8|0.04899334907531738
41|29|79.5|0.05093693733215332
42|0|85.4|0.048316240310668945
42|1|80.0|0.05086374282836914
42|2|82.9|0.051174163818359375
42|3|79.1|0.05103945732116699
42|4|84.6|0.048697471618652344
42|5|78.4|0.05448603630065918
42|6|81.8|0.06246542930603027
42|7|82.7|0.05144047737121582
42|8|85.4|0.04829263687133789
42|9|83.3|0.058411359786987305
42|10|89.6|0.055914878845214844
42|11|86.7|0.057038307189941406
42|12|88.9|0.06114792823791504
42|13|85.4|0.06296253204345703
42|14|88.2|0.05696296691894531
42|15|82.6|0.04772377014160156
42|16|84.6|0.05225944519042969
42|17|81.4|0.04844808578491211
42|18|84.6|0.05357050895690918
42|19|82.6|0.05011606216430664
42|20|88.1|0.04996037483215332
42|21|78.0|0.052900075912475586
42|22|85.7|0.05130267143249512
42|23|79.5|0.07132744789123535
42|24|84.7|0.04844832420349121
42|25|82.9|0.05761599540710449
42|26|77.8|0.048284053802490234
42|27|87.5|0.05717039108276367
42|28|75.0|0.05032753944396973
42|29|86.0|0.0548090934753418
43|0|77.8|0.05763983726501465
43|1|85.1|0.04657316207885742
43|2|76.9|0.05016160011291504
43|3|87.2|0.04698896408081055
43|4|76.9|0.05994868278503418
43|5|85.1|0.04375576972961426
43|6|74.3|0.05091977119445801
43|7|86.0|0.04567861557006836
43|8|78.9|0.05471539497375488
43|9|84.1|0.046478271484375
43|10|76.9|0.05439400672912598
43|11|86.7|0.047864437103271484
43|12|75.7|0.05139756202697754
43|13|85.4|0.04496335983276367
43|14|76.3|0.05359053611755371
43|15|85.4|0.048218727111816406
43|16|77.8|0.05556225776672363
43|17|86.4|0.04922652244567871
43|18|71.1|0.05891537666320801
43|19|87.0|0.0481257438659668
43|20|75.6|0.05394768714904785
43|21|86.4|0.04942607879638672
43|22|80.6|0.07171368598937988
43|23|85.0|0.05147862434387207
43|24|83.3|0.05087089538574219
43|25|76.9|0.05773043632507324
43|26|84.4|0.05294942855834961
43|27|73.3|0.058992862701416016
43|28|86.0|0.04883599281311035
43|29|68.6|0.0541539192199707
44|0|86.7|0.04753422737121582
44|1|73.7|0.05791783332824707
44|2|83.3|0.04929661750793457
44|3|77.5|0.055554866790771484
44|4|80.0|0.04588770866394043
44|5|86.5|0.05581068992614746
44|6|77.8|0.04653668403625488
44|7|84.2|0.059389591217041016
44|8|79.2|0.0494379997253418
44|9|82.5|0.057596445083618164
44|10|80.0|0.04802060127258301
44|11|85.4|0.05493927001953125
44|12|74.4|0.05097150802612305
44|13|90.0|0.048868417739868164
44|14|75.0|0.06775760650634766
44|15|79.6|0.04572892189025879
44|16|74.4|0.058129072189331055
44|17|85.7|0.04665398597717285
44|18|76.3|0.05890226364135742
44|19|89.4|0.05163979530334473
44|20|87.8|0.06422615051269531
44|21|82.7|0.05137157440185547
44|22|88.6|0.050968170166015625
44|23|75.6|0.05423855781555176
44|24|85.7|0.04971599578857422
44|25|76.2|0.05393171310424805
44|26|89.1|0.050594329833984375
44|27|73.2|0.059446096420288086
44|28|85.7|0.04717445373535156
44|29|80.0|0.05646181106567383
45|0|84.8|0.04823708534240723
45|1|76.9|0.06238746643066406
45|2|82.4|0.043810367584228516
45|3|83.3|0.05932736396789551
45|4|79.2|0.04791378974914551
45|5|85.4|0.0601806640625
45|6|75.0|0.0541226863861084
45|7|88.6|0.05007767677307129
45|8|73.2|0.05770421028137207
45|9|90.9|0.053174734115600586
45|10|72.3|0.06447982788085938
45|11|82.4|0.04855084419250488
45|12|80.5|0.061457157135009766
45|13|79.6|0.05292534828186035
45|14|83.7|0.0524287223815918
45|15|79.1|0.048265695571899414
45|16|87.8|0.060914039611816406
45|17|79.6|0.06629228591918945
45|18|94.5|0.054068565368652344
45|19|82.2|0.07671427726745605
45|20|84.7|0.07180666923522949
45|21|88.5|0.05445075035095215
45|22|79.5|0.05604267120361328
45|23|77.8|0.05476498603820801
45|24|88.9|0.05454707145690918
45|25|73.3|0.05029773712158203
45|26|90.2|0.05304861068725586
45|27|73.8|0.053812503814697266
45|28|84.8|0.050315141677856445
45|29|73.8|0.07873678207397461
46|0|81.3|0.04940342903137207
46|1|87.5|0.05718874931335449
46|2|73.9|0.049376726150512695
46|3|90.5|0.05394172668457031
46|4|75.6|0.05396246910095215
46|5|85.7|0.0490262508392334
46|6|78.0|0.0532987117767334
46|7|86.4|0.04648232460021973
46|8|75.7|0.05315375328063965
46|9|83.3|0.05038785934448242
46|10|73.2|0.058034420013427734
46|11|85.4|0.04336190223693848
46|12|77.8|0.06383872032165527
46|13|84.3|0.046736955642700195
46|14|81.6|0.07747054100036621
46|15|82.5|0.05751323699951172
46|16|87.0|0.045973777770996094
46|17|75.0|0.06558465957641602
46|18|81.5|0.041760921478271484
46|19|77.8|0.06127047538757324
46|20|85.1|0.04508519172668457
46|21|76.9|0.0600588321685791
46|22|85.1|0.04825329780578613
46|23|76.9|0.059355735778808594
46|24|80.9|0.04628491401672363
46|25|81.1|0.056024789810180664
46|26|81.6|0.052381038665771484
46|27|87.2|0.050803184509277344
46|28|79.1|0.05297732353210449
46|29|84.1|0.05125784873962402
47|0|76.9|0.058038949966430664
47|1|79.1|0.052652597427368164
47|2|77.8|0.050367116928100586
47|3|82.5|0.04749274253845215
47|4|79.5|0.05206727981567383
47|5|85.7|0.0469212532043457
47|6|79.5|0.059697628021240234
47|7|84.0|0.047292232513427734
47|8|76.3|0.06291484832763672
47|9|82.0|0.04436326026916504
47|10|77.8|0.06533432006835938
47|11|80.4|0.05020785331726074
47|12|90.5|0.07008147239685059
47|13|84.6|0.05211758613586426
47|14|84.1|0.0532379150390625
47|15|76.7|0.05350613594055176
47|16|88.9|0.0463254451751709
47|17|75.0|0.04951667785644531
47|18|84.2|0.048998117446899414
47|19|78.6|0.05613088607788086
47|20|86.4|0.04772138595581055
47|21|73.7|0.05459904670715332
47|22|84.1|0.047788143157958984
47|23|75.6|0.05179119110107422
47|24|82.9|0.05426621437072754
47|25|77.3|0.06195950508117676
47|26|73.5|0.05089902877807617
47|27|85.7|0.05201888084411621
47|28|75.6|0.054941415786743164
47|29|88.9|0.04797101020812988
48|0|76.3|0.04927992820739746
48|1|85.0|0.04812145233154297
48|2|78.4|0.050527334213256836
48|3|85.7|0.04845428466796875
48|4|75.0|0.04879117012023926
48|5|87.8|0.055693864822387695
48|6|77.8|0.05106687545776367
48|7|83.3|0.05095314979553223
48|8|82.9|0.047102928161621094
48|9|82.5|0.06925511360168457
48|10|73.7|0.07378983497619629
48|11|86.0|0.053922414779663086
48|12|82.6|0.05009961128234863
48|13|80.0|0.0459589958190918
48|14|86.8|0.050272464752197266
48|15|77.5|0.046523332595825195
48|16|83.8|0.05006718635559082
48|17|80.5|0.04837989807128906
48|18|85.4|0.05457353591918945
48|19|77.3|0.047791481018066406
48|20|87.2|0.04968547821044922
48|21|80.0|0.0487060546875
48|22|86.8|0.052262067794799805
48|23|76.7|0.051429033279418945
48|24|85.7|0.053442955017089844
48|25|76.7|0.05174612998962402
48|26|81.0|0.05071377754211426
48|27|82.1|0.04841041564941406
48|28|83.3|0.04775834083557129
48|29|82.1|0.05206418037414551
49|0|79.1|0.05532407760620117
49|1|81.8|0.0599362850189209
49|2|82.0|0.049158573150634766
49|3|80.5|0.0555875301361084
49|4|80.4|0.056018829345703125
49|5|82.2|0.05301785469055176
49|6|75.6|0.06426811218261719
49|7|82.7|0.053046226501464844
49|8|81.0|0.0762796401977539
49|9|89.1|0.04932975769042969
49|10|84.2|0.05128622055053711
49|11|76.2|0.054314374923706055
49|12|85.7|0.049887657165527344
49|13|75.6|0.05199623107910156
49|14|86.0|0.057570695877075195
49|15|75.0|0.050687313079833984
49|16|81.0|0.04663896560668945
49|17|76.3|0.05501747131347656
49|18|84.8|0.04675459861755371
49|19|76.3|0.056737661361694336
49|20|83.3|0.04660654067993164
49|21|78.4|0.05445051193237305
49|22|81.8|0.04674649238586426
49|23|76.3|0.05708622932434082
49|24|81.8|0.04908871650695801
49|25|80.5|0.05736517906188965
49|26|79.5|0.04364323616027832
49|27|81.6|0.05643200874328613
49|28|80.4|0.04216170310974121
49|29|82.9|0.05745077133178711
50|0|83.0|0.042233943939208984
50|1|80.0|0.05715489387512207
50|2|81.6|0.04694032669067383
50|3|82.5|0.05797982215881348
50|4|80.4|0.04900026321411133
50|5|82.1|0.05213785171508789
50|6|79.5|0.0513300895690918
50|7|85.7|0.06654787063598633
50|8|79.6|0.05873608589172363
50|9|85.7|0.045355796813964844
50|10|76.5|0.06009554862976074
50|11|82.4|0.051482439041137695
50|12|78.0|0.05802297592163086
50|13|78.3|0.04549574851989746
50|14|86.8|0.05533337593078613
50|15|82.2|0.044081926345825195
50|16|85.3|0.05702924728393555
50|17|83.3|0.054075002670288086
50|18|80.0|0.05453658103942871
50|19|77.8|0.058222055435180664
50|20|86.0|0.050115108489990234
50|21|70.3|0.05660390853881836
50|22|89.6|0.049205780029296875
50|23|72.5|0.05792641639709473
50|24|85.4|0.04598283767700195
50|25|78.4|0.06169581413269043
50|26|76.5|0.04926800727844238
50|27|84.2|0.054906368255615234
50|28|79.1|0.04686689376831055
50|29|82.1|0.05680108070373535
51|0|79.2|0.05821967124938965
51|1|80.9|0.055481672286987305
51|2|77.3|0.05645942687988281
51|3|87.0|0.04754209518432617
51|4|79.5|0.06041359901428223
51|5|96.1|0.05771017074584961
51|6|87.5|0.05368208885192871
51|7|78.0|0.04949951171875
51|8|81.0|0.0548861026763916
51|9|80.0|0.04838824272155762
51|10|82.1|0.05322623252868652
51|11|81.4|0.05582022666931152
51|12|77.1|0.052351951599121094
51|13|81.0|0.051201820373535156
51|14|82.9|0.05499768257141113
51|15|75.0|0.053461313247680664
51|16|88.9|0.0493006706237793
51|17|71.8|0.05315279960632324
51|18|89.1|0.04958343505859375
51|19|72.2|0.05092954635620117
51|20|88.4|0.047852516174316406
51|21|66.7|0.07017016410827637
51|22|80.4|0.043065547943115234
51|23|80.0|0.05837202072143555
51|24|80.0|0.04272150993347168
51|25|81.1|0.06221914291381836
51|26|80.0|0.045290231704711914
51|27|82.1|0.05659914016723633
51|28|79.5|0.04797863960266113
51|29|82.5|0.054953575134277344
52|0|79.5|0.05538654327392578
52|1|84.8|0.051474809646606445
52|2|73.2|0.058495521545410156
52|3|93.7|0.06575512886047363
52|4|84.6|0.06376791000366211
52|5|78.8|0.04717373847961426
52|6|82.5|0.05424165725708008
52|7|80.0|0.04327583312988281
52|8|83.3|0.05737638473510742
52|9|78.3|0.046625614166259766
52|10|81.1|0.05368161201477051
52|11|76.2|0.048781394958496094
52|12|85.0|0.052712440490722656
52|13|74.4|0.04483747482299805
52|14|86.8|0.056000709533691406
52|15|77.8|0.0505828857421875
52|16|85.7|0.05386662483215332
52|17|72.1|0.04791998863220215
52|18|87.2|0.049955129623413086
52|19|75.6|0.05532431602478027
52|20|86.0|0.0484766960144043
52|21|71.8|0.056829214096069336
52|22|91.3|0.04719281196594238
52|23|69.2|0.05553746223449707
52|24|90.9|0.044356346130371094
52|25|66.7|0.05944943428039551
52|26|89.6|0.04305744171142578
52|27|70.3|0.056447505950927734
52|28|91.5|0.044350385665893555
52|29|66.7|0.055071115493774414
53|0|90.9|0.04493880271911621
53|1|73.7|0.06952667236328125
53|2|96.4|0.04384469985961914
53|3|76.9|0.0589747428894043
53|4|83.0|0.04372453689575195
53|5|77.1|0.053705453872680664
53|6|81.8|0.04146885871887207
53|7|78.1|0.06451916694641113
53|8|81.5|0.04234743118286133
53|9|80.0|0.05789327621459961
53|10|77.8|0.043808937072753906
53|11|81.6|0.054898977279663086
53|12|77.3|0.05101609230041504
53|13|80.5|0.05594205856323242
53|14|71.1|0.049175262451171875
53|15|90.0|0.05190920829772949
53|16|72.1|0.04823756217956543
53|17|89.5|0.05115818977355957
53|18|70.7|0.04505181312561035
53|19|92.3|0.048226356506347656
53|20|71.8|0.04588007926940918
53|21|89.7|0.05644035339355469
53|22|71.1|0.058362483978271484
53|23|89.6|0.04379439353942871
53|24|73.7|0.06196951866149902
53|25|84.9|0.04598689079284668
53|26|69.2|0.05890679359436035
53|27|89.6|0.044336795806884766
53|28|69.4|0.06807708740234375
53|29|82.5|0.04981851577758789
54|0|80.6|0.07337117195129395
54|1|82.8|0.05907773971557617
54|2|89.8|0.0469052791595459
54|3|71.8|0.06035900115966797
54|4|88.5|0.04732036590576172
54|5|76.3|0.05913543701171875
54|6|83.3|0.04321718215942383
54|7|77.8|0.05927300453186035
54|8|83.7|0.045873403549194336
54|9|78.9|0.05759549140930176
54|10|80.0|0.049005746841430664
54|11|85.4|0.05478262901306152
54|12|75.6|0.05193376541137695
54|13|90.2|0.051877737045288086
54|14|74.4|0.052574872970581055
54|15|90.7|0.04808688163757324
54|16|71.8|0.052263736724853516
54|17|93.2|0.04956841468811035
54|18|71.8|0.05432891845703125
54|19|91.3|0.049752235412597656
54|20|76.2|0.05007672309875488
54|21|85.7|0.05005621910095215
54|22|74.4|0.05294299125671387
54|23|86.0|0.048614501953125
54|24|76.3|0.060291290283203125
54|25|84.3|0.04989814758300781
54|26|80.0|0.07421374320983887
54|27|88.5|0.07552099227905273
54|28|89.8|0.06588411331176758
54|29|88.7|0.05306673049926758
55|0|79.1|0.05027365684509277
55|1|86.0|0.05377459526062012
55|2|77.8|0.055162906646728516
55|3|88.6|0.051534175872802734
55|4|73.8|0.05725693702697754
55|5|85.4|0.050833702087402344
55|6|73.2|0.056775569915771484
55|7|84.4|0.04205131530761719
55|8|75.7|0.06212925910949707
55|9|84.0|0.04751324653625488
55|10|77.5|0.0584406852722168
55|11|78.7|0.04678153991699219
55|12|85.0|0.05817604064941406
55|13|77.1|0.04819512367248535
55|14|89.2|0.05344271659851074
55|15|76.7|0.056253671646118164
55|16|86.7|0.049417972564697266
55|17|72.5|0.05826878547668457
55|18|89.6|0.04493236541748047
55|19|66.7|0.056955575942993164
55|20|89.8|0.04631996154785156
55|21|69.4|0.05895209312438965
55|22|89.1|0.04588127136230469
55|23|67.6|0.059424400329589844
55|24|83.7|0.04665017127990723
55|25|76.3|0.06022214889526367
55|26|86.0|0.06599259376525879
55|27|90.9|0.05442547798156738
55|28|75.6|0.057845354080200195
55|29|88.4|0.04512739181518555
56|0|76.9|0.05479717254638672
56|1|87.0|0.04856610298156738
56|2|78.4|0.0579683780670166
56|3|85.4|0.047163963317871094
56|4|79.5|0.057851552963256836
56|5|80.9|0.05289888381958008
56|6|82.5|0.056294918060302734
56|7|83.3|0.05069446563720703
56|8|84.2|0.050872802734375
56|9|81.0|0.05385780334472656
56|10|84.1|0.04922962188720703
56|11|78.6|0.04966330528259277
56|12|81.6|0.05509757995605469
56|13|80.9|0.05060839653015137
56|14|80.0|0.05268669128417969
56|15|82.9|0.05060887336730957
56|16|80.5|0.04941868782043457
56|17|82.9|0.05555295944213867
56|18|79.5|0.05144190788269043
56|19|78.6|0.051590681076049805
56|20|83.3|0.04984760284423828
56|21|80.5|0.0552215576171875
56|22|84.1|0.04937005043029785
56|23|77.5|0.05563664436340332
56|24|86.7|0.06803703308105469
56|25|88.9|0.05674266815185547
56|26|80.4|0.04686880111694336
56|27|78.9|0.057248592376708984
56|28|82.6|0.04732394218444824
56|29|82.1|0.051862239837646484
57|0|84.1|0.04567408561706543
57|1|82.9|0.05451393127441406
57|2|80.9|0.04665970802307129
57|3|82.1|0.05806922912597656
57|4|83.3|0.04768943786621094
57|5|82.1|0.052657365798950195
57|6|81.0|0.0468289852142334
57|7|86.8|0.05635857582092285
57|8|78.7|0.05219864845275879
57|9|83.3|0.05302929878234863
57|10|79.5|0.04791665077209473
57|11|82.5|0.05042862892150879
57|12|81.4|0.046074867248535156
57|13|84.6|0.05050039291381836
57|14|81.4|0.04973483085632324
57|15|82.1|0.04992413520812988
57|16|80.0|0.04605293273925781
57|17|84.2|0.050618648529052734
57|18|81.0|0.04970431327819824
57|19|82.9|0.04788804054260254
57|20|81.6|0.05092668533325195
57|21|83.3|0.04723501205444336
57|22|82.1|0.053400278091430664
57|23|86.7|0.05859375
57|24|91.5|0.0584261417388916
57|25|87.5|0.048333168029785156
57|26|78.9|0.05850505828857422
57|27|79.2|0.05113410949707031
57|28|82.5|0.05048537254333496
57|29|83.3|0.054610490798950195
58|0|80.0|0.05154275894165039
58|1|81.4|0.05048012733459473
58|2|83.3|0.05062460899353027
58|3|80.5|0.052343130111694336
58|4|81.0|0.052774667739868164
58|5|81.8|0.056406497955322266
58|6|79.5|0.05017399787902832
58|7|80.5|0.05392336845397949
58|8|81.4|0.05044674873352051
58|9|77.5|0.05567049980163574
58|10|80.9|0.04674577713012695
58|11|78.9|0.05651235580444336
58|12|84.8|0.047489166259765625
58|13|76.9|0.054845333099365234
58|14|83.7|0.04484438896179199
58|15|78.4|0.058174848556518555
58|16|83.7|0.048610687255859375
58|17|81.6|0.05964064598083496
58|18|76.6|0.05133318901062012
58|19|86.4|0.0494379997253418
58|20|76.9|0.0529782772064209
58|21|88.6|0.0496981143951416
58|22|83.7|0.06909418106079102
58|23|87.0|0.0452425479888916
58|24|81.6|0.055448293685913086
58|25|82.6|0.049431800842285156
58|26|80.5|0.05263233184814453
58|27|83.3|0.04725933074951172
58|28|82.5|0.05492544174194336
58|29|84.1|0.04807543754577637
59|0|80.0|0.05322837829589844
59|1|82.6|0.044312477111816406
59|2|80.0|0.05588221549987793
59|3|85.1|0.05345964431762695
59|4|78.6|0.04951286315917969
59|5|83.7|0.04863619804382324
59|6|79.5|0.05207061767578125
59|7|83.7|0.05310535430908203
59|8|78.6|0.05083298683166504
59|9|81.0|0.04779863357543945
59|10|79.5|0.054727792739868164
59|11|78.6|0.047930002212524414
59|12|83.3|0.050965070724487305
59|13|78.6|0.04982757568359375
59|14|84.6|0.04577946662902832
59|15|76.3|0.0464174747467041
59|16|86.8|0.05321931838989258
59|17|80.0|0.05311417579650879
59|18|82.9|0.04887652397155762
59|19|79.1|0.046713829040527344
59|20|86.8|0.05435824394226074
59|21|82.6|0.07700371742248535
59|22|86.9|0.04395413398742676
59|23|75.8|0.06022953987121582
59|24|86.3|0.044104814529418945
59|25|74.3|0.05659008026123047
59|26|84.8|0.04312849044799805
59|27|78.4|0.05554342269897461
59|28|84.1|0.04503774642944336
59|29|77.1|0.05617070198059082
60|0|84.4|0.0442044734954834
60|1|77.8|0.0547182559967041
60|2|82.2|0.0477900505065918
60|3|79.5|0.052909135818481445
60|4|84.4|0.04551386833190918
60|5|80.0|0.05363154411315918
60|6|82.2|0.04672884941101074
60|7|77.8|0.05655813217163086
60|8|80.4|0.04390144348144531
60|9|81.1|0.051667213439941406
60|10|81.0|0.04696989059448242
60|11|81.6|0.05426740646362305
60|12|82.2|0.04560112953186035
60|13|82.4|0.05433225631713867
60|14|81.8|0.049870967864990234
60|15|81.0|0.055019378662109375
60|16|82.2|0.044306039810180664
60|17|83.3|0.060492515563964844
60|18|76.5|0.04874300956726074
60|19|84.2|0.05745720863342285
60|20|83.3|0.07753729820251465
60|21|93.5|0.047219276428222656
60|22|81.1|0.05518603324890137
60|23|79.5|0.04540586471557617
60|24|81.6|0.05990242958068848
60|25|80.9|0.044271230697631836
60|26|84.6|0.05285215377807617
60|27|78.6|0.04919552803039551
60|28|82.1|0.05080604553222656
60|29|78.0|0.05057930946350098
61|0|85.0|0.05253124237060547
61|1|76.2|0.05916881561279297
61|2|87.5|0.04912900924682617
61|3|73.7|0.05027508735656738
61|4|88.1|0.04989266395568848
61|5|75.6|0.05358433723449707
61|6|89.1|0.04917430877685547
61|7|75.0|0.05349421501159668
61|8|86.4|0.04290366172790527
61|9|73.5|0.0562441349029541
61|10|86.7|0.058168649673461914
61|11|72.9|0.05509471893310547
61|12|82.2|0.05038738250732422
61|13|87.5|0.053255558013916016
61|14|79.5|0.047728538513183594
61|15|82.1|0.05303835868835449
61|16|78.6|0.048133134841918945
61|17|86.0|0.05727839469909668
61|18|84.1|0.0665731430053711
61|19|92.9|0.05000019073486328
61|20|75.6|0.06441974639892578
61|21|78.4|0.04987955093383789
61|22|80.5|0.05496025085449219
61|23|81.8|0.04660296440124512
61|24|84.2|0.053118228912353516
61|25|82.2|0.04825329780578613
61|26|84.6|0.05316305160522461
61|27|81.4|0.04811453819274902
61|28|82.1|0.055736541748046875
61|29|77.8|0.04765605926513672
62|0|85.0|0.05441617965698242
62|1|81.8|0.044888973236083984
62|2|84.2|0.05566740036010742
62|3|80.4|0.04642486572265625
62|4|83.8|0.056936025619506836
62|5|80.4|0.05277514457702637
62|6|84.1|0.04857921600341797
62|7|74.4|0.051941633224487305
62|8|84.1|0.055277109146118164
62|9|75.6|0.04755043983459473
62|10|84.6|0.0578150749206543
62|11|76.6|0.05227351188659668
62|12|85.7|0.05289912223815918
62|13|75.0|0.04948282241821289
62|14|80.5|0.04977107048034668
62|15|80.5|0.04867911338806152
62|16|85.0|0.054929494857788086
62|17|86.7|0.06949281692504883
62|18|89.5|0.04641008377075195
62|19|76.3|0.05596017837524414
62|20|84.1|0.053479909896850586
62|21|80.4|0.05598306655883789
62|22|78.7|0.05157589912414551
62|23|82.5|0.04913520812988281
62|24|76.2|0.0526881217956543
62|25|83.3|0.04810619354248047
62|26|80.0|0.05497288703918457
62|27|86.4|0.04654741287231445
62|28|76.9|0.05333971977233887
62|29|88.1|0.04532122611999512
63|0|71.8|0.061045169830322266
63|1|85.4|0.04628944396972656
63|2|78.4|0.05860638618469238
63|3|81.3|0.0493619441986084
63|4|83.7|0.05839991569519043
63|5|76.6|0.04725003242492676
63|6|87.2|0.05124950408935547
63|7|78.6|0.05169177055358887
63|8|85.4|0.04814291000366211
63|9|74.4|0.045297861099243164
63|10|87.5|0.051870107650756836
63|11|79.1|0.044081926345825195
63|12|85.3|0.059952735900878906
63|13|78.0|0.055541038513183594
63|14|86.7|0.05273604393005371
63|15|78.0|0.06109762191772461
63|16|95.8|0.05348324775695801
63|17|75.0|0.06335878372192383
63|18|83.0|0.04771018028259277
63|19|78.4|0.05469799041748047
63|20|80.0|0.04816627502441406
63|21|78.4|0.057417869567871094
63|22|81.3|0.050261735916137695
63|23|83.3|0.05355572700500488
63|24|76.2|0.07633280754089355
63|25|90.3|0.04418039321899414
63|26|73.5|0.061557769775390625
63|27|84.9|0.04420280456542969
63|28|77.1|0.06187796592712402
63|29|80.8|0.0496220588684082
64|0|85.4|0.054834604263305664
64|1|75.6|0.053560495376586914
64|2|88.6|0.05877327919006348
64|3|71.7|0.05505847930908203
64|4|88.6|0.04580354690551758
64|5|73.0|0.08245420455932617
64|6|87.9|0.07349753379821777
64|7|89.7|0.046311378479003906
64|8|71.8|0.05574846267700195
64|9|97.8|0.05111122131347656
64|10|69.0|0.06208086013793945
64|11|84.0|0.04974102973937988
64|12|83.3|0.0837395191192627
64|13|79.1|0.06598758697509766
64|14|88.9|0.042217254638671875
64|15|70.6|0.06962704658508301
64|16|81.0|0.046170949935913086
64|17|84.6|0.061394691467285156
64|18|72.9|0.04958605766296387
64|19|89.2|0.05365920066833496
64|20|75.0|0.05796480178833008
64|21|90.9|0.04975175857543945
64|22|69.0|0.06686806678771973
64|23|87.0|0.04402327537536621
64|24|73.5|0.06998825073242188
64|25|79.7|0.04637622833251953
64|26|87.2|0.05910491943359375
64|27|75.0|0.04933285713195801
64|28|90.7|0.0540463924407959
64|29|72.1|0.05822253227233887
65|0|93.3|0.05159139633178711
65|1|62.8|0.06913208961486816
65|2|81.8|0.04678964614868164
65|3|76.9|0.05939793586730957
65|4|81.3|0.04520082473754883
65|5|82.5|0.05712604522705078
65|6|78.7|0.04910683631896973
65|7|82.1|0.059236764907836914
65|8|78.3|0.06282591819763184
65|9|96.1|0.05732274055480957
65|10|75.0|0.06825637817382812
65|11|81.8|0.045712947845458984
65|12|78.9|0.06200671195983887
65|13|78.0|0.05128741264343262
65|14|88.1|0.05176353454589844
65|15|71.4|0.054244279861450195
65|16|93.2|0.050986528396606445
65|17|69.8|0.061853647232055664
65|18|94.0|0.04652762413024902
65|19|64.1|0.06135368347167969
65|20|85.7|0.04479193687438965
65|21|70.6|0.062224626541137695
65|22|82.0|0.04469609260559082
65|23|77.1|0.06305742263793945
65|24|80.8|0.047293663024902344
65|25|84.6|0.055223941802978516
65|26|77.8|0.05375266075134277
65|27|86.4|0.05481839179992676
65|28|71.1|0.06432056427001953
65|29|88.5|0.04643750190734863
66|0|70.3|0.06543421745300293
66|1|82.4|0.04618954658508301
66|2|79.5|0.06103181838989258
66|3|77.6|0.04700827598571777
66|4|86.8|0.0550687313079834
66|5|77.3|0.057473182678222656
66|6|90.7|0.06732344627380371
66|7|81.0|0.06284284591674805
66|8|82.0|0.044875383377075195
66|9|75.0|0.060295820236206055
66|10|79.2|0.0443575382232666
66|11|84.6|0.058493852615356445
66|12|78.3|0.04523038864135742
66|13|86.1|0.061498165130615234
66|14|77.6|0.05705571174621582
66|15|89.4|0.04764676094055176
66|16|71.1|0.05893063545227051
66|17|91.7|0.04619717597961426
66|18|62.9|0.06545853614807129
66|19|88.5|0.044034481048583984
66|20|68.6|0.06255316734313965
66|21|84.0|0.04281735420227051
66|22|75.8|0.0697932243347168
66|23|75.4|0.0405268669128418
66|24|84.4|0.06236124038696289
66|25|75.0|0.045586585998535156
66|26|86.1|0.05343317985534668
66|27|78.3|0.05467033386230469
66|28|84.4|0.049127817153930664
66|29|74.4|0.05881094932556152
67|0|88.0|0.04560685157775879
67|1|71.1|0.050200462341308594
67|2|88.1|0.051500558853149414
67|3|72.1|0.07153964042663574
67|4|94.8|0.050785064697265625
67|5|87.8|0.06034064292907715
67|6|76.9|0.04643988609313965
67|7|82.9|0.05773591995239258
67|8|78.3|0.04741692543029785
67|9|84.6|0.056719064712524414
67|10|77.1|0.05466461181640625
67|11|84.4|0.0514531135559082
67|12|74.4|0.053046464920043945
67|13|89.1|0.051434993743896484
67|14|74.4|0.05550265312194824
67|15|88.6|0.04719972610473633
67|16|71.8|0.0571589469909668
67|17|89.1|0.0458223819732666
67|18|73.0|0.061507463455200195
67|19|86.0|0.04430723190307617
67|20|69.7|0.06132006645202637
67|21|84.3|0.048546791076660156
67|22|77.8|0.0578000545501709
67|23|79.6|0.05283832550048828
67|24|82.2|0.05564308166503906
67|25|77.3|0.05071759223937988
67|26|84.6|0.0549321174621582
67|27|75.0|0.054540157318115234
67|28|86.7|0.050069332122802734
67|29|76.9|0.053978919982910156
68|0|85.7|0.051964521408081055
68|1|81.4|0.07695317268371582
68|2|88.5|0.04843425750732422
68|3|85.7|0.057068586349487305
68|4|79.1|0.050794363021850586
68|5|86.0|0.05123639106750488
68|6|76.7|0.052644968032836914
68|7|88.4|0.050461530685424805
68|8|75.6|0.05640530586242676
68|9|88.4|0.04829216003417969
68|10|76.9|0.05250740051269531
68|11|88.6|0.049750328063964844
68|12|75.0|0.05490732192993164
68|13|86.7|0.052410125732421875
68|14|76.7|0.05837059020996094
68|15|83.7|0.04951119422912598
68|16|80.0|0.05882143974304199
68|17|80.9|0.05100560188293457
68|18|81.0|0.05650019645690918
68|19|80.0|0.05256319046020508
68|20|88.6|0.056423187255859375
68|21|77.8|0.05797600746154785
68|22|87.2|0.05106377601623535
68|23|76.7|0.05717968940734863
68|24|86.4|0.05089211463928223
68|25|73.2|0.06481122970581055
68|26|82.7|0.048828840255737305
68|27|85.4|0.05499625205993652
68|28|77.3|0.059481143951416016
68|29|93.6|0.06977128982543945
69|0|84.2|0.06025552749633789
69|1|85.7|0.04913449287414551
69|2|80.0|0.061853885650634766
69|3|77.6|0.052430152893066406
69|4|88.4|0.053862571716308594
69|5|75.0|0.05482625961303711
69|6|86.7|0.053504228591918945
69|7|71.1|0.06543087959289551
69|8|83.0|0.04757976531982422
69|9|74.4|0.06375718116760254
69|10|82.4|0.05138421058654785
69|11|81.8|0.05678057670593262
69|12|80.0|0.04960203170776367
69|13|85.0|0.05978894233703613
69|14|81.2|0.05706977844238281
69|15|87.0|0.06328439712524414
69|16|78.4|0.057428598403930664
69|17|82.6|0.051621198654174805
69|18|83.7|0.05762767791748047
69|19|79.5|0.052618980407714844
69|20|83.7|0.05935406684875488
69|21|77.1|0.058765411376953125
69|22|84.1|0.0479121208190918
69|23|74.4|0.06020092964172363
69|24|88.5|0.05020022392272949
69|25|82.5|0.08018302917480469
69|26|86.2|0.05955338478088379
69|27|83.3|0.056485652923583984
69|28|74.5|0.05706024169921875
69|29|84.1|0.05550551414489746
70|0|78.6|0.05869436264038086
70|1|79.6|0.0492854118347168
70|2|82.9|0.05722355842590332
70|3|85.1|0.05436110496520996
70|4|84.4|0.05360722541809082
70|5|78.6|0.0558772087097168
70|6|86.7|0.051827192306518555
70|7|76.2|0.0587468147277832
70|8|85.1|0.057137489318847656
70|9|84.8|0.07439017295837402
70|10|87.9|0.062139034271240234
70|11|84.0|0.04969501495361328
70|12|78.6|0.056542396545410156
70|13|82.2|0.053734779357910156
70|14|81.8|0.05164313316345215
70|15|78.6|0.05289769172668457
70|16|86.4|0.05812549591064453
70|17|78.3|0.04852914810180664
70|18|82.1|0.05581402778625488
70|19|80.0|0.0653238296508789
70|20|94.4|0.05971240997314453
70|21|80.9|0.0693674087524414
70|22|91.2|0.06509160995483398
70|23|82.0|0.04950118064880371
70|24|78.6|0.05314040184020996
70|25|86.4|0.05065274238586426
70|26|76.2|0.05176138877868652
70|27|88.1|0.04621124267578125
70|28|73.7|0.05340242385864258
70|29|86.0|0.05240130424499512
71|0|79.1|0.07411623001098633
71|1|88.3|0.06587910652160645
71|2|90.7|0.04899454116821289
71|3|74.4|0.055475473403930664
71|4|88.6|0.04947185516357422
71|5|80.0|0.05477547645568848
71|6|84.4|0.05254817008972168
71|7|77.3|0.05113101005554199
71|8|82.1|0.05263805389404297
71|9|83.3|0.055295467376708984
71|10|77.3|0.06911635398864746
71|11|87.9|0.0547022819519043
71|12|79.5|0.056961774826049805
71|13|84.4|0.051985740661621094
71|14|80.4|0.04942584037780762
71|15|86.5|0.04967856407165527
71|16|77.5|0.050382375717163086
71|17|83.3|0.05908989906311035
71|18|87.2|0.07419466972351074
71|19|85.0|0.05619001388549805
71|20|85.1|0.049424171447753906
71|21|85.7|0.06551051139831543
71|22|86.8|0.051372528076171875
71|23|83.3|0.051213979721069336
71|24|77.3|0.05153155326843262
71|25|85.4|0.05709218978881836
71|26|79.2|0.055631160736083984
71|27|82.6|0.049047231674194336
71|28|80.5|0.05307960510253906
71|29|80.5|0.05540180206298828
72|0|83.0|0.06697440147399902
72|1|87.3|0.07122397422790527
72|2|89.3|0.059770822525024414
72|3|83.7|0.04914689064025879
72|4|76.3|0.05208945274353027
72|5|84.4|0.04690122604370117
72|6|76.3|0.05510210990905762
72|7|84.1|0.04711484909057617
72|8|76.9|0.05354809761047363
72|9|83.3|0.04963850975036621
72|10|78.6|0.05181550979614258
72|11|83.3|0.04931354522705078
72|12|83.3|0.06290960311889648
72|13|84.6|0.0484006404876709
72|14|89.2|0.05759906768798828
72|15|78.3|0.06809878349304199
72|16|89.1|0.04477572441101074
72|17|78.9|0.051130056381225586
72|18|83.7|0.05079483985900879
72|19|86.5|0.06299376487731934
72|20|80.0|0.04891347885131836
72|21|76.9|0.055022478103637695
72|22|81.8|0.04752302169799805
72|23|80.0|0.06873559951782227
72|24|81.5|0.04978537559509277
72|25|86.0|0.05405449867248535
72|26|75.0|0.05028676986694336
72|27|85.4|0.0473482608795166
72|28|76.3|0.05501079559326172
72|29|84.4|0.050562381744384766
73|0|76.7|0.06032371520996094
73|1|91.7|0.0537869930267334
73|2|84.1|0.06359124183654785
73|3|84.3|0.05196332931518555
73|4|88.1|0.058966636657714844
73|5|80.9|0.04881763458251953
73|6|88.4|0.04687952995300293
73|7|79.5|0.05144309997558594
73|8|85.4|0.04915142059326172
73|9|76.9|0.06025981903076172
73|10|84.0|0.047659873962402344
73|11|76.3|0.051279544830322266
73|12|83.3|0.05715346336364746
73|13|80.9|0.07274174690246582
73|14|84.5|0.0542454719543457
73|15|88.9|0.07386183738708496
73|16|91.5|0.05108332633972168
73|17|84.6|0.05143094062805176
73|18|72.1|0.05672192573547363
73|19|85.1|0.04697465896606445
73|20|75.0|0.05536770820617676
73|21|84.8|0.0465242862701416
73|22|76.3|0.0562288761138916
73|23|84.1|0.04834628105163574
73|24|78.9|0.05364108085632324
73|25|81.8|0.05377769470214844
73|26|90.9|0.05834627151489258
73|27|79.2|0.050814151763916016
73|28|87.8|0.05303812026977539
73|29|73.8|0.05404233932495117
74|0|86.4|0.05600333213806152
74|1|88.6|0.0640263557434082
74|2|83.0|0.04244875907897949
74|3|73.5|0.05816006660461426
74|4|84.4|0.04388284683227539
74|5|75.7|0.05421113967895508
74|6|85.7|0.05422353744506836
74|7|88.6|0.058715105056762695
74|8|77.6|0.048367977142333984
74|9|87.5|0.05662369728088379
74|10|81.3|0.07338285446166992
74|11|89.8|0.043007612228393555
74|12|73.5|0.056357622146606445
74|13|88.6|0.044242143630981445
74|14|73.0|0.05209827423095703
74|15|88.6|0.04961442947387695
74|16|73.0|0.05617856979370117
74|17|85.4|0.05553317070007324
74|18|93.5|0.05853724479675293
74|19|78.3|0.048638105392456055
74|20|86.5|0.05004429817199707
74|21|79.1|0.04626822471618652
74|22|82.5|0.0510103702545166
74|23|82.9|0.047566890716552734
74|24|79.5|0.06111025810241699
74|25|78.4|0.04756045341491699
74|26|84.2|0.05809807777404785
74|27|79.6|0.04642796516418457
74|28|83.3|0.059503793716430664
74|29|87.0|0.06717681884765625
75|0|90.9|0.07890677452087402
75|1|93.7|0.05358266830444336
75|2|76.7|0.049986839294433594
75|3|82.1|0.05242753028869629
75|4|81.8|0.04853391647338867
75|5|81.6|0.053811073303222656
75|6|77.8|0.05494523048400879
75|7|88.6|0.04941105842590332
75|8|75.6|0.08754801750183105
75|9|87.0|0.05336928367614746
75|10|84.2|0.05205965042114258
75|11|76.7|0.05723094940185547
75|12|86.7|0.04725217819213867
75|13|71.1|0.05429863929748535
75|14|89.1|0.049865007400512695
75|15|69.8|0.06702780723571777
75|16|83.3|0.04230451583862305
75|17|73.5|0.06387090682983398
75|18|82.4|0.04152345657348633
75|19|74.2|0.07089948654174805
75|20|88.1|0.04902386665344238
75|21|88.1|0.04844188690185547
75|22|73.0|0.04515838623046875
75|23|87.2|0.053012847900390625
75|24|74.4|0.05070185661315918
75|25|88.1|0.048847198486328125
75|26|78.0|0.04241061210632324
75|27|83.3|0.054563045501708984
75|28|77.8|0.0449221134185791
75|29|82.4|0.05207705497741699
76|0|79.5|0.050047874450683594
76|1|91.9|0.06428194046020508
76|2|84.9|0.05803060531616211
76|3|89.6|0.04318666458129883
76|4|71.4|0.05097484588623047
76|5|87.8|0.05157470703125
76|6|72.5|0.06724333763122559
76|7|88.7|0.04310035705566406
76|8|72.2|0.05407094955444336
76|9|88.6|0.04536581039428711
76|10|69.4|0.060942888259887695
76|11|84.3|0.05055379867553711
76|12|78.6|0.07147479057312012
76|13|82.1|0.05405616760253906
76|14|84.4|0.04898428916931152
76|15|76.9|0.0561985969543457
76|16|86.4|0.045589447021484375
76|17|76.9|0.04987931251525879
76|18|85.7|0.04751944541931152
76|19|76.9|0.04709911346435547
76|20|86.8|0.048624277114868164
76|21|76.9|0.05008268356323242
76|22|85.0|0.05116009712219238
76|23|76.7|0.06061816215515137
76|24|96.1|0.04778289794921875
76|25|76.3|0.0547337532043457
76|26|88.9|0.04477977752685547
76|27|72.2|0.06120133399963379
76|28|87.8|0.06514358520507812
76|29|88.7|0.05359458923339844
77|0|79.1|0.04699349403381348
77|1|84.6|0.04859471321105957
77|2|79.5|0.04444408416748047
77|3|82.9|0.05631852149963379
77|4|85.1|0.06448078155517578
77|5|87.8|0.04671025276184082
77|6|77.5|0.04967927932739258
77|7|87.8|0.06461715698242188
77|8|88.2|0.05464339256286621
77|9|87.0|0.04517841339111328
77|10|74.3|0.060796499252319336
77|11|84.0|0.04160308837890625
77|12|76.5|0.056031227111816406
77|13|84.8|0.04279899597167969
77|14|74.3|0.05325055122375488
77|15|80.5|0.04814600944519043
77|16|77.5|0.05770230293273926
77|17|84.4|0.046243906021118164
77|18|76.3|0.05539989471435547
77|19|87.2|0.05966997146606445
77|20|83.3|0.05131387710571289
77|21|78.6|0.05012011528015137
77|22|83.7|0.053579092025756836
77|23|75.6|0.047760009765625
77|24|84.6|0.0525054931640625
77|25|81.8|0.04763627052307129
77|26|81.6|0.052904367446899414
77|27|78.0|0.047141313552856445
77|28|82.9|0.052860260009765625
77|29|76.2|0.045255184173583984
78|0|86.5|0.06500720977783203
78|1|86.3|0.057004690170288086
78|2|83.7|0.05372476577758789
78|3|84.1|0.062186479568481445
78|4|86.0|0.04161858558654785
78|5|77.8|0.05594372749328613
78|6|82.2|0.044728755950927734
78|7|79.5|0.05219292640686035
78|8|85.7|0.05457782745361328
78|9|72.7|0.05873227119445801
78|10|79.2|0.046144962310791016
78|11|86.8|0.07267212867736816
78|12|82.5|0.05322384834289551
78|13|84.8|0.05094265937805176
78|14|78.6|0.056142330169677734
78|15|84.8|0.044448137283325195
78|16|79.5|0.0542755126953125
78|17|86.0|0.044203996658325195
78|18|75.0|0.0560305118560791
78|19|84.8|0.04530692100524902
78|20|78.9|0.05666828155517578
78|21|84.8|0.05501389503479004
78|22|72.7|0.0668327808380127
78|23|83.9|0.048255205154418945
78|24|85.4|0.05490589141845703
78|25|76.7|0.04517483711242676
78|26|80.0|0.05464053153991699
78|27|84.4|0.05186104774475098
78|28|76.2|0.05387425422668457
78|29|81.8|0.047260284423828125
79|0|81.6|0.07693076133728027
79|1|90.5|0.06688666343688965
79|2|87.3|0.046759843826293945
79|3|80.6|0.06785368919372559
79|4|79.6|0.045885562896728516
79|5|84.2|0.05044150352478027
79|6|79.1|0.05336332321166992
79|7|84.1|0.054991722106933594
79|8|72.1|0.05151510238647461
79|9|88.1|0.05146169662475586
79|10|71.4|0.05436086654663086
79|11|88.4|0.04791760444641113
79|12|76.3|0.051525115966796875
79|13|88.1|0.04921674728393555
79|14|76.2|0.07390713691711426
79|15|86.9|0.04435086250305176
79|16|77.8|0.056183576583862305
79|17|82.6|0.05081677436828613
79|18|76.2|0.05327582359313965
79|19|86.4|0.051444053649902344
79|20|78.0|0.05077791213989258
79|21|82.9|0.053621530532836914
79|22|82.2|0.047026634216308594
79|23|79.5|0.05116701126098633
79|24|83.3|0.049114227294921875
79|25|79.5|0.055982112884521484
79|26|95.5|0.05421090126037598
79|27|75.0|0.04704713821411133
79|28|89.7|0.060466766357421875
79|29|86.0|0.05649447441101074
80|0|86.7|0.05229520797729492
80|1|87.0|0.06562066078186035
80|2|84.6|0.045847177505493164
80|3|78.9|0.059119462966918945
80|4|87.8|0.06622552871704102
80|5|90.9|0.07051277160644531
80|6|91.4|0.06113457679748535
80|7|88.2|0.04993867874145508
80|8|78.6|0.05641746520996094
80|9|79.5|0.07233905792236328
80|10|91.2|0.07660531997680664
80|11|90.6|0.07333683967590332
80|12|87.7|0.0685734748840332
80|13|91.1|0.06648135185241699
80|14|92.6|0.07397866249084473
80|15|87.5|0.0883035659790039
80|16|87.1|0.07431197166442871
80|17|95.1|0.060747385025024414
80|18|90.4|0.08312058448791504
80|19|86.2|0.07332396507263184
80|20|88.1|0.0805978775024414
80|21|92.2|0.06963777542114258
80|22|92.7|0.07050442695617676
80|23|84.5|0.085906982421875
80|24|94.1|0.06523418426513672
80|25|92.2|0.05860614776611328
80|26|76.6|0.06889677047729492
80|27|93.0|0.06603550910949707
80|28|92.9|0.07143688201904297
80|29|89.3|0.05382204055786133
81|0|81.8|0.049205780029296875
81|1|80.0|0.07129836082458496
81|2|91.5|0.07947826385498047
81|3|90.3|0.0747063159942627
81|4|85.0|0.05105185508728027
81|5|73.8|0.05721116065979004
81|6|90.7|0.051921844482421875
81|7|72.7|0.0756380558013916
81|8|86.9|0.04550290107727051
81|9|75.9|0.05638694763183594
81|10|83.0|0.05524134635925293
81|11|79.5|0.05633997917175293
81|12|78.3|0.0512998104095459
81|13|85.4|0.05078125
81|14|76.9|0.06354951858520508
81|15|86.8|0.06358194351196289
81|16|88.2|0.05595517158508301
81|17|81.4|0.05295276641845703
81|18|76.7|0.058922767639160156
81|19|83.0|0.050933122634887695
81|20|81.4|0.05577206611633301
81|21|79.1|0.05589890480041504
81|22|89.1|0.05565166473388672
81|23|77.8|0.055992841720581055
81|24|83.7|0.05321455001831055
81|25|79.5|0.07269454002380371
81|26|89.5|0.06857109069824219
81|27|83.9|0.050612688064575195
81|28|76.3|0.0589597225189209
81|29|82.0|0.05522751808166504
82|0|79.5|0.06587004661560059
82|1|90.2|0.08440923690795898
82|2|87.1|0.05457282066345215
82|3|83.7|0.058069467544555664
82|4|80.9|0.05149054527282715
82|5|83.3|0.048178672790527344
82|6|79.5|0.052547454833984375
82|7|86.7|0.06869626045227051
82|8|86.5|0.05630087852478027
82|9|79.5|0.05317330360412598
82|10|84.4|0.05417776107788086
82|11|81.4|0.07356643676757812
82|12|89.8|0.05037546157836914
82|13|71.8|0.054013729095458984
82|14|88.6|0.04999971389770508
82|15|76.7|0.05355668067932129
82|16|86.4|0.05356955528259277
82|17|79.5|0.05960679054260254
82|18|81.3|0.0495305061340332
82|19|81.1|0.06065797805786133
82|20|90.2|0.05229616165161133
82|21|82.9|0.07684636116027832
82|22|85.7|0.05441117286682129
82|23|81.8|0.05046200752258301
82|24|80.0|0.05864977836608887
82|25|78.7|0.05247068405151367
82|26|80.5|0.053936004638671875
82|27|80.0|0.049910783767700195
82|28|82.9|0.05518627166748047
82|29|79.1|0.05160045623779297
83|0|85.7|0.05375957489013672
83|1|77.3|0.054334402084350586
83|2|85.7|0.04867696762084961
83|3|78.0|0.05423903465270996
83|4|86.4|0.05082893371582031
83|5|76.9|0.0599672794342041
83|6|86.0|0.04628396034240723
83|7|78.4|0.06300997734069824
83|8|79.6|0.07599401473999023
83|9|85.5|0.0483705997467041
83|10|76.3|0.05622982978820801
83|11|86.7|0.05098724365234375
83|12|78.6|0.05640530586242676
83|13|83.3|0.04775500297546387
83|14|78.4|0.057988643646240234
83|15|80.9|0.051349639892578125
83|16|80.5|0.06062150001525879
83|17|79.6|0.04855036735534668
83|18|85.0|0.056917667388916016
83|19|80.0|0.07569217681884766
83|20|89.1|0.06764650344848633
83|21|90.4|0.06804251670837402
83|22|86.8|0.05864310264587402
83|23|85.7|0.04654502868652344
83|24|75.0|0.054245948791503906
83|25|86.4|0.04635334014892578
83|26|81.6|0.0670006275177002
83|27|87.0|0.05108046531677246
83|28|85.4|0.04862642288208008
83|29|76.9|0.06491613388061523
84|0|92.7|0.06199359893798828
84|1|82.0|0.05780982971191406
84|2|87.0|0.045072317123413086
84|3|78.9|0.05677437782287598
84|4|91.5|0.07019805908203125
84|5|85.7|0.05809760093688965
84|6|85.4|0.05177879333496094
84|7|79.1|0.04965710639953613
84|8|83.3|0.05060696601867676
84|9|82.5|0.05181407928466797
84|10|83.7|0.05423092842102051
84|11|84.8|0.07036757469177246
84|12|89.1|0.08191251754760742
84|13|79.1|0.05085635185241699
84|14|88.1|0.04949641227722168
84|15|77.5|0.05421638488769531
84|16|87.0|0.05493950843811035
84|17|81.8|0.05335664749145508
84|18|82.2|0.0511472225189209
84|19|82.5|0.056937217712402344
84|20|79.5|0.054837703704833984
84|21|80.9|0.05735611915588379
84|22|81.2|0.04978656768798828
84|23|79.5|0.05422711372375488
84|24|81.8|0.04588580131530762
84|25|77.8|0.0539093017578125
84|26|81.4|0.05215287208557129
84|27|80.5|0.0477147102355957
84|28|82.9|0.05447745323181152
84|29|81.0|0.053200721740722656
85|0|80.0|0.049184560775756836
85|1|87.5|0.0635828971862793
85|2|92.2|0.0549161434173584
85|3|81.0|0.05038785934448242
85|4|79.5|0.052340030670166016
85|5|81.4|0.046192169189453125
85|6|81.6|0.050290822982788086
85|7|82.5|0.04969334602355957
85|8|82.5|0.048614501953125
85|9|82.5|0.0492558479309082
85|10|82.5|0.05144143104553223
85|11|82.9|0.0472104549407959
85|12|80.0|0.047631025314331055
85|13|80.5|0.04858064651489258
85|14|79.5|0.04887032508850098
85|15|82.1|0.04768824577331543
85|16|82.1|0.054213523864746094
85|17|81.8|0.05348610877990723
85|18|81.0|0.04919266700744629
85|19|82.9|0.0506744384765625
85|20|81.0|0.05818748474121094
85|21|81.3|0.04764604568481445
85|22|78.4|0.05327463150024414
85|23|83.3|0.045920610427856445
85|24|78.4|0.05684852600097656
85|25|85.4|0.04706525802612305
85|26|73.0|0.0552670955657959
85|27|86.7|0.05130577087402344
85|28|78.6|0.05003857612609863
85|29|81.0|0.05464768409729004
86|0|79.5|0.06394672393798828
86|1|88.0|0.05791616439819336
86|2|83.3|0.05099749565124512
86|3|78.6|0.05463004112243652
86|4|86.4|0.04878568649291992
86|5|76.9|0.05129718780517578
86|6|82.5|0.05035877227783203
86|7|78.0|0.05130147933959961
86|8|85.4|0.05224895477294922
86|9|77.3|0.0534820556640625
86|10|83.7|0.049973249435424805
86|11|76.2|0.054337501525878906
86|12|84.4|0.05567121505737305
86|13|83.7|0.05386686325073242
86|14|84.8|0.0469205379486084
86|15|82.1|0.05946636199951172
86|16|83.3|0.048699378967285156
86|17|82.1|0.05221676826477051
86|18|78.6|0.05496501922607422
86|19|76.7|0.05302762985229492
86|20|81.0|0.048735857009887695
86|21|85.4|0.05161905288696289
86|22|81.8|0.05089449882507324
86|23|83.3|0.04891324043273926
86|24|81.6|0.048581838607788086
86|25|82.9|0.05317211151123047
86|26|80.5|0.04819989204406738
86|27|82.9|0.05023503303527832
86|28|80.5|0.056876182556152344
86|29|88.6|0.0696554183959961
87|0|81.0|0.05674099922180176
87|1|82.2|0.05164766311645508
87|2|82.9|0.050388336181640625
87|3|81.4|0.05585741996765137
87|4|80.0|0.049161672592163086
87|5|82.9|0.06951260566711426
87|6|89.1|0.05101513862609863
87|7|79.5|0.050931453704833984
87|8|85.4|0.056969642639160156
87|9|75.0|0.05599856376647949
87|10|78.7|0.047568559646606445
87|11|81.6|0.05829644203186035
87|12|80.9|0.04778003692626953
87|13|81.6|0.05316019058227539
87|14|78.6|0.04780983924865723
87|15|85.0|0.05504560470581055
87|16|80.0|0.05274701118469238
87|17|82.9|0.04978489875793457
87|18|80.0|0.04927372932434082
87|19|84.6|0.05367398262023926
87|20|80.0|0.05568051338195801
87|21|80.0|0.051254987716674805
87|22|81.0|0.06047987937927246
87|23|81.6|0.04969167709350586
87|24|81.0|0.05466127395629883
87|25|84.1|0.051369428634643555
87|26|75.0|0.06818318367004395
87|27|85.7|0.06057429313659668
87|28|84.3|0.05291152000427246
87|29|80.0|0.05887413024902344
88|0|83.3|0.04955005645751953
88|1|76.2|0.05227780342102051
88|2|86.0|0.05221724510192871
88|3|77.3|0.05211925506591797
88|4|85.7|0.0472416877746582
88|5|79.5|0.05505967140197754
88|6|84.4|0.04781341552734375
88|7|75.0|0.06005048751831055
88|8|83.3|0.04605817794799805
88|9|82.4|0.061496734619140625
88|10|77.6|0.04887080192565918
88|11|85.4|0.0523836612701416
88|12|76.7|0.04956340789794922
88|13|85.7|0.05485057830810547
88|14|76.7|0.05155372619628906
88|15|88.1|0.05165386199951172
88|16|75.0|0.0569913387298584
88|17|89.4|0.046683549880981445
88|18|75.0|0.05407452583312988
88|19|90.9|0.04643416404724121
88|20|70.6|0.05547904968261719
88|21|91.3|0.06518936157226562
88|22|88.0|0.06451296806335449
88|23|83.3|0.04806065559387207
88|24|87.2|0.06271767616271973
88|25|92.5|0.055069923400878906
88|26|93.3|0.0592195987701416
88|27|80.9|0.07827973365783691
88|28|88.9|0.05339384078979492
88|29|88.9|0.04807710647583008
89|0|76.9|0.05952858924865723
89|1|85.4|0.049504995346069336
89|2|75.0|0.054044485092163086
89|3|86.7|0.04765772819519043
89|4|77.5|0.05662131309509277
89|5|87.2|0.053691864013671875
89|6|76.7|0.060898780822753906
89|7|78.8|0.04596304893493652
89|8|83.3|0.05367016792297363
89|9|78.6|0.047513723373413086
89|10|82.9|0.05310630798339844
89|11|82.9|0.0440065860748291
89|12|81.1|0.06837224960327148
89|13|86.0|0.06786680221557617
89|14|92.6|0.06143522262573242
89|15|88.2|0.0679631233215332
89|16|81.8|0.05336403846740723
89|17|86.7|0.049369096755981445
89|18|76.9|0.05814194679260254
89|19|87.0|0.04821920394897461
89|20|72.5|0.0700063705444336
89|21|83.0|0.06853485107421875
89|22|91.1|0.050273895263671875
89|23|75.6|0.058675289154052734
89|24|85.1|0.04705667495727539
89|25|73.7|0.06315350532531738
89|26|86.5|0.049619436264038086
89|27|73.8|0.06336283683776855
89|28|83.7|0.047373294830322266
89|29|82.1|0.05934405326843262
90|0|81.6|0.05013918876647949
90|1|85.7|0.057778120040893555
90|2|76.6|0.05651259422302246
90|3|86.7|0.05460667610168457
90|4|73.9|0.058390140533447266
90|5|87.8|0.05733633041381836
90|6|80.4|0.05727100372314453
90|7|82.2|0.04865097999572754
90|8|85.4|0.06096148490905762
90|9|81.6|0.055727243423461914
90|10|82.6|0.06688642501831055
90|11|89.1|0.06660604476928711
90|12|83.3|0.052629709243774414
90|13|80.5|0.05718660354614258
90|14|83.0|0.054839134216308594
90|15|81.8|0.05512237548828125
90|16|78.3|0.07389140129089355
90|17|80.6|0.07347917556762695
90|18|88.3|0.0544438362121582
90|19|77.8|0.051168203353881836
90|20|87.5|0.05460047721862793
90|21|75.6|0.05573248863220215
90|22|84.8|0.07803654670715332
90|23|90.6|0.05568814277648926
90|24|80.0|0.051398277282714844
90|25|88.4|0.052186012268066406
90|26|79.5|0.053484201431274414
90|27|85.7|0.05102419853210449
90|28|76.9|0.05685091018676758
90|29|82.2|0.05111885070800781
91|0|82.9|0.06069016456604004
91|1|82.4|0.05074000358581543
91|2|80.0|0.05692625045776367
91|3|83.0|0.05523514747619629
91|4|85.1|0.051930904388427734
91|5|79.5|0.05563497543334961
91|6|88.9|0.05009913444519043
91|7|75.0|0.05588245391845703
91|8|86.4|0.05160665512084961
91|9|78.0|0.057886362075805664
91|10|81.6|0.04783272743225098
91|11|82.1|0.058150529861450195
91|12|83.3|0.04778456687927246
91|13|82.5|0.06557846069335938
91|14|89.1|0.07002115249633789
91|15|87.5|0.053571462631225586
91|16|79.5|0.061469078063964844
91|17|81.3|0.0515592098236084
91|18|81.4|0.05865192413330078
91|19|85.1|0.048345088958740234
91|20|80.5|0.05847287178039551
91|21|80.4|0.0541532039642334
91|22|88.4|0.057861328125
91|23|77.6|0.05896258354187012
91|24|83.0|0.050998687744140625
91|25|83.3|0.059572696685791016
91|26|81.6|0.053694725036621094
91|27|81.8|0.0597078800201416
91|28|83.7|0.056827545166015625
91|29|82.6|0.058182716369628906
92|0|76.1|0.0539555549621582
92|1|86.4|0.05684304237365723
92|2|81.2|0.05135011672973633
92|3|82.9|0.055615901947021484
92|4|82.2|0.05886435508728027
92|5|83.0|0.04875469207763672
92|6|78.6|0.062438011169433594
92|7|82.4|0.050728797912597656
92|8|87.5|0.06362748146057129
92|9|76.5|0.05542707443237305
92|10|86.7|0.06990218162536621
92|11|85.7|0.05626821517944336
92|12|80.9|0.05178189277648926
92|13|80.5|0.05325198173522949
92|14|79.5|0.05293846130371094
92|15|86.0|0.05256819725036621
92|16|76.7|0.05070638656616211
92|17|86.0|0.050852060317993164
92|18|81.0|0.05558609962463379
92|19|82.6|0.05652928352355957
92|20|83.0|0.05185699462890625
92|21|83.3|0.0503079891204834
92|22|82.5|0.06326150894165039
92|23|82.7|0.05350303649902344
92|24|74.4|0.05536699295043945
92|25|81.8|0.05258536338806152
92|26|83.3|0.05364346504211426
92|27|79.5|0.05263376235961914
92|28|86.0|0.05227375030517578
92|29|80.0|0.05228233337402344
93|0|83.7|0.051177024841308594
93|1|80.5|0.0513310432434082
93|2|83.7|0.052840471267700195
93|3|86.4|0.06828904151916504
93|4|90.9|0.04730701446533203
93|5|76.9|0.0705103874206543
93|6|85.7|0.05452561378479004
93|7|91.1|0.0624697208404541
93|8|92.2|0.06722116470336914
93|9|92.6|0.04905390739440918
93|10|81.0|0.07616782188415527
93|11|81.7|0.05737876892089844
93|12|83.0|0.051253557205200195
93|13|81.4|0.05297970771789551
93|14|86.0|0.053594350814819336
93|15|78.0|0.049843549728393555
93|16|85.4|0.05540633201599121
93|17|75.6|0.05465054512023926
93|18|84.4|0.051708221435546875
93|19|81.8|0.05353736877441406
93|20|75.6|0.051752328872680664
93|21|88.9|0.05415844917297363
93|22|73.2|0.053327322006225586
93|23|88.6|0.05408883094787598
93|24|79.5|0.057991981506347656
93|25|85.1|0.0503230094909668
93|26|74.4|0.05746030807495117
93|27|86.7|0.046195030212402344
93|28|76.3|0.06000566482543945
93|29|87.5|0.047502994537353516
94|0|75.0|0.06503772735595703
94|1|78.8|0.053046464920043945
94|2|84.1|0.05113983154296875
94|3|78.0|0.05233407020568848
94|4|90.5|0.0678253173828125
94|5|90.7|0.058327436447143555
94|6|87.2|0.054640769958496094
94|7|73.9|0.0620875358581543
94|8|80.4|0.052445173263549805
94|9|86.0|0.054029226303100586
94|10|79.1|0.05056881904602051
94|11|85.4|0.058025360107421875
94|12|80.4|0.056221723556518555
94|13|83.3|0.053334712982177734
94|14|78.0|0.061719655990600586
94|15|84.6|0.048116207122802734
94|16|77.5|0.05007147789001465
94|17|85.7|0.05435514450073242
94|18|78.7|0.05190634727478027
94|19|81.4|0.04694414138793945
94|20|81.6|0.05277752876281738
94|21|82.6|0.05510854721069336
94|22|84.4|0.05273318290710449
94|23|76.2|0.04717540740966797
94|24|87.2|0.05120992660522461
94|25|78.6|0.051073312759399414
94|26|85.7|0.05217599868774414
94|27|77.8|0.050041913986206055
94|28|85.0|0.05179905891418457
94|29|79.1|0.048503875732421875
95|0|86.5|0.05515694618225098
95|1|78.7|0.05051851272583008
95|2|87.5|0.060140371322631836
95|3|90.2|0.06159329414367676
95|4|80.4|0.04670882225036621
95|5|70.6|0.059046268463134766
95|6|82.6|0.04808187484741211
95|7|80.0|0.05414390563964844
95|8|81.4|0.05505967140197754
95|9|82.2|0.07214212417602539
95|10|84.5|0.05235147476196289
95|11|85.4|0.04584336280822754
95|12|77.8|0.058702945709228516
95|13|86.0|0.04837512969970703
95|14|76.2|0.05344986915588379
95|15|85.7|0.05318427085876465
95|16|75.6|0.0572667121887207
95|17|84.4|0.04713940620422363
95|18|80.0|0.0651857852935791
95|19|74.5|0.05018329620361328
95|20|88.1|0.05423569679260254
95|21|76.2|0.056406259536743164
95|22|84.1|0.04989266395568848
95|23|76.2|0.04788565635681152
95|24|84.6|0.051087141036987305
95|25|80.0|0.05749034881591797
95|26|84.8|0.06118369102478027
95|27|92.0|0.07453560829162598
95|28|91.8|0.08222246170043945
95|29|87.7|0.06879973411560059
96|0|88.9|0.053620338439941406
96|1|80.0|0.05552077293395996
96|2|82.6|0.05291318893432617
96|3|79.1|0.06155753135681152
96|4|80.9|0.05262017250061035
96|5|75.0|0.0755000114440918
96|6|93.3|0.08614325523376465
96|7|87.1|0.07187581062316895
96|8|87.7|0.05643916130065918
96|9|76.1|0.06249189376831055
96|10|79.2|0.05028223991394043
96|11|80.5|0.0559229850769043
96|12|80.4|0.051865577697753906
96|13|85.4|0.05081820487976074
96|14|79.1|0.07676506042480469
96|15|92.3|0.07064986228942871
96|16|94.7|0.08218526840209961
96|17|95.3|0.09252643585205078
96|18|88.9|0.0783529281616211
96|19|89.1|0.09177327156066895
96|20|89.5|0.07946896553039551
96|21|93.8|0.07002449035644531
96|22|91.1|0.07694196701049805
96|23|91.4|0.06974482536315918
96|24|96.6|0.0620419979095459
96|25|91.8|0.07605743408203125
96|26|87.1|0.07402801513671875
96|27|91.7|0.07209420204162598
96|28|92.7|0.06493353843688965
96|29|90.7|0.0626823902130127
97|0|80.8|0.04771256446838379
97|1|81.1|0.05497574806213379
97|2|82.6|0.04444289207458496
97|3|84.2|0.05618762969970703
97|4|79.5|0.07085514068603516
97|5|96.6|0.06273698806762695
97|6|78.0|0.06137204170227051
97|7|82.7|0.046738624572753906
97|8|81.1|0.05350160598754883
97|9|81.0|0.04374361038208008
97|10|80.0|0.06343245506286621
97|11|78.4|0.045386314392089844
97|12|86.5|0.05517244338989258
97|13|74.4|0.04815316200256348
97|14|86.8|0.05127978324890137
97|15|78.6|0.05504488945007324
97|16|91.5|0.05904793739318848
97|17|80.4|0.07403302192687988
97|18|82.5|0.041904449462890625
97|19|82.4|0.06095457077026367
97|20|78.4|0.05004715919494629
97|21|81.0|0.058485984802246094
97|22|74.5|0.045726776123046875
97|23|89.5|0.06835293769836426
97|24|81.8|0.08345603942871094
97|25|91.3|0.09330201148986816
97|26|89.0|0.06942486763000488
97|27|89.3|0.06137824058532715
97|28|82.0|0.08070921897888184
97|29|83.1|0.06408143043518066
98|0|94.3|0.045932769775390625
98|1|62.9|0.0634465217590332
98|2|88.2|0.04213356971740723
98|3|72.2|0.07166194915771484
98|4|89.8|0.048186540603637695
98|5|84.6|0.05622386932373047
98|6|73.9|0.04060196876525879
98|7|84.4|0.060274600982666016
98|8|76.0|0.04230356216430664
98|9|79.4|0.053258657455444336
98|10|78.6|0.04028677940368652
98|11|80.0|0.06184744834899902
98|12|80.4|0.0668327808380127
98|13|96.3|0.04746723175048828
98|14|66.7|0.06774687767028809
98|15|96.2|0.0473322868347168
98|16|73.7|0.060527801513671875
98|17|83.3|0.04549360275268555
98|18|76.9|0.0618288516998291
98|19|78.4|0.04661393165588379
98|20|86.8|0.05405473709106445
98|21|74.4|0.04745984077453613
98|22|85.4|0.055707454681396484
98|23|75.6|0.0548090934753418
98|24|88.6|0.04951810836791992
98|25|73.2|0.06342554092407227
98|26|94.2|0.04852628707885742
98|27|75.0|0.06657075881958008
98|28|83.3|0.04526877403259277
98|29|76.9|0.06096076965332031
99|0|80.9|0.04503369331359863
99|1|82.1|0.05863380432128906
99|2|77.1|0.05124044418334961
99|3|85.4|0.04830455780029297
99|4|71.8|0.04571390151977539
99|5|89.5|0.051479339599609375
99|6|73.8|0.04652237892150879
99|7|86.8|0.06095623970031738
99|8|78.0|0.05296826362609863
99|9|95.6|0.05855560302734375
99|10|82.6|0.08313727378845215
99|11|88.1|0.0507965087890625
99|12|90.0|0.053915977478027344
99|13|73.9|0.049559593200683594
99|14|92.1|0.04863715171813965
99|15|71.4|0.05256509780883789
99|16|90.2|0.04810357093811035
99|17|72.5|0.07426905632019043
99|18|85.0|0.045725345611572266
99|19|74.3|0.05997824668884277
99|20|82.4|0.049138545989990234
99|21|76.9|0.058569908142089844
99|22|78.3|0.04603099822998047
99|23|82.1|0.051692962646484375
99|24|81.0|0.04587149620056152
99|25|78.4|0.05478215217590332
99|26|80.0|0.04688382148742676
99|27|82.1|0.05298018455505371
99|28|78.6|0.056154489517211914
99|29|93.6|0.056382179260253906
