-0.05930541783621269
0.001227420536085232
-0.0440753212973444
-0.025421679108719102
0.08819620247151161
0.1628244935702975
-0.032454102770071894
-0.4693594839008088
-0.6252831724645129
-0.3555924631494151
0.083848246993688
-0.11376070645496135
0.036737471622215835
-0.02893895393521083
-0.7060787350550098
-0.03789007371253348
-0.07073505548197508
-0.11690156961078073
-0.09821764573210813
0.01991146306452292
-0.017945351225816822
-0.0027731606839331764
-0.0640019358842123
-0.3942192163828479
-0.23312055738854598
0.30932806098984067
-0.09225520207249684
-0.029360731061976383
-0.018807146547101434
-0.033168634911022066
-0.14291904326821656
-0.04286696608223429
0.0006414372354123906
-0.19251378513600859
-0.014899033518447397
-0.39979457724483897
0.14156227881016226
-0.036302683445824185
-0.08511281403171173
0.0066398452738661564
-0.19718035253159952
-0.02876916643181759
-0.13579736340765355
-0.017613883796971035
-0.016805107658185357
-0.052142201241233116
0.12323286182041239
-0.1034587719941172
-0.023199709960140414
-0.33047574818320075
-0.027831726560071435
-0.2326771796258371
-0.04011390357780683
0.003929264478710314
-0.11218941478592954
-0.31614049120750815
-0.20221343280571097
-0.033588927259384914
-0.1069621097298327
-0.023459011681244063
0.023892689323449807
-0.0009465934784926705
-0.09377126170832363
-0.43138001033803675
-0.10344894317342893
0.07559607944350474
-0.7047411206680668
-0.11343413720875214
0.128774977126295
-0.08173606127774836
0.06765353934379557
-0.13086248686773874
-0.09785664844692148
-0.19793602110354874
-0.020028900003612855
-0.0212758701638661
-0.128180175363512
-0.2458242593318118
-0.10152242683991627
-0.09764634838758363
-0.13346480118604218
0.12880215619929605
-0.2331751599658893
-0.10637517683237421
-0.05921244005938379
-0.0663302989897564
-0.13377114522905684
-0.2539594659901395
-0.03874563027777219
-0.038842510260087754
-0.0134045020220604
-0.03697258908617417
0.04546260147882531
-0.005784455337881819
0.002894886257633795
-0.035866611085719584
-0.12839221500265902
-0.006559349075649055
0.02706646498398926
-0.21812749675376292
-0.041168642793193065
0.0077502679247792895
-0.046650121482190006
-0.0006187234140020576
-0.0748246347804907
-0.16508600951496666
-0.0428476783731212
-0.006164126728200392
-0.010221950330950781
0.008204133085306906
-0.09693763311149543
-0.015916673387878503
0.010178381511273439
-0.10802589277403728
-0.12306000638054955
-0.0006210601011794619
-0.22523127064136306
-0.10313985438812934
-0.049280922568287096
-0.2065273403426045
-0.01893695751371277
-0.1251753879531233
0.15399089091878154
-0.15530687286010933
-0.48271409492876255
-0.1010371817719949
-0.08095719675619222
-0.09298544414340139
-0.02493419302387556
-0.03454548141157321
-0.10170795145925882
-0.024606776102814004
-0.049621401706124245
-0.1824269944912313
-0.0560671827950726
-0.24831796671272674
-0.2596599253458438
-0.25457723796109094
-0.10818739768236386
-0.049377312567659766
-0.10623714714383815
-0.03053833276026305
0.108065340352872
-0.1006327058063002
-0.10440583511572607
-0.022584579203137604
0.08039461941311841
-0.11847405012922825
-0.03357676434164828
-0.02651260070116075
-0.07631860224358349
-0.2568085491922457
0.007897702612393719
0.015152872836203665
-0.029534082755997736
-0.06258577247897186
0.01303860071856894
-0.09170804086471478
0.10126735527579601
-0.24497850270264374
-0.09270074975399822
0.06201385947236179
-0.02156494790415643
0.3071044864236186
-0.154099497567926
0.029205253970908698
-0.0194977725556139
0.07325487941691212
-0.05020826549670108
-0.4489294003202709
-0.00195365254949268
-0.03867028250140439
-0.39306107911684124
0.012580476794927128
-0.15236187989298905
-0.02123191930950705
-0.024624740971878778
-0.0004232078079654661
-0.009387312339547602
0.1498328329825912
-0.0016946590704060944
-0.024066251768732953
-0.036761140532695
0.011141946180228643
-0.02841051134342654
-0.05780042480437823
-0.09957041182704948
-0.06548743591118707
0.15543970407571447
-0.11628751609637669
-0.14167247626771384
-0.039952498728233525
-0.03250649920574088
0.011001289499625496
-0.2143539143530555
-0.11005715869091182
0.04052334091504396
0.14850392574130356
-0.038699770931774145
-0.04872723210259651
-0.00729210202530814
0.21771201868929702
-0.004766263627469889
-0.001374108827578586
0.21901128538009862
0.010084178283574103
-0.09129613413137273
-0.1419991332326738
0.05604800380564204
-0.024808675441644553
-0.25626617133214386
-0.09745181978172644
-0.006059653577815244
-0.18764455348229359
0.020812713914400392
-0.08362812266023842
-0.1218694605587704
-0.5190000369592279
-0.026341553626332184
-0.17071284298340272
-0.06329713930773247
-0.11233010715081453
-0.021413514959644334
0.010708696766295366
-0.028161536714850208
-0.08547857595018278
0.10639316492580733
-0.013388100428598552
-0.0766254939579065
-0.10305256710975927
-0.10364249782279016
-0.03544086772981992
0.2076616022492958
0.10254443938420936
0.004372312212968742
-0.00022103156518284703
-0.012110847900845276
0.010409165725743443
-0.5002604958767597
-0.1157218819034994
0.005540397534124708
-0.02031217437177955
-0.34558728081074613
0.03470395020093745
0.00675277350622613
-0.10680443972961491
-0.10452515337195827
-0.04338490520821595
-0.006986070326908059
-0.06650433889072785
-0.14725186899491824
-0.08349207454306845
-0.06751358636017891
-0.1399007829043732
-0.08224354983817204
-0.001977006623774725
-0.15338007285378524
-0.3643122317683833
-0.022547063377995533
-0.09380619213180566
-0.28712344178678006
-0.1769649616782211
-0.2956282701937842
-0.08050313720448793
-0.46673277262598445
0.17975652969951827
-0.1366623521743487
-0.34729628562978754
-0.26958524927640176
-0.28771104981627577
-0.2457871726081432
-0.10810729316781306
-0.4154833103476733
-0.008478700995093815
-0.16961634859709374
-0.09933468192872684
-0.003660823027827939
-0.045501046490950096
-0.02506013302537285
-0.15454278224112203
-0.0243400482406891
-0.01899264895090979
-0.06373171922961873
-0.07982587662227765
-0.07048046564833012
-0.13739080722975924
-0.07768119432699534
-0.1254141439063608
-0.13144210469545
-0.34924970907085534
0.2331141536301365
-0.02138007829708232
-0.03686152479159119
-0.04427875300110665
-0.019409611350123177
-0.012022277455336352
-0.09737558380048869
0.0007548791611020565
-0.03154487038891822
-0.0639109758516153
-0.37145416639547696
-0.007070824746193129
-0.06863663287918287
-0.028600378630086878
-0.07640796850451664
-0.006336239107062917
-0.007544148264295003
-0.07455366719695146
-0.03736903480147965
-0.11276848987564775
-0.018074380968612355
0.10357790913507126
-0.20358195132518617
-0.0017344994407130325
0.00029574908302730534
-0.021499860785835427
-0.035482577628638795
0.0044339603938591396
-0.15326139020941176
0.0008220141825947867
-0.1563808078914299
-0.003768240491482143
-0.07732927740606563
-0.1381458311440483
0.09050766949237789
-0.6923183813390906
0.08621370148682596
0.012490303029932355
-0.09554822666261169
-0.10904619541754297
0.13901442613635956
-0.1302584807688838
-0.23703575584325853
-0.17404570317306026
-0.0886894767783551
-0.1505688945254862
-0.1019393042510152
-0.020227688663542364
-0.014513780689574575
-0.11811973277620558
-0.10690498572656676
-0.02949072168205918
-0.09289337245220924
-0.10730497607157413
-0.11013153831202009
-0.03834272554934976
-0.12791487815224156
-0.0977027116025406
-1.0460268942335365
-0.10010864499605425
-0.8294000966704324
-0.7649299495265548
-0.029844810575427982
-0.0043384802010082634
-0.10477079787817214
-0.12756991615870059
-0.09230539149215836
-0.034532379551743625
-0.09279712748806951
-0.029045164948730544
-0.1015204323522944
-0.03445045592997442
-0.1350456932016779
-0.06717318513972993
-0.043897318740262176
-0.021309264612852895
0.029572451778690997
-0.004494165860870945
-0.13325306385622288
-0.01219876332062487
-0.054319664026997255
-0.2230715693367358
-0.3312909172628924
-0.1124522563900263
-0.1105365917252889
-0.13274201685788822
-0.11961105581652307
-0.11327360238262493
-0.15620516456039443
-0.20437595166441969
-0.04420924811755868
-0.28773678672845016
-0.26671593346994704
-0.26871131342679305
-0.2683622477688818
-0.017940932461449413
-0.13460342917963727
-0.07176101351616417
-0.045888241568209504
-0.2507344882609744
-0.030880825959992714
-0.01702444913777989
