-0.1288101625735697
-0.5656341712113538
0.4288862646122337
0.23677579103179178
-0.0349225152191695
-0.21864775514967363
0.00047263697995178765
0.04104134106348234
-0.08100180836242611
-0.01697359640602878
-0.009749284404546973
0.029476444669918136
0.02872251417370985
-0.04742777165725504
0.039899924717898445
0.12852053017075565
0.11144184682909022
-0.023051727135342308
0.11382606221651308
-0.13668839902855018
0.011645929407294316
-0.002996258982552402
0.02237312784837145
0.009125993329488135
0.023637690839075628
-0.076971864563545
-0.010686151868812596
-0.5757138266165517
-0.07391614169446283
-0.0015887311759408026
-0.07989505627784733
0.0027771599595668344
0.002187799176542842
-0.1707800236400685
-0.14265831783257477
-0.11431688149412579
0.06095913373869114
-0.036130742101832446
0.05990813788552176
-0.027038069039359004
-0.09483630134236284
-0.13612325532610178
-0.28710019256605285
-0.48504358652106405
0.015646183597186496
-0.43377626837502214
-0.03638337524392751
-0.09624698710697471
-0.34025110947164844
-0.07438082649106323
-0.009821794936608993
0.005398286316714673
-0.1497785906932377
-0.00012212929718826378
-0.11556913267490877
-0.027317818306347372
-0.10867606355274133
-0.10051430139438314
-0.2693098625703679
-0.02114340933891231
-0.10340233013039345
0.177766779598254
0.08245416392017696
-0.07577923176445897
-0.12518509505154482
-0.02625612238922781
-0.04402365439055765
-0.15270798433249005
-0.09253432645327463
-0.022294022188523718
0.14996537433968804
-0.05536566007695814
0.16960176947082214
-0.0002923602835088287
-0.12625098704444884
-0.11684253276617539
-0.008402697648957834
-0.030732944029024423
0.005111981606805601
-0.10936840420309202
-0.07287998332834916
0.08629287334924975
-0.03861254633166457
-0.055954434937553185
0.10135557017472253
-0.008411804494784066
-0.023606094898715152
-0.022472003601128592
-0.024573849935616524
-0.01901592293625877
-0.02381136728237896
-0.12440064841418995
-0.042636661098522384
-0.08226108889120091
-0.06501708387208953
0.061579582607623716
-0.10149187986768433
0.21218744665441894
-0.053770418382489485
0.01088072573170068
-0.020666512447446377
-0.11793531948279713
-0.040802342562355404
-0.02232737273905852
-0.03707931492201233
-0.23207777954324912
-0.008802319496261557
-0.03845492966358969
0.009550846008545475
0.2573288870027506
0.05569853935190181
0.10119197282023143
-0.022845310094196315
0.011213101799234362
0.14886214092802014
-0.07385298111942316
-0.1671930844249759
0.2210852073256067
0.18612821459167395
-0.09904207551632564
0.13298819801378053
-0.05008766116614907
0.1612154604338204
0.10456673345617445
0.08527620470296006
0.27013140132160307
-0.013640234045570234
-0.035565996158404375
-0.12052603938229432
-0.27086816102433425
-0.022777758115101455
-0.0008709713575575177
-0.05742888723085382
-0.11864349335106453
0.012205774000576288
-0.03178358567968838
-0.20309075894527914
0.017805965808277667
0.1610404258224861
-0.08587418720052609
-0.09043953847630629
-0.013009063743310512
-0.032930335365261805
-0.11323025406057993
0.0639412956757048
-0.1318668199992451
-0.0026195390633803233
-0.07439424227287203
-0.05474245876921421
-0.0768934456736096
0.008339103340485198
0.028715443512884988
-0.020038153173437073
0.021393221173632217
-0.14052713431323843
0.006012693670093328
-0.06157540398673876
-0.0116722498607819
0.010115294012852343
-0.34281114227402
-0.010462632798786389
-0.11827607610833192
0.010939256008396056
-0.02361125779621927
-0.010506674295862124
-0.03251606125922192
-0.023468414995720378
0.011097776599627851
-0.13152034314744268
-0.009609173654305761
-0.01629009380370215
-0.030531215832463206
-0.07857501633114555
0.04657682400286682
-0.048813424914652605
-0.20527978421302212
-0.06237064763261334
-0.020864136952591025
-0.21616996109193676
-0.068494589368102
-0.00620405443918524
-0.17797299031903743
-0.23403199046179252
-0.02121755974734677
-0.06331124154160266
-0.052833459752950514
-0.0032602650833626207
-0.6365073652887747
-0.14243224477063596
-0.08379143002539863
-0.09017695499261937
-0.022585234178917595
-0.09437308710847118
-0.3697680288153017
0.023049882142456814
-0.05177254663332786
-0.009543358134195254
-0.01534388394875982
-0.34084326023599276
-0.13987576259497495
0.00626523823756177
-0.091239936935445
-0.09106783496554952
-0.08896952897653033
-0.6728739505199793
-0.12573081177118772
-0.08009199013769885
-0.03794045499924854
-0.13028825598633506
-0.023909924189959294
-0.11932703147393021
-0.1072590687084711
-0.08460100555497488
-0.03236576955669841
-0.001754511421617463
-0.010836150697876856
0.017463127130908824
-0.03400823159090819
-0.006876663236266476
0.009556385041740337
0.01203938101834504
-0.06845738296178348
-0.13949080815937617
-0.03878312482872811
-0.21273780275851975
-0.05082246397136375
-0.09510518983009006
-0.13381927437605826
-0.36668560923567645
-0.2511412437870948
-0.07648794268273594
0.00839811991044066
-0.026797180446090658
-0.05331673154605575
-0.20410593910615146
-0.018074367161657355
0.00394873410168123
-0.09245820084789759
0.012754178097431075
-0.09755849294264736
-0.004612874059878412
-0.035715283754970996
-0.07020023030270402
-0.6465016663893456
-0.39196489218198816
-0.15581380463474237
-0.016941250657720047
-0.060529829992961054
-0.0009684917220773226
0.035189298709127126
-0.028290826954804983
0.020312159964777518
-0.7484302693483086
-0.026946275980256344
-0.2763747475959973
-0.03409221642636777
-0.03993368447171625
-0.023202184429647863
-0.024662632786534702
-0.03642598627163124
-0.005328481405828204
0.008873255427851754
-0.11474388500410031
-0.034789480810692365
-0.03536201076836971
-0.020706306167373026
-0.10563838188876305
-0.02494359176516233
-0.01652166029075244
-0.033458854708505535
-0.10730580069993845
-0.23977858810121722
-0.060388983416671024
-0.18313901460218268
-0.02224030255798476
-0.8305961969973458
-0.03002934650282676
-0.06758675240523301
-0.22805448968652936
0.02580009717464271
-0.074693095748527
-0.09938661316754986
-0.34059108222117995
-0.042457879319256916
-0.04416449142803222
-0.03518628262158146
-0.8085740655814604
0.013528187445745906
-0.18338077157830587
-0.3354429781213005
-0.13295897642775578
-0.024216839068071934
-0.05514265269680993
-0.044644432608067955
-0.04690390679512392
-0.08887099602421962
-0.10971212000748125
0.014312839021516428
-0.3784052747395939
-0.12120232128560994
-0.17170287615984625
-0.1165087508075574
-0.21565956920531237
-0.0967875333143301
-0.02083326158591742
-0.10854417529561852
-0.08198913608093367
-0.11004218701339392
-0.004002234639662731
0.010069300688204023
-0.06203853633167597
-0.07097031454046349
-0.029485639933874458
-0.047685038382926315
0.006118562940135056
0.0073627107279694666
-0.06368037941717465
0.2360067009764973
-0.1563911470557539
-0.10850644086581494
-0.10105539913739553
-0.103887953004059
0.0219618309913272
-0.11655762146370358
-0.1220174359281557
-0.136502822302819
-0.1586787816590402
-0.036756058606145774
-0.0021990291837606407
-0.0496767139869904
-0.05841144469480336
-0.011166548006092595
-0.15094694855146787
-0.15139068133920391
-0.04839289874029031
-0.12398702024800452
0.012164889130062015
-0.048210372684232436
0.017478775077705413
0.1603202172542195
-0.02411048720806296
-0.16650516581208955
-0.17935120957087533
0.01939294809973336
-0.21737820431951327
0.047275166014837264
-0.015289253296534525
-0.013654574266826845
-0.3384382041140721
-0.11965055778030745
-0.037361429611646076
0.012944640719652874
-0.08286563345941114
0.13389656522161109
-0.23622394886741474
-0.4013876568561789
-0.1300707700484096
-0.10918510906552292
0.025261839409219125
0.16926301045671974
-0.10418592965346997
0.007813212259218324
-0.06219364812323135
-0.07697517856001128
-0.02159492562473121
-0.03350765529835813
0.013917739311207912
-0.0622459973254843
-0.3637521126195539
0.0016891355920334234
0.010202165566224818
-0.01416252211037501
-0.14049765279031115
-0.038621196863265074
0.4024534079458937
-0.02251042838271614
-0.006307964849559788
-0.13494432421116595
-0.008308424712286171
-0.10329946966518806
-0.0093150595588875
-0.007284251154616139
-0.06972699067662025
-0.06373034904736279
-0.14537362317679928
-0.10398835551521865
-0.11796921746775538
-0.003970579232578066
0.014409108467346813
-0.1786977890180896
-0.02864438779164235
-0.005755800495012959
-0.3460505034436038
-0.022557713908669404
-0.12692630235694644
-0.6052529806582818
0.1446798907118589
-0.11135466984573034
-0.2510900967066115
-0.13682895711379903
-0.13950514095467162
-0.1371539066772118
-0.10007385594709703
-0.15654228597681968
-0.15804626170938274
-0.11913039553627135
0.009372908868311904
-0.04524742251242316
-0.09428548119969123
-0.02007052077761093
-0.16440574047103226
-0.12037048637295868
0.00576963716797852
-0.2594827473977034
0.21759100424644812
-0.009213334904180385
-0.19908580778360224
-0.07726572268980957
-0.009124274310263988
0.045822462846856725
-0.056810790434371004
-0.12201475699485062
-0.03848308360518706
-0.05148024102322266
-0.030505309855046965
-0.022612714493752593
-0.13549758030107092
0.1849063940369128
0.012200669184945188
0.09965263999307628
0.020681498004958422
-0.019612268313587103
-0.03689547357317585
-0.0497935510382021
0.10277816896442461
0.1560864950940103
-0.032087846770484374
-0.0438369714525002
-0.011340983191225246
0.28081634340756034
-0.2253368369090422
-0.09518501107760961
-0.0007068346445017481
-0.17809537681967882
-0.1266041041695772
0.18832689161615832
0.005202375543138886
0.0089296970930607
-0.1086140711180658
-0.0573022247904539
0.14401703646483027
-0.046738603958754996
0.014413455158743255
-0.27715441646357253
-0.1193012850071378
-0.025276673428250598
0.21566581884136066
-0.0037027681608071375
-0.14164251898931804
-0.10572149490995673
-0.013802188982179778
-0.010333745910129102
-0.05988156518005719
-0.03164847432569983
-0.04569829701379818
-0.10522586142919564
-0.1253919020397426
0.02019526707846936
-0.03390760266574831
-0.006081221113066307
-0.007668412963381459
-0.008618875747605382
-0.19106733918040036
-0.03497757551118921
-0.019232996690399018
-0.9470981541461374
-0.14686580711370037
-0.056498140169059116
-0.9545308077054255
-0.07386365482483978
-0.13782084674492046
-0.11050408354704931
0.00670626347429857
-0.09283286827240601
-0.020661401309051062
0.04033030419306077
-0.920798536502441
-0.007992643580235888
-0.14277950605765177
-0.07959320031162302
-0.1290547434839964
-0.23566346331543334
-0.12930056213321853
-0.12869769038329346
-0.047564740887081895
0.017176642649599096
-0.32134573848489184
-0.024585426597228125
-0.008804558581247193
-0.0256177798656517
-0.12944508087578657
0.014738790648681329
-0.029862213301042922
-0.36549135172104563
-0.10396016189653635
-0.09984148106235849
-0.03515870141305688
-0.07123681285255799
-0.10430863279241842
-0.18298622019033015
-0.07547337133728077
-0.038502483774054956
-0.030071304297422993
-0.002283823611908138
0.059079023862606356
0.3020730539125967
-0.11595551895056735
-0.08608002442176942
-0.11185990863752354
0.006011546669737287
-0.27221009818896974
-0.2009751102375666
-0.031034747693990217
-0.039490738433259495
-0.046778435049621946
-0.08925114220631102
-0.2972458534999024
-0.13109374380174976
-0.12636540638339555
-0.11562256860964258
0.2929960583799122
0.043365023563830714
0.0488849871102452
-0.013281907981863095
-0.8008692116617624
-0.06989549574001655
-0.3261315539901501
-0.3013738804186512
-0.30124710492749623
-0.3123791077841965
-0.09882240995153554
-0.12384904568920321
-0.08593075570791407
-0.035450806794762965
-0.1322173523712956
-0.4587454737628164
-0.012244181826629317
-0.024756262467215646
-0.10930300083825027
-0.009017073461708333
-0.12181093166477365
-0.11820955744899178
-0.20858757427153163
-0.11463545365313141
-0.20681756023043982
-0.12017205098419376
-0.28867111228014813
-0.023919586259887896
0.007286901812423627
-0.0032421034402835137
0.018530245705269503
0.05846365852344192
-0.022645119471838726
-0.1868385616550211
0.012242479349630112
-0.05439862634581753
-0.12883771768640323
-0.5394680353028181
0.0017714636240345417
-0.11255798068973437
-0.08147008603956846
-0.10568348166247674
0.10513286403314952
-0.016617430078058753
-0.016439185977275655
-0.131999105584172
-0.3018562817073115
-0.08371782685863952
-0.25270641436670727
0.22261638687055638
-0.07815763953278711
-0.09182894128341913
-0.09379654125433297
0.02256633566150268
-0.26240613334174934
-1.0002020583402649
0.0014316481248977026
-1.0296729827011342
-0.11483725512737934
-0.13918095779175615
-0.05498929685875878
-0.058289334686624915
-0.11048704746026894
-0.033715859786742595
-0.06477910319702711
-0.09733272217254231
-0.0388270571476583
-0.03633853077781119
-0.1415685262255456
-0.0736303214660056
-0.043756896622058714
-0.11405781042242291
-0.09172400295144834
-0.086107024096197
0.05724469876702246
-0.02401283743443409
-0.023157650533226975
-0.036908851718572055
-0.046824442313114785
-0.07633972265527883
0.008404348062999292
-0.07014553126792347
-0.07044442164273984
-0.0811362970671961
-0.09801000533212324
-0.0714511389811645
0.055289291622728456
-0.02901146556922005
0.15171064572194248
-0.3887997997863283
-0.10548293107586382
-0.019567591445436957
0.2911220388672836
-0.07272342420936267
0.06253461853499483
-0.09479027556781562
-0.08703405456147742
-0.0940958961270889
-0.016692751608824576
0.08991256851050673
-0.22800258330377648
-0.06609194589784878
-0.0800117322517954
-0.0939661459580982
-0.019231935160390113
-0.03892660869613633
-0.13576568668134734
0.033797743410248125
-0.12523184842699142
-0.9976052913637194
-0.0219250202394751
-0.5753105884816857
-0.03363271509393174
-0.029827127938970337
-0.6924597547272054
0.028154693051489835
0.07015828231720873
0.013806794001672324
-0.19652644538851596
-0.00308114516007472
-0.21876874191112508
-0.0982553529527031
-0.09540786821188671
-0.11305229242544564
-0.12015874515154405
-0.16346106775474234
-1.0111609329271767
-0.14007666315708878
-0.07578441204390318
-0.07275643214331672
-0.12664739733407201
-0.14967768169465728
-0.06657504998441649
-0.05127667806429081
-0.10105938078409497
-0.07493273863978417
-0.727375765314187
-0.06881629100788056
-0.08875686847076557
-0.07522471148740753
-0.04147139294088111
-0.11010432641094517
-0.41227981890959986
-0.08650012307756831
-0.018811482910877222
-0.058612583003777946
-0.030214724843106677
-0.03185941044028214
-0.0725396031239709
-0.08898442141151648
0.04417807378042559
-0.1012547037574933
-0.07317280075530015
-0.030055169616879266
-0.03593353487081787
0.015805269631858763
0.008245453627896858
0.009415766743902956
-0.19776732651412673
-0.039827962874031154
-0.021450842882181034
-0.015421488490170355
-0.0031603435770723256
0.04966486770939008
-0.20099288347875324
0.049157688767060434
-0.0106730301417118
-0.13084642642180766
-0.0212314121733694
-0.08600317381397064
-0.021742953141217453
0.06829168153576413
0.07437115943748648
-0.06083938970511692
-0.06886472724399484
-0.010096541295464567
-0.01258801559002069
-0.005682005035064023
-0.05984217878150556
-0.14293322358456528
-0.11993145570433023
0.008812302459051706
0.0008029259012234121
-0.008308912858582268
-0.10623457456654747
-0.1027296485634162
-0.23176125187115237
-0.01647579136635919
-0.012651301353929636
-0.10866725904935895
-0.07562804244054226
-0.10388312913082484
-0.01540053058906552
-0.2414438524266457
-0.0013292531293158914
-0.07167730703330945
-0.10790201610081247
-0.09948378267919886
-0.0821532365879508
-0.02150277257233657
0.017001997276583095
-0.06350830512254707
-0.10542928554975538
-0.013401155288979965
-0.22327237635348343
-0.21237987346746087
-0.04165226795231323
-0.22284259070307919
-0.058989436527538276
8.894360444603426e-06
-0.0022140046448801964
-0.08358183414182103
-0.009994225453555303
0.16904309022204184
0.006704929495983987
-0.002390859929126554
-0.10452049093850548
-0.129887369479597
-0.07340637691951635
-0.12073172100932023
-0.09106605233994762
0.00040353606075196663
0.0005699695313542639
0.0007034815575520689
0.0004780931628208106
-0.022692838168061537
-0.17589136895497684
-0.03357530799245243
-0.06785045545353918
0.026732277588271208
0.24233205471257613
-0.11786327843913519
0.0012558017726053959
0.01765653463681169
-0.025623116739037683
-0.11241181759455966
-0.030817785320656505
0.017164183379614003
-0.10660042967584794
-0.18905867798744425
-0.044069314763369435
0.11459744269195817
-0.2681297993050161
-0.09742037710342923
-0.23440505523299648
0.0035868600988462813
-0.2718165395524223
-0.11921784398363196
0.016916505052005676
-0.057523569051574075
-0.2925781127325387
-0.0455495982908571
-0.08612600988953202
-0.08670521284692037
-0.3191237153526411
-0.013045881104486715
-0.060147792344788724
-0.0030292922635039893
0.0009685628896923538
-0.09187426046366191
-0.15456168142416113
-0.14578333952762143
-0.21932470679004232
0.0016977674294501456
-0.04086915248872382
-0.033783861714103934
-0.042453268532405955
-0.033098727415766846
-0.7909726791238529
0.01036340175303725
-0.03436972675455287
-0.1342347232710248
-0.4297439452849319
0.09049216176570146
-0.10947232893478578
-0.03743342780011223
-0.09652603647499718
-0.14436455104228016
-0.0927783728321611
-0.0890803477879797
-0.02418247917442284
-0.11040613571529583
0.15984625350614434
-0.03336540656611292
0.40242981387688453
-0.013808788006282257
-0.027125320652732855
0.035310768182886434
-0.07357843040331814
-0.016680769746898354
-0.0015052994297910618
-0.09462276644966035
-0.35118596163272553
-0.02136688671120712
-0.37137193804964885
-0.09870527553513242
-0.0018336424608074952
-0.08215967621106585
-0.07184029476059407
-0.1450457764083001
-0.12394186126371066
-0.10669996188718665
-0.004556569165917108
-0.02745448178663066
-0.18484204847332905
0.15097565500791713
-0.3690424720543973
-0.03379080092592698
0.0006871684604084895
-0.250438069590109
-0.06007313453953391
-0.9600768630040821
-0.09641090315935287
-0.10222551333139715
-0.07546178194522747
-0.3032623132364467
-0.10559633303785744
-0.07760185460874885
-0.029516821980721513
-0.07598095053028495
-0.0004315396574742532
-0.10238090839310722
-0.07613679182906619
0.007161974882212893
-0.13554150739828946
-0.08554557157401087
-0.02903704923911754
-0.018895249974874944
-0.0978485067437892
-0.0005682180010270791
-0.1011248542005422
-0.01944081138529496
-0.31243455935377534
-0.16196599599674502
-0.10582285846744308
-0.1248870385178897
-0.122462295110364
-0.10483632614953535
-0.05596319518554661
-0.09271442892579804
-0.10593183943143937
-0.08247150712837234
-0.003501974166264529
0.006984432898323879
-0.0032313828923092583
0.2598600758523945
-0.06715984365400977
-0.10246114509364067
-0.10135251928350841
-0.022337768334048633
-0.05183129177864077
-0.10103581610732092
-0.029527397578476323
-0.10595596896049304
0.006000753114139717
-0.019008691564585758
-0.10792026042138018
-0.0982111058505717
-0.4382351583222907
-0.11332378031831569
-0.48164276928553107
0.007672044089809071
-0.1384073944820041
-0.019457889330144883
-0.05593064104947597
-0.019423154406760856
-0.05055839052372285
-0.14730493465986044
-0.08238416022619909
-0.5427297715913348
-0.0206286827048531
-0.18036688758707986
-0.31176394353933046
-0.04763274467289982
-0.07322730776571568
-0.055327509413074655
0.07507330144507117
-0.02111546255870909
-0.05886204250035862
0.039053873163950925
0.012801415634026932
0.035281003168080825
-0.03981196996010335
0.037396374587891135
-0.06101738586876614
0.3778871752545876
0.07995612938400636
-0.11809731864198027
-0.19699246009200058
-0.197197647289516
-0.09304149914296185
-0.025333818345696264
-0.047290453690565185
-0.01920954506936078
0.006471856593391704
-0.06745707675281776
0.0718238189002976
0.10259966107917083
-0.08562793836177279
-0.04063125204637108
-0.016334493025797165
-0.044732802203191445
-0.05857630902331232
-0.10068802065312964
-0.024664925694747836
-0.0343467295213996
-0.07933633815150848
-0.20813100673511065
-0.29752403186455706
0.18018468681204433
-0.07109494880676914
-0.014267266229888775
-0.16890123420973055
-0.033173336220257976
-0.0675615589004425
-0.04826480590025909
-0.114832576494995
-0.24667944780153986
-0.09994760981027286
0.017679061595352527
-0.2353933059942186
-0.1435656003048969
-0.06735190086471171
0.11106960794189094
-0.03013232858552102
-0.028846154769318042
-0.0396097236304389
-0.2277175428435236
-0.021142774695697947
0.22805871327669816
-0.32785068208275936
-0.09489686231327846
-0.07204398321764834
-0.09158368231262622
0.05411215969611973
-0.005829830689429835
-0.14741780757745204
-0.09032962953311995
0.004645742683682997
-0.12694576542960345
0.007879443319527476
-0.012552929853645837
-0.005245204862421294
-0.07396050663889474
-0.10326965342107972
