0.1636783649051
0.17475234437496104
0.28581162181529374
0.1542736011505127
0.17848555138236596
0.16877310232377388
0.2774229262204006
0.19245780968362355
0.15633232556856594
0.2354238083821918
0.33895881700590175
0.18508402959923997
0.17661607734764678
0.20449832707857915
0.21181436830843
0.16698794105957293
0.32951443655150275
0.21871629650309937
0.3422760624413962
0.30846103978483647
0.3547891480755388
0.1982773418903351
0.3415469013173274
0.18471655445098878
0.19079327279413252
0.18444489458511615
0.19186442729404996
0.20723475152338056
0.31253091078055534
0.28406890439183524
0.18801737882056327
0.18244757989357258
0.14265457173894505
0.19973219359622285
0.1822773871121817
0.20416109442710878
0.28631654641714444
0.19014197942188807
0.19249450886950775
0.17502040548022516
0.16475683917647682
0.33324314012638356
0.18333181452751157
0.16054588631844857
0.34751709594224633
0.19054867364325614
0.1589504708373357
0.1604941324680639
0.16564107970452646
0.16154059571917778
0.16061835841393807
0.16365188197350838
0.14901569354918695
0.1924600372449407
0.14654970959878305
0.16114902571893075
0.17998644314273712
0.16902296368281047
0.19489818972925987
0.23902959631039544
0.18460585193634035
0.19042410865662587
0.1702837227621386
0.1911681831584257
0.19095539815285625
0.18834782368996564
0.18446110017159406
0.16861236404223615
0.33620737290810043
0.16054357757216772
0.14376515344834664
0.21209729455766224
0.15970729331472028
0.20724189653492614
0.3479170912928163
0.18910079918369171
0.18751946928613472
0.17374232832590739
0.13040424221440364
0.3450333595598066
0.18818526768380667
0.18182714887440496
0.1899610666052936
0.18720561686109324
0.33351783961637477
0.17940058723328603
0.19588074714597997
0.1597926830618005
0.22812887396131243
0.34766520861032846
0.16944530924161275
0.23894798696958103
0.20162113027572634
0.24144179285489595
0.1860001214027405
0.2130426504581597
0.16906054206669624
0.16641185396596003
0.33309305638654685
0.321106291727535
0.21249308735784825
0.20200111174279714
0.21301845372640169
0.147325928966764
0.1919497273103246
0.18513107455382913
0.18928812094295724
0.30131884727478025
0.23751865710530962
0.16625177212536627
0.16556609084731655
0.20690233969384694
0.2397025307587215
0.2959883053655978
0.17579756456452447
0.17571817390526398
0.1485375300706443
0.15505069770146665
0.15886322246314333
0.24596764948632982
0.23736061022831842
0.1866839217030725
0.19172579784782565
0.24901868269993707
0.1529837979943619
0.2029232420483414
0.19119672894477846
0.1559294998373304
0.18441959488776422
0.1675755275927092
0.18071499423980714
0.2011193098077838
0.16004520130157468
0.1944184025333774
0.18644085712993846
0.1645823700028687
0.2116995123094016
0.2638679924889615
0.16562713789358371
0.18870524184327378
0.17308161686701948
0.33351096820969117
0.2193526230720763
0.2051580358991687
0.19164871747677145
0.13348451809144357
0.1897812126958093
0.17848493113809705
0.1997000487327576
0.1846940238055061
0.18697850885262363
0.21924589295776523
0.21658374846898593
0.1734753431520964
0.18926004923255751
0.2208739103833023
0.1863130728022693
0.1691423099040985
0.16930297087474042
0.14741356114843
0.23432964232232834
0.2055951066493988
0.17674624926903668
0.17520980977708364
0.20363721355478812
0.18730095542083353
0.19454432868653798
0.17480806696799495
0.15897198951850502
0.19424031573372919
0.16420595870734497
0.15453355447869552
0.17536545373358817
0.16323231325866028
0.15793437827465145
0.19989155316049123
0.16874933882074042
0.1671209507792659
0.2406819133575146
0.15364289747000978
0.1288619021349078
0.17653147317328544
0.16161019907714175
0.17816323746082396
0.21243044572907524
0.3556570261832805
0.1580814663918464
0.3690016780978321
0.1511866012983447
0.29893134430602747
0.16509930835486697
0.3089310224088904
0.1663925927489467
0.15634477174800376
0.33123361424163533
0.3220755203123446
0.15635826457378477
0.2031257702866379
0.19163837430136543
0.1537463037909531
0.1816659911473592
0.25437557306918473
0.1607803070272718
0.18628662225859505
0.16505564379110568
0.20017428144495536
0.18290946090922638
0.21285609826128532
0.20029968316738422
0.20579994443647875
0.13493838743424752
0.15802323807117552
0.20790821883062652
0.16004691734605908
0.20186663911122235
0.24452894194706065
0.18811633785565696
0.22869595796522435
0.17010721263885498
0.17072027211336743
0.18017096022079732
0.16931567130088807
0.15217248444704665
0.26765506513913473
0.21003008580207821
0.1792113281036756
0.20623719808033533
0.1469282074493937
0.18233035926966323
0.15307898061958392
0.1639627729857572
0.21079158171694326
0.14943643751015534
0.16332309208377715
0.16014517046370597
0.18022495663772195
0.17717268099433264
0.21227672204058218
0.342766595333599
0.16718260205398172
0.1513786307659895
0.17451324214583716
0.18608381613771963
0.20741465146724997
0.20856845711098343
0.1723450084135566
0.2194258187679534
0.1584946726643762
0.16578903689676402
0.1968451563180503
0.31854607138633734
0.1911311322676169
0.18531039079030354
0.20990072048576186
0.20705640131319075
0.1685826242461647
0.1625293700636887
0.2481939326105891
0.16872788647125508
0.15425275449900283
0.20923373110546087
0.1602859415361031
0.34390933200758717
0.22323788746874382
0.18939020756475938
0.19483796383059301
0.2001908609567099
0.238437136703608
0.1692763048171997
0.14226930814214273
0.17310156350283276
0.16100764741545998
0.1606274995938787
0.183640122208102
0.13201006122410588
0.2115713594445085
0.15139436678147652
0.19083615819006478
0.12890866328189723
0.1758053296216777
0.18221321110872876
0.20316443398887035
0.174925021065606
0.19525734193576788
0.15437091963974078
0.18516058746973674
0.2234066968568614
0.1675681913390602
0.1513863949717545
0.1561378072583398
0.1430347336798298
0.21811901345348997
0.17261878294764824
0.19084359982918048
0.16136425676216948
0.1685033241596968
0.18370981288783123
0.2123422839611199
0.17121210937647474
0.2721551874705723
0.17792655475391364
0.1639994718381508
0.15624585238168406
0.16634362328884214
0.2280298962703971
0.17888814762526867
0.18137330340757601
0.17523203505410087
0.17484441463152567
0.18686254775687441
0.17690809154206777
0.17242237463830007
0.33798920423773265
0.23455303863116675
0.20262012081571146
0.20514382120541164
0.21726527020666334
0.24143746992111206
0.18918312858386213
0.17082372506459553
0.17315758695644615
0.3044916325662194
0.21206580250159554
0.18543128665382339
0.18708795388539634
0.1818317612369409
0.18679360750906482
0.13484826401925423
0.20119909378866485
0.3517428498041062
0.1446380428822486
0.16835672912597657
0.1809897137179817
0.15600742712312815
0.1462103098856436
0.15930680503493627
0.14242187542613274
0.19228858593695178
0.20807402357142019
0.15516802943618604
0.17847695744643777
0.22191180044496567
0.20505257994150944
0.15097750549463881
0.18026206966808864
0.15153405543848955
0.17222762360668822
0.17524398823173679
0.1570719744477953
0.21831104054546996
0.20657737052603944
0.17283895689087944
0.1440179468832518
0.34719816605250037
0.16157953424273797
0.1775624634781662
0.1990109903895097
0.14390221968529718
0.16906806221375098
0.1322010976484377
0.1297828759184671
0.21998554134065176
0.13439760171450102
0.1666095402210381
0.18237664299011233
0.3319612575910645
0.17545965400407482
0.14594132474263508
0.1473922573161249
0.19780846908980723
0.1487008921593023
0.19479728515331562
0.21382653857386388
0.1602192605866326
0.1791794997851054
0.18665796760313524
0.20501389777823673
0.1841231451363399
0.20641287662364818
0.1779977228611138
0.18946447387574208
0.14985268731048143
0.1648976928221213
0.3574927120838525
0.2934259643554687
0.20005101546328116
0.20928763230641684
0.25389419913291933
0.1772929246902466
0.2321913966010599
0.20003934528198708
0.21978289063160236
0.23272332236501905
0.2013095648765564
0.16447691098092093
0.3398579900883377
0.2030836478488086
0.17749026560479667
0.16755916584369748
0.31222508106231694
0.1443918820924537
0.35126224086398167
0.19794127539092418
0.15801851881874932
0.1774462348620097
0.34942713777973966
0.22443154677431632
0.16427702296164728
0.12125620293617248
0.1918604186833915
0.1569892017395942
0.22100660377824813
0.1859465091569083
0.14211028059323627
0.18502215773519812
0.15089292173533095
0.33440821502186835
0.19608474984265012
0.16415376229106254
0.18378438306681683
0.19561089038848878
0.19378922366792226
0.1607676145143287
0.1816971321433198
0.15841978682412042
0.1965911296031458
0.23426118091174536
0.18651409264973232
0.2944449589933668
0.16271241370836895
0.1616794359411512
0.1448586992772071
0.17270506461461388
0.34255729117044587
0.155309154499008
0.22436548988621935
0.18531574517702884
0.2572023742118578
0.20136970675154908
0.19528355263528369
0.1950532784431603
0.2179182531452179
0.1530799819552709
0.15351421134095444
0.2011140372722771
0.2169970977306366
0.1604586180753486
0.19455759838515635
0.1612604750527276
0.1652959365049998
0.15746035215514045
0.3448161127874928
0.2107791546599506
0.19227781438523794
0.16301214829323782
0.28167558268264486
0.15651974336724533
0.33601006824370716
0.2125310525737825
0.1684891773783971
0.21527005598280163
0.16282060731289
0.17845595734460012
0.2120360507583618
0.33014046236282785
0.18975155487156553
0.15927121534260041
0.16546110022899718
0.19660945809050784
0.20315878088657674
0.15501691026385553
0.31937950834443296
0.3524229102307136
0.24476807589530944
0.23562531252861021
0.19102967690272504
0.1841980202992757
0.1630334253311157
0.17049516072315452
0.14897289034411393
0.19964265434638315
0.1848547976821132
0.20580156405766806
0.27893728033234094
0.17874601804808285
0.1624261010394377
0.35353414938563393
0.16264475030719108
0.1630537941979199
0.20022277405387476
0.14711160913346305
0.15607495764206195
0.14429586692170784
0.17424349741935732
0.19328224722544352
0.20544736778899417
0.19762478136712577
0.1577234865748693
0.1710835881315904
0.15286769671138054
0.23021198794576855
0.21741535540989468
0.34364944440253237
0.17106602191925047
0.2066257682507926
0.1858231155426948
0.18457130098039176
0.35191688793427717
0.133011313253474
0.2322892942047119
0.18955979894442732
0.18631375316374316
0.1894916538016437
0.14763633168261983
0.17131300528844196
0.17012864626060098
0.19924972491264345
0.13873198738140344
0.17185394167900087
0.18424355736949988
0.20393956220313295
0.34097083208232404
0.18905925501224607
0.21514056055442146
0.22175357515529054
0.20660474258500175
0.2768833549680381
0.14856428573006078
0.16592263889312742
0.20011437591011
0.15417523722150434
0.16783783506198102
0.20396645863850912
0.19417911402786833
0.1599850960929742
0.18642659671166364
0.17805244846164056
0.1901476066916652
0.19399057424231753
0.21432776620513513
0.1772047825859439
0.16156614352176538
0.2109144732226496
0.1679228847026825
0.170436484588767
0.1608412079316265
0.17328398421698923
0.15239815115928648
0.17423589623840163
0.2292634640225267
0.16429749525111656
0.29400703488326657
0.18251592993736268
0.219510057274975
0.22117498755455017
0.17956351615764476
0.17658241616011902
0.16992814663641465
0.15218147417615513
0.12940670678490085
0.2071473208682178
0.337837640521038
0.16186990463331843
0.20517500001030997
0.17663642184357894
0.17550926168759662
0.2778369816007285
0.21772629394627258
0.18655005335807803
0.1860019230088101
0.20627707909715587
0.15305910027892897
0.2017644079993753
0.19967358816501707
0.21031201082306938
0.1741490615115446
0.17281303334743417
0.17387380364053537
0.24289065957069397
0.29500289498305904
0.1481244653112748
0.1841346906506738
0.27090338277013115
0.1633879676040696
0.19507627033051989
0.3550069570724781
0.14037734763245835
0.13935445014744588
0.2044398718220847
0.2817029400225039
0.14909920771916707
0.16619779047966005
0.1643982757769133
0.2122761587831709
0.18855316506148623
0.15533796684365525
0.1851790395400507
0.17596706460757428
0.2041663054684947
0.2296773946285248
0.1951905620098114
0.1718893562992917
0.19577142142945791
0.19882242177353532
0.1771939243832413
0.1784778966033269
0.15706518957489415
0.16673199650900705
0.23438974645402696
0.13367755005234166
0.14628666841581967
0.15656969371351226
0.17551746228645587
0.21315794021336001
0.17989537858659294
0.27231239127309137
0.21084829949197315
0.20530609830896904
0.15262357847314134
0.15225081291864084
0.21207162451744077
0.2247238038071489
0.18541894591720412
0.16162313107244983
0.14320466062139134
0.1922820287554927
0.12950003812187597
0.1469908722598901
0.22216056311831758
0.16390666533420434
0.1470581249695904
0.1619125360476004
0.1809453395691664
0.17532764709514123
0.18163065433502198
0.2057899144336359
0.1723211995449812
0.1574839924407129
0.3679270168658226
0.14729803815179943
0.1937251206024273
0.1879089082918669
0.2035487047770551
0.2934646191367184
0.16876525719960528
0.20308965339756652
0.1695409210880151
0.16234783411026002
0.22231869291437084
0.17401562816956465
0.17662930655986706
0.17580758097284127
0.17209645565818335
0.2038318001115045
0.1882404322706895
0.16592015826300288
0.15490606391028072
0.2423699116706848
0.15915860955029318
0.22259024082059445
0.1801530659899992
0.23824923425304648
0.16582985122998553
0.3016643992424011
0.1547458119795356
0.19592433115005492
0.17878792791831785
0.15319185621598186
0.17078405675888061
0.14339049401830453
0.22279614065514236
0.18203885066893793
0.18160060918494447
0.19027193157569222
0.16803222551441832
0.17536303462853303
0.18554096967196293
0.16575867224246899
0.1951365458048307
0.18941114552272773
0.1663451903820038
0.17030068752425057
0.21871545827552066
0.14105331197076915
0.1949908589987465
0.17767456012803154
0.21739222842293815
0.17921456042925518
0.20859398062412557
0.15455047432581584
0.3109751184339877
0.22134225745590363
0.18283799940431625
0.14822577042277582
0.16859973368644715
0.16937245729081918
0.18760913126076323
0.2047521813495739
0.1365519780713349
0.19070143051708444
0.21493079031214996
0.19128565080025617
0.1924968737656953
0.23079892918798658
0.1563719229191137
0.17281412616068004
0.20113012872203706
0.16308212595410868
0.1734044756018926
0.1909244426397177
0.1839164924280984
0.21045677473670557
0.17987697416627912
0.2538286426602578
0.23272793690961105
0.18913075213579786
0.23981150530633472
0.15779928151875325
0.16152843894829622
0.2742006973425547
0.16196271825740685
0.16788422060839703
0.23073569700453017
0.15083484020898508
0.1379953047380609
0.15127327998479206
0.2229997985098097
0.2730728399753571
0.35112229515129406
0.19802547609969362
0.1743308222293854
0.20018266493165998
0.25999919685564543
0.1790723882996759
0.1932951799682949
0.13582649759344154
0.18109252787985894
0.18009409546852115
0.23360381275860234
0.2588346577673843
0.1991504614693778
0.1725294128717002
0.20475126058515844
0.34664872949498554
0.14681272067342485
0.1855610402892618
0.15864468457811165
0.17323501454116152
0.2079329927547558
0.15602938191514268
0.34977635168946597
0.31913726311463575
0.30224684033393856
0.1943290330982208
0.14383621311187747
0.33090840089489043
0.16905406673749288
0.20113111019134522
0.21526740565395994
0.14475732746671457
0.1695589269647662
0.17700547456741336
0.20735987733972483
0.17038249261238994
0.16629066602807296
0.16126698400345316
0.17435141549826905
0.16009427722389175
0.17371661830455698
0.15923307578380289
0.1832363308216474
0.255407372713089
0.18840766313188362
0.16504440602134254
0.22923104530399285
0.16887854445812314
0.17306790069037792
0.21568682951311913
0.17512988948518302
0.13843458596974204
0.27661206442734293
0.1672717197736104
0.1452493006783753
0.16807821183669858
0.1913354310651464
0.15194317038948013
0.1680358868598938
0.19523594370255104
0.14850120363235472
0.19944896972342716
0.17562689062640152
0.21777451950150567
0.1907667273680369
0.3504308222549063
0.1929800408620101
0.1690885741459696
0.18278857288360595
0.17304068567865183
0.19608032065468864
0.19646512950167938
0.19575180478656992
0.22693853581652923
0.1361973734696706
0.18669914014199201
0.17958036604474803
0.149842787583669
0.16002378850448423
0.2170437236626943
0.3309316705599339
0.24465886978928103
0.19944818184110852
0.15773126287158257
0.15170000734838465
0.16882789626413464
0.19406100593074677
0.17415334423383075
0.1655744834465556
0.16773713312610505
0.15145580817172877
0.1682426199025886
0.16982984240943863
0.20089382168224879
0.17452185991995348
0.18688495355683404
0.1954140721642694
0.23261327666621057
0.22174960207117014
0.3522255310042151
0.21137873981819777
0.1582604162743751
0.2953050179834719
0.20665924470227462
0.28329626873687463
0.17483864882896685
0.13347688211335076
0.29886917189315515
0.1848900011203272
0.15151694552521958
0.25415663248126946
0.19251025445321027
0.34901378523951343
0.1735312526276771
0.24759767289161683
0.18748366000764657
0.16606603559325722
0.1733918712315736
0.20146792400714963
0.16025184743012055
0.20343774727412633
0.14083564464360068
0.14218446214993793
0.16869489749272662
0.1703425174713135
0.3458118224583089
0.21969479044278464
0.20475502044615088
0.2426336049556732
0.19053135120466855
0.3318779085891348
0.15631956793643811
0.18736879876681736
0.16327905170525175
0.1655216694579405
0.155197846124757
0.15873793800671893
0.20147510082182227
0.23273893867388812
0.16147139811212088
0.25005933670822633
0.1950364875038968
0.21081408312446193
0.1967813523513515
0.22466111641014572
0.20496339321136475
0.18558987862923565
0.1543467104791881
0.13434080740522006
0.12961347768181247
0.19897074610209295
0.2071832231740306
0.14602718913153317
0.3344501981874419
0.3872808560248344
0.22886781126475164
0.17040578447855437
0.22485699873054976
0.19837184691125417
0.1575807040055593
0.1499388779669392
0.21249773422270332
0.15477644450524275
0.16198798166037842
0.14979853076632743
0.2044432125268159
0.15862738970510973
0.16886969227721726
0.18106355728974213
0.1944303582576995
0.20312385519345602
0.18813557351336763
0.17480949842528012
0.17862853534081402
0.1623215572339184
0.1961774905879846
0.16286475087967386
0.20088359649364765
0.16796318657257978
0.17052174968539544
0.392786426198098
0.3361236675624009
0.17632957296371463
0.1903329520476492
0.19611423812373993
0.16360736027596487
0.2021718100325702
0.15868258345511652
0.13940004992485044
0.15158663645082593
0.1339516081483231
0.15145488072345606
0.19839182773619207
0.1541863525615019
0.1730951245982995
0.21803580931254796
0.13004831979149267
0.14863634550169613
0.15775359352429708
0.1982446077531272
0.1854395755437704
0.22660157059059768
0.22247649915078108
0.33509730133096344
0.16247841520129508
0.2825945143950613
0.1997707607715752
0.15619614055951436
0.15937744603873535
0.14425957007106072
0.18255595065929273
0.24320861339569091
0.16661666679889597
0.17240968234790777
0.1650597836487535
0.18877050242885468
0.1803435653673636
0.15206132937381617
0.16125993532954522
0.27395002245903016
0.2532486927509308
0.21488333210032035
0.2964779299352227
0.18455536401435121
0.1609225515824444
0.21701954126358033
0.15370808741162875
0.19654833038647973
0.1298091013180582
0.2300363167594461
0.18275677110519875
0.14790079199865963
0.21139511878673847
0.21565748384124353
0.20597025709152222
0.1982686003254306
0.15085411597202172
0.15407048387347527
0.1491128577315618
0.20595829522773013
0.17794858563330865
0.18095423615844558
0.13430395293235778
0.16897222689219885
0.15283866842587787
0.33057242749648796
0.23838236000802782
0.20603487760481176
0.3068833627471005
0.24266125440597533
0.17954718870814568
0.1963926180408847
0.1573604743571078
0.16459334893046684
0.14950073206022885
0.17443703390933848
0.1381605293267015
0.1457164020287363
0.1477499421794763
0.19815310082897064
0.3398236980680256
0.17979279685924401
0.19283914985527864
0.15023564739047357
0.16601665187785974
0.15342829866229363
0.21303266152422476
0.18085132559140527
0.18848835194812102
0.3486424787397738
0.19690076495972147
0.2191909066895793
0.19379383380596454
0.2071766932487488
0.24383840441703797
0.17135066762803092
0.1810901275959761
0.19332305109664186
0.1764947239212368
0.1675231754779816
0.17129034507659174
0.20806097207898677
0.23624631792751713
0.16032455669165896
0.19590602598651763
0.16068257380435816
0.16605889005481073
0.12389288234710692
0.33265041979829435
0.16618204272659132
0.17787082350772362
0.25640289306640623
0.19501869916915895
0.20216922215053013
0.259193891613107
0.1652820547421773
0.26926408777531885
0.2312979832356864
0.1750217320435289
0.16138654174675812
0.19352740868609
0.20122608025868735
0.18523789132342622
0.18955040718880167
0.1890099161011832
0.2029446664497034
0.19740282232944784
0.21876377062797547
0.2077184253775555
0.18163898721573843
0.18942818439170106
0.14556162703421807
0.17083678021526977
0.32834902513195097
0.1603872476649408
0.13436042952537536
0.23001620179241145
0.3543466698064381
0.18249005845614844
0.33699932310797953
0.16237271451646354
0.19113773914772697
0.15335267504056294
0.332140276500157
0.16860758479530288
0.20614928395208654
0.2249278259277344
0.193404380445895
0.1350574239095052
0.21336620480036564
0.31987196665543777
0.17890176415443423
0.2071157685975383
0.20039319545245
0.17075506703477158
0.2576880943775177
0.2817367728414207
0.18267072187186525
0.21787829419136046
0.36429370033908903
0.26009834794823183
0.17845841303704274
0.1944948537929638
0.27451445794874624
0.17445434825760978
0.24922001706926444
0.16921713937160582
0.2789032329111984
0.23935649382440666
0.2307206160939973
0.14660858341038518
0.19006155519950682
0.20907112496239796
0.28169017151550013
0.17524698007491327
0.174264226436615
0.1851351158959525
0.166010104487924
0.14808510382970172
0.29791386202529624
0.16763617025138186
0.18724916965421973
0.3394082099950614
0.19002271014290886
0.18262108213761274
0.16147147045851992
0.1867236712154435
0.2068261032838088
0.2220987840175629
0.19006944433091177
0.23454156274795532
0.15768167354442456
0.16218108169640166
0.20414857703286246
0.17500681297402634
0.17134960254033405
0.2317206100072011
0.17999630487128482
0.16920317638304924
0.12342290806770323
0.18934936812945774
0.17177527864774067
0.3321573399322134
0.17770625853234792
0.21213568002638158
0.21148045778274538
0.19834903199498247
0.21612039222813292
0.188670973777771
0.2557672882080078
0.20236873339784556
0.19907472402071782
0.18078113682129804
0.20580095345691102
0.18862759034436447
0.20220268756365606
0.28246050248441007
0.2056190745881263
0.16416610362642098
0.3524820968647561
0.21278413673400878
0.16499885335801137
0.17887178715537574
0.27011223944864776
0.16986171353695007
0.1600030996118273
0.21247712424823217
0.1795042227589807
0.16255814139157126
0.18465894832707092
0.177610415455642
0.17391506870587664
0.19770461532074637
0.15307047422821
0.13563501795132954
0.2146332337474823
0.19137734069920226
0.1488220788470102
0.17419609484672546
0.18677878132233253
0.32466968160409193
0.2816651482935305
0.18248098669052124
0.1784208126068115
0.17998078004937423
0.16448301908060992
0.1804158712873523
0.1789564445542126
0.15735027018140574
0.17588698611975953
0.16389691367981923
0.2065864590422748
0.2226040045676693
0.1706996605725124
0.18652970747947695
0.32827424872089445
0.17045570088259746
0.17995284911677323
0.2023655676501138
0.19812548118668633
0.17610649108886717
0.2567299414259716
0.18730278999265965
0.16804167194680855
0.3365617393495383
0.18539596342736747
0.13709110932929494
0.16471181309741478
0.19487177673975628
0.18400963916874571
0.18264628446708292
0.2830085809584017
0.2212706797856551
0.17861068663597107
0.3383848677890402
0.2387891387462616
0.154668265581131
0.32657114888386307
0.16751971366517832
0.21560875254708367
0.20025343008602364
0.21868804896579072
0.17641042102214902
0.15754561402179576
0.19417327004510002
0.23243183164421571
0.24502938424006548
0.20011315780716973
0.19235251552918378
0.1492967028366892
0.1607561134537564
0.17787284555982372
0.26811095572287036
0.34140386152341884
0.196573460817337
0.16833794730050222
0.20529035732481216
0.15618495506938226
0.18441824214799063
0.16147100565092903
0.3385887748723502
0.2322478715027913
0.1615573169260609
0.16872491936185466
0.1933638425873172
0.17244673983674302
0.1615079321830895
0.18191297011800334
0.19686681587521623
0.15954325493270827
0.19069156325026734
0.17209495879985667
0.16928448236854385
0.17132331953765198
0.19350200530460904
0.2044725188087015
0.15741837252018065
0.17609717565613822
0.17986479307976236
0.20448318655674275
0.17443610719272068
0.14384313242059005
0.14467854486228274
0.18236217051958867
0.16890564988894635
0.19164708177846176
0.2040680604667987
0.2231791579723358
0.16943567745293242
0.16925190528233844
0.2684338209795398
0.18073880219155813
0.21335993304348633
0.14175072080948772
0.1959311308422867
0.18057611122963918
0.3278328119005476
0.1888074886798859
0.3436427016090929
0.21803446161441314
0.16694709250801487
0.16810347673552378
0.1529168576291464
0.1362832380800831
0.2070300598062318
0.17353461841057086
0.3339718781430415
0.33362648824589475
0.18863750703194562
0.1515122293589408
0.13662826975186665
0.14683200634131996
0.13945430889962213
0.1878449242165748
0.23645754184363021
0.1851873505365162
0.23407152563778325
0.18271357592414406
0.19709405768749327
0.33633765015602113
0.1737939304521639
0.18014776547749836
0.18601421022111442
0.16348232807984225
0.18024468883554984
0.13106872287461924
0.19016497325897216
0.20504054344566175
0.1965171870063333
0.16645013031959532
0.18258507903511
0.3174165872303215
0.23577080333934114
0.16681577505936496
0.18416028774650403
0.18945987307623532
0.17352166009776165
0.16831335031584407
0.16633906729081097
0.1937280117548429
0.3459061064725585
0.15586394266343453
0.19378921290397644
0.18207878141868405
0.22514331328241446
0.19309053647902705
0.22277015721961244
0.2842632483959198
0.19275952069655708
0.1651307124124991
0.30528435570853096
0.16066039261817933
0.20041485816454715
0.2878296326081964
0.2165329304949878
0.18610562202589853
0.158835241317749
0.17582862034135938
0.1746892579181774
0.15263207976023357
0.17868433375747836
0.18008319732233963
0.2251190459387643
0.20642012649858504
0.16222399868283954
0.21509274655664473
0.15063728732760673
0.21038895361031157
0.17635129161656196
0.18071275487778676
0.15788670622385464
0.2437810790538788
0.18438361522129604
0.19085071613914087
0.19293030570788555
0.331022854925881
0.15906608598915178
0.1957136982091716
0.21438202426168654
0.18234906737009685
0.14231357937006606
0.20553890188535057
0.25923532639708474
0.198397931584044
0.20946512869426182
0.1819532851907942
0.17515404875461874
0.1341860291070716
0.15096659759976971
0.33755030297426786
0.326046302148274
0.19036998756183598
0.12682514396764466
0.18939890265464784
0.26297096568962625
0.23966094221708908
0.21274951869333297
0.1799053298318109
0.1347888411828621
0.1516525878225054
0.1431691174893766
0.19574321247496695
0.3436175538622316
0.17511643446097938
0.21019105345663366
0.13913999714170183
0.34106517536557956
0.18775163615451143
0.25012071960112625
