0.18785797036212426
0.23582620351210884
0.16544002092402915
0.14290785846710205
0.19295680099809676
0.15372838912010192
0.23125507865801898
0.18337964618907257
0.14619459696591192
0.3076537354345675
0.1983256611098414
0.30838645679610116
0.14590879165209256
0.19981928913489633
0.18986660692076018
0.20915439336196237
0.17366170021871855
0.17774053443309873
0.25382530060443254
0.1540347344080607
0.2808846135492678
0.1745970537632134
0.16375958062567803
0.1422318414501522
0.13967915259874783
0.1850645742551336
0.1362612208036276
0.2316194060308124
0.13753315358576565
0.20678153722182566
0.20386647789374643
0.2018837675322657
0.1429391373625589
0.28505358839035033
0.18703575662204197
0.18837681094198738
0.158761272209662
0.17778288242476326
0.18144206735472015
0.18005594034125838
0.1707823244393882
0.20108059879711696
0.20294752475193567
0.2011407518046243
0.20350767847469875
0.2687145195173663
0.16871917403350442
0.2070580372084742
0.17311185432307294
0.169471451407772
0.2755570444169936
0.17440656102309793
0.19135093066076567
0.2541150983873305
0.19661351296285917
0.1819155060408408
0.23970496564495322
0.3115113971914564
0.15602676315127678
0.23134784810683304
0.14678362027047173
0.19822138632045075
0.17380678064682903
0.2011287009375436
0.20816891831736412
0.2023653244631631
0.17221185874938963
0.14667084946544895
0.15718535486965962
0.16694752553413655
0.2122771470008358
0.19558497989878937
0.15044550313862093
0.210307169383572
0.17783889906747
0.14744242310523986
0.18877751923956962
0.16638612844325879
0.1348549384286959
0.16989668212398407
0.17064727030261873
0.25866601871640493
0.12763460268622717
0.17937263212665436
0.13560837044628388
0.20093598463318563
0.16840750711647112
0.1996748218380037
0.2992416956424713
0.2538618371563573
0.13045811881667457
0.17104226274804757
0.19673452209604197
0.16294317044530596
0.15007213774274608
0.13945610441480366
0.18833154044612763
0.1394814626148769
0.1749011285305023
0.36006942924440216
0.18515725709773875
0.13350108091145346
0.21053688406944276
0.1591397158077785
0.21203488627462896
0.16789987149785776
0.2594078676620226
0.29738185301949
0.355853567141753
0.16907614466235124
0.2907135905989681
0.1375898659720863
0.3296962941831239
0.14027494732647727
0.14291343871861287
0.15550714974550855
0.15586294154622662
0.15229870749346783
0.13377996389180014
0.20273375365118315
0.20017560294696263
0.3074086668491363
0.14178409221284677
0.13182235998927422
0.17427967555774665
0.18697833936017258
0.1976183020727975
0.24808151579917745
0.1513540232431202
0.14116424682252693
0.15881648401715862
0.13233693880854913
0.16470820407369244
0.16319270829656232
0.1747627248733666
0.1529996176285319
0.16472316123404593
0.17829225140042826
0.17758183356806717
0.16772722244262697
0.18066251039505007
0.16219427191294156
0.18408801790646145
0.1326956431370861
0.20129006675311498
0.14031085016839792
0.13042697472392387
0.2170431649684906
0.19690997916298944
0.16239129878439995
0.24819077349723653
0.13044537467776604
0.1807789659159524
0.14434013324208778
0.1965726774079459
0.1574117883352133
0.16097878433623405
0.17508115169093094
0.1654948170704417
0.1703710322720664
0.1424964137596659
0.1611298964158544
0.18855639454296658
0.13289906663714715
0.1517812997395875
0.13952117579666218
0.1449448687127493
0.1734278428554535
0.17930384278297426
0.16844186030901395
0.2517541775780339
0.16805291139162504
0.19128550156633903
0.16813226952465304
0.2992526133413668
0.18401008478382178
0.20275616403988428
0.28601746875664286
0.3198431034120795
0.16952721062253734
0.15521324771133502
0.1874822334797828
0.1479034861286035
0.1422667660066231
0.20550906330561466
0.20246200700759887
0.175222013428971
0.29059069257516124
0.15844554918495257
0.15580683606353837
0.3582860135896468
0.19451785475230046
0.19801011622869052
0.21515915335141694
0.212506183045251
0.32579900128500805
0.16520868588397852
0.18005950587478717
0.21514779298201853
0.2967046036490475
0.3269315580526988
0.16068018837289497
0.16298520579250583
0.15507041709046615
0.17462861944148889
0.19595433927931877
0.3064959619920465
0.20249889881071387
0.18236259902224825
0.20030598551249332
0.17214094224485377
0.21265873254262485
0.18959434291432958
0.15526966943653353
0.16400854755351893
0.16519613519006848
0.3088807334670101
0.32164792490332095
0.16773983693122865
0.18294314648476115
0.18608212895954357
0.20100429146186166
0.1846232610552974
0.15145894947561248
0.1624257749716441
0.22239784955978395
0.19192512966551872
0.19568984856972327
0.1983649041828202
0.19167053259284803
0.20254607407943062
0.30482535979833947
0.2224187293545953
0.23611910377707435
0.13560126810488493
0.18832109383174353
0.1498271053678849
0.15428431355551386
0.1573695344022177
0.3450022048103475
0.1551250549514642
0.156709027915325
0.25557509151133867
0.17089663807551067
0.1746778625647227
0.25935806187830474
0.15442452394560482
0.17121523940161373
0.17220789734522501
0.1837648626168569
0.21369490592376045
0.17896523320273067
0.1862050220666342
0.18255906697681973
0.18050571359069656
0.1786948553375576
0.15720508015761941
0.15974023867557396
0.2463487794664171
0.3065763531412397
0.1484540034854223
0.22882660369957442
0.17269590771804422
0.13622034836719388
0.17239724910865395
0.1352647440523898
0.15733072078834145
0.17293863094459144
0.1962216230700998
0.15486788559863915
0.17163127578170606
0.14633308068154352
0.1552347046545107
0.21336105585098267
0.1509949298439739
0.1308945278626568
0.15406238023440044
0.17586450435497142
0.2066195706465772
0.19902962755334788
0.16957954523222787
0.3352109547499772
0.15124423659453956
0.3353695682946302
0.14626225492070774
0.20590149663743518
0.17073315430591457
0.17711002830259814
0.30839087281908306
0.2825513000841494
0.3358461820581901
0.14248510277789572
0.17711881589889525
0.1671936122265608
0.19104519267471468
0.15047687851980832
0.18550551406124183
0.13839809003385528
0.21213623419640554
0.2065620854541437
0.257959650404313
0.21345730264981588
0.20784473696737799
0.28490300083160397
0.19650043741105092
0.3321540234770094
0.18704166431816255
0.2242909161784068
0.17875552400629569
0.26712431311607365
0.21526203433065924
0.18882640988287266
0.3574411177635193
0.176536132912482
0.14803525848703072
0.20699325351879513
0.18220687227249147
0.3372036091651221
0.21179227440253548
0.35477907799419606
0.19932551622390748
0.16554572534561154
0.1798183725307237
0.19960454486665272
0.3713374698162079
0.15219095159480922
0.32367743683187933
0.17732896498271397
0.30503923570787583
0.27225559585234693
0.3403458126533322
0.2836171033382415
0.1842195429364029
0.15667504765369275
0.15944071654074204
0.17528852243812715
0.3400092280808617
0.18539007139205932
0.2048386025428772
0.15327857200304668
0.17924158985798178
0.32956136308022593
0.19137292436191014
0.3364812674426759
0.32344791524149796
0.34524682058786094
0.3357890042862706
0.30241904401779174
0.3402974730463171
0.18032517810257112
0.2963149251937866
0.14665568847587143
0.15031714502970378
0.3305771208719153
0.20031908309622987
0.3354058252942973
0.1506429046789805
0.1783382820742471
0.18621723583766392
0.17545526933670041
0.15416777906417847
0.16843945636845276
0.18668539801626716
0.19845153744404134
0.21823273259240228
0.19798444887161254
0.2050872241228055
0.2393753068263714
0.3474212726762023
0.20644027459315767
0.341602910372041
0.18534024787776043
0.3460661307108604
0.27731804280864947
0.177049166158754
0.1731110119065152
0.15268369393928027
0.18705885568647895
0.1731847202448555
0.25576284209887185
0.20379634291586218
0.15570925792058307
0.15214674072844958
0.14798790099733164
0.17808572416453017
0.2354273858335283
0.16556600769360857
0.15427677710851032
0.23746353414323593
0.33123049077094935
0.1658001784138058
0.19717347502708435
0.3315464749355866
0.157335842424464
0.3464471200881737
0.24879794574552966
0.19950730778954245
0.21272053081814837
0.1962597358226776
0.20112393050658994
0.17926805181817695
0.17468383540755592
0.16720836452075413
0.3390326174903099
0.2013431760926885
0.2709390033086141
0.15739262419326283
0.16140893495689004
0.16148018636022296
0.2073312810128623
0.1905126611331037
0.15261128969753487
0.27799200820119196
0.3543810878579742
0.19165866820708566
0.19816392275292105
0.2411562557220459
0.22533215716906957
0.1521208130324491
0.33889676332473756
0.19749161678391533
0.18113231731288007
0.15219274365500118
0.3046309755014819
0.13499376555989842
0.1457901627222697
0.2451613214894345
0.1724905582269033
0.1453509217898051
0.3121257863725935
0.156478542714443
0.33498604634140117
0.2846585949960646
0.22576103726416144
0.18438885804697952
0.3173591826643263
0.24471471580706147
0.17226999362309775
0.15057273128937032
0.16202307505305535
0.3378948377387625
0.16020928792051364
0.29381362177604853
0.17542773231546926
0.17911977604323742
0.15649871277809144
0.14746262907981872
0.24752911851956294
0.2653111096086173
0.22283588469945467
0.25694417357444765
0.19907864828498995
0.2087264998539074
0.19902925998625096
0.2987798263796841
0.2766872056188254
0.20088775714238485
0.1748302024015239
0.2390147124466143
0.17308003855578472
0.20926512122154237
0.23014307782429608
0.34246639598187784
0.17723718714714048
0.14693554384367807
0.1642462141596513
0.16953603578440715
0.3491471810950789
0.14941651478105664
0.3415133619211946
0.20061222479078505
0.17910856437683104
0.34120184105427775
0.34086706763732805
0.17330550905749284
0.33083304292190446
0.34421298510063064
0.16444879766985857
0.16383715931574505
0.19836635048572834
0.21501733680725096
0.204717354622293
0.19665896023021026
0.21104051336329033
0.3455364788197316
0.1785358575669081
0.34564156043697414
0.1572717414078889
0.1383017432689667
0.1594957730905065
0.15511605096690229
0.14807022926466806
0.24640255483828094
0.1638243737396287
0.14346764103989854
0.15428810877497917
0.13394413200090097
0.24122674594220425
0.18169673038355877
0.1848811126112224
0.3453174426866614
0.16732874996521893
0.16550598313933923
0.18105314757194985
0.2158903344257458
0.2076683076007946
0.16568054344025124
0.1827136626419114
0.3341989779690227
0.2897268378734589
0.3322756506054147
0.17538113417496554
0.1622347747330117
0.3445621036313063
0.33238579109301175
0.17241393224816573
0.34641117334365845
0.1515867816043024
0.27340625534352564
0.3307474239883878
0.3180335322380066
0.13189238710101372
0.15881355014512705
0.188324690268452
0.16621186499743115
0.1759238694989404
0.19690522219505777
0.33731333772341415
0.18777678213580962
0.17817834500067248
0.1520273647735368
0.22004659640483368
0.21193228048662988
0.1375170539450769
0.19959017255089498
0.16071361446076896
0.17700160935813306
0.3362022128220039
0.2075771464920044
0.24730398036063986
0.17755729910305568
0.15037249222093702
0.1738126112544347
0.14846757647082293
0.2120719430663369
0.1607591345279839
0.21869208732634102
0.1686964692388262
0.18332962314899148
0.25566721706554807
0.22126769954050093
0.23278741833141872
0.25570422922030533
0.1804314519396616
0.1748989977083708
0.2308106860092708
0.21697662711143495
0.1728352628984759
0.2040884411062513
0.24735976553977804
0.17855655643324186
0.1759067701538907
0.17745188113621302
0.16923837240631057
0.1829863657513443
0.15301167789052744
0.18755562546365548
0.32720976543753116
0.15865670146813265
0.2153005543416434
0.1800364914601737
0.16459885589684112
0.1676990933895111
0.21837563753128053
0.3058171437661859
0.3334956950038227
0.14794946747251078
0.17668608336913877
0.33873873728605414
0.15448967891164347
0.1431995040467642
0.1712741938845752
0.2128103610447475
0.14859154570487237
0.14635828065290685
0.19957256942260557
0.1501542983383968
0.1958161203596327
0.1859082078933716
0.15514290640228673
0.19284348241890534
0.20603005320048162
0.1673807679852353
0.3421734462516934
0.17621877428576432
0.2102235130408338
0.20568471093567048
0.11848830786802002
0.18823966565679331
0.15501148717026964
0.3296217567953345
0.15814296545853487
0.20771166472599423
0.19424856662750245
0.2998691080491754
0.15984747367330118
0.18630978695953948
0.1881371751354962
0.16465063408309338
0.16612024462741357
0.21856659202400697
0.3313788004605275
0.2638356576067336
0.1742808146953583
0.16480831749690986
0.1670056275876014
0.1351752342851029
0.21260478000725264
0.1497259532416471
0.18843460432270118
0.21928703825276596
0.15530995468595135
0.17283126285201625
0.1633487360528175
0.15744474519130797
0.17924960191433248
0.14867829013378062
0.1846649563040052
0.16909898120003777
0.17056381296289377
0.3367269668895651
0.33269229483931034
0.1338241427898407
0.1557057319962701
0.3230237042556149
0.25918490285873413
0.2700189597710319
0.18278868611042318
0.17805280721350894
0.1654888021616646
0.2585424101352692
0.3326452436940423
0.18631207994052343
0.17415315937173778
0.34053425955595634
0.3539827996233235
0.34040157367945484
0.1755384783744812
0.19734168008262035
0.17560349059931804
0.1860611126122885
0.17078707460157885
0.16679796047985845
0.19298180844154825
0.13332173643112183
0.20014923080484914
0.2141867322921753
0.2377406636873881
0.34014921948355453
0.2302706341483012
0.16833300511653604
0.1765089645561265
0.2311730470768241
0.20980900804799302
0.16181918501853942
0.14246818304061892
0.1657178014914195
0.34983921398703793
0.19505290057030192
0.2505224775566774
0.33024494105803376
0.19840088352243948
0.31130840165274487
0.20682522218030197
0.18085653540179217
0.20966825421039875
0.15449476655791786
0.18186741349356514
0.16194407678999992
0.208743403508113
0.1609474108354101
0.20998034715652467
0.31576672535193595
0.18652411245996023
0.15421266932418382
0.13244929042913148
0.1666287238346903
0.18086560961859566
0.33945845694058296
0.33182788484167347
0.17888308521792376
0.16100260127422422
0.20665900855228816
0.19842440331683442
0.16091730463889337
0.14990093287299658
0.17453747260955071
0.20912997435701305
0.26449520836171414
0.2220288448073283
0.302173347062078
0.33912620108737496
0.18983402681350706
0.20967970609664918
0.1983798100510422
0.2541104305773666
0.18152981662446524
0.16689326424529588
0.15712893435829564
0.20972321683252362
0.2619995426654816
0.1657996554701936
0.18055596073468527
0.21797039060417667
0.1671796889632356
0.18353185248374937
0.18331294453307376
0.1890190446104322
0.1755690837607664
0.16039112227645952
0.1826277763728636
0.15363251853893153
0.1782507204172904
0.17854094057548336
0.25104410439121483
0.1900408671764617
0.1970265396903543
0.3305152269123663
0.17969734030800896
0.17930041271287042
0.19835207033664623
0.19050641215713332
0.19422785424882436
0.2235791738373893
0.1557887436381174
0.17249167192813963
0.1688453360755792
0.207386397089277
0.2081322558506115
0.14840353352682933
0.20311112845645232
0.23254422511373246
0.1936209078162324
0.155744406417176
0.19683397761562416
0.17573997959177542
0.2383429756699776
0.1495621894801267
0.19472666947737985
0.22033830130801485
0.15876546335220335
0.26381686783606006
0.20021734917865083
0.19653140381270762
0.1869348605941324
0.18882177662849425
0.19495166689371893
0.21162894393122472
0.20155360485232154
0.19468492701941845
0.20946098888621614
0.19844596103125928
0.17389503641442938
0.15516683093288489
0.1717721040576112
0.2222533039191297
0.33058054679127064
0.22059883633642707
0.14125048413189178
0.22412466684370552
0.16823591355078232
0.2518818552597709
0.1564334599526374
0.15677005282619544
0.15587615625481857
0.15813330706428078
0.1850854468702556
0.3413573094913504
0.1625141794430582
0.22810900376393245
0.23408226366043092
0.15547985385699445
0.1855811198337658
0.25718375205993654
0.2221222368815473
0.1533665410738725
0.1727989656842988
0.32334980505331545
0.16738806741578238
0.15895315564544507
0.228325506907243
0.15653513777640557
0.19633068911636933
0.3409461029625114
0.33455047591476683
0.19069619372779248
0.23455153222084046
0.2605242160244992
0.16350033655079135
0.16365732713060066
0.15635824021171119
0.3376371394412619
0.16696647832268163
0.16816021550086235
0.15832452606005842
0.288256200330202
0.2376614299890037
0.2969124048802911
0.17511907535630303
0.34168784165934707
0.17741869645118716
0.17345909777234814
0.15399491671316637
0.1733633142251235
0.16206490226352915
0.1699091517008268
0.2819045634622927
0.26721377708191096
0.3146652642250061
0.16479135714038726
0.1566071037512559
0.2071522505760193
0.2094733138782222
0.32654354373614
0.1480270170011828
0.2675112507509631
0.3080313718318939
0.20830142098504142
0.15075203296797615
0.3391622331236849
0.19556726771431998
0.1871486397266388
0.19067697483140067
0.17290486054420473
0.16990604706371532
0.16958171596893898
0.19034969903804638
0.18349356609421807
0.2640538485707908
0.18818383686150175
0.1946737729748593
0.14904451230476642
0.16613803110584136
0.19357462303979056
0.1565708548907774
0.22482564177153244
0.26884554602379024
0.187783699798584
0.18754254655838015
0.17357977347373965
0.17264343686664804
0.20349947562584508
0.1756974668979645
0.19394735889434817
0.17419752188289866
0.33203151452709256
0.3034938384645125
0.18739499559769263
0.18853938576153345
0.1730183838880979
0.15567765067858869
0.1947345077074491
0.17247371464240843
0.18559599544373026
0.1894316335519155
0.1871053841637402
0.3033163219544946
0.2969898587319909
0.15237612148831947
0.20875536672676664
0.2231254025900139
0.18542327542694245
0.16534014120934498
0.16245395379645802
0.33640198174476627
0.2857402212972994
0.16618681922791495
0.16763689117431643
0.21938573876410042
0.2692029763062795
0.1622194118079017
0.16853460498417125
0.16809373057406884
0.2466406152349837
0.13664986376909866
0.18369190151874837
0.1893527788695167
0.29689504698470787
0.19824759951004614
0.2048175628980001
0.3478302202385057
0.18118517305222023
0.1947951522396832
0.17071971803176694
0.13958147631408022
0.19918955802917482
0.3145370668027459
0.15210278054784399
0.34847589402077095
0.19996649460792543
0.20794055626127456
0.18608956714065705
0.17607573620880707
0.1911216812474387
0.1706087718186555
0.18768597165136847
0.2166443929672241
0.18587584872635043
0.27264605556215554
0.33222354513789537
0.19659613296720715
0.21856707136433823
0.15222865385829276
0.15072864770889283
0.335896045883637
0.15986250974097344
0.3029318059285482
0.1689215053865059
0.19566093918368302
0.15678577567902077
0.28276969388679224
0.17708550032447365
0.2968218000288363
0.16006649789810182
0.16911205783182262
0.17817119697044637
0.1673434014797211
0.24423005149914667
0.2545084596663406
0.297371489025024
0.20170671414506847
0.21381121277809143
0.19819393789931522
0.2659233344584396
0.23897688314694318
0.1887667932480004
0.1375486709587816
0.15106586644524023
0.2036185961374095
0.24721577144683674
0.3483343357574649
0.16372264574809248
0.17538000638668355
0.3340099233758133
0.20474171387843598
0.22803262547084266
0.17559854015390922
0.2387253835736489
0.2107829836055414
0.30541549999138407
0.17948140402229462
0.20748373885543978
0.18976511021049655
0.192755763042404
0.2082906176606003
0.3395047300408236
0.16470060612526408
0.1915504781059597
0.20264916925895504
0.21360281274098308
0.19807160216408806
0.15478990442612592
0.33803005011523674
0.17475414402344647
0.2013911312230876
0.2814818580503817
0.24870545859336854
0.1621150834445494
0.17523136091232297
0.17717256923111116
0.17583817618576128
0.15356351769488794
0.23878616242992637
0.2057238221869749
0.19376434213974897
0.16532738682883127
0.16977649348465046
0.15039266384166222
0.18070984195513898
0.17923883303682853
0.1847436701414878
0.2385054400502419
0.15868539881706237
0.17700337320780582
0.17718210716636812
