-0.04973785343256641
-0.12371716151259109
0.0718885619706359
0.1376438551295458
-0.07483313805850633
0.18138363869771892
-0.018282582507432765
-0.025829645722564985
-0.05753639500642124
-0.034089384721397366
-0.057772103052332116
-0.030591028346667205
-0.06726164155679676
-0.1297981900138034
-0.06651383126371688
-0.2918972983795822
0.01862510456740725
-0.13571209785630925
-0.018365318239563222
0.18957267264615577
-0.015765127573196265
-0.04258381099375074
0.01905918818900996
-0.03247133142021158
0.253262525226539
-0.1124985637049087
0.27923857924752815
-0.04029541198686703
0.07826165706238937
-0.2113145838744068
-0.15726632991202846
-0.1539140306306614
0.135801222700758
-0.019283217130456966
-0.06333039731782862
-0.025887056277504063
-0.03322101773500679
-0.034777822952881794
0.2783461966934603
0.005480089170551495
-0.09184732400413771
-0.4489307416206229
-0.26087921063098324
-0.2642867496108522
-0.2793093986242608
-0.01896851648832683
-0.06029213441694034
-0.4583629294853349
-0.057594802236276575
0.048417119297468995
-0.019478560538630292
-0.23734291873078645
-0.348877684140249
-0.019038566822716194
-0.1991066961187992
-0.07105157651824605
-0.025787516750414713
-0.04121489924690677
-0.07232742611921338
-0.45402594313687106
-0.0532977006502162
-0.25489707846985793
-0.11921832365118329
-0.23354925913860766
-0.03906096763189472
-0.47365098934249583
0.22299288142674603
-0.09107347078762683
-0.087575329341534
-0.005171496082865242
-0.45018859998129646
-0.36247829518741154
0.14741208856029903
-0.04178077526141464
0.0661280070370084
-0.035066825429151224
-0.06412457022117303
0.04993425651414117
-0.014775535684155329
-0.18402920024754965
-0.12903612655670293
-0.017177800304124326
0.04184793203026261
-0.16790362001535952
0.13404794043001853
-0.02476582321751598
0.0017703924280759108
-0.026550527302368718
-0.03404101871665901
-0.8121139366300414
-0.04075012642187483
0.05240583138607592
0.056745153164219526
0.06521167021204219
0.02367971711197117
-0.02788188784694737
-0.22190021399427737
0.08962859847988619
0.16749658590783845
-0.15683896984760995
-0.20322213203233308
0.007340490583996232
-0.004520168007895622
-0.06923539590584034
-0.04531900185695533
-0.08635919891981753
-0.02045617523346483
-0.040145504344222
-0.024363067219242227
-0.02073064644902707
-0.03699424341519711
-0.041763959278429984
-0.0974395089934456
-0.0019179761439096922
0.03342990262466617
0.04535388444904942
-0.04015139651799191
-0.029585859187100626
0.09842562606746348
-0.11073795842114639
-0.36069374745737715
-0.02257967827520971
0.2463244425284002
-0.04568860149795891
-0.061647425713497205
-0.1873393700041035
-0.06066768808306435
-0.02347884575117462
0.004055676029533341
-0.13180676611508413
-0.019242980563689956
-0.03679174121575497
-0.09282104458808463
-0.10154677130122232
-0.05272578275105117
-0.0801025350534555
-0.032503182268476566
-0.025692287912659827
-0.045957275449546205
-0.0180209665983912
-0.10864266845491395
0.051518204223923655
-0.045172752909064855
0.27354860782340285
-0.28009383695922774
0.10321336138860383
-0.03660050945884167
-0.07639839476506632
-0.06282471580300175
-0.037164677260420845
-0.37124688348722246
0.07178833644928004
0.01873734497757935
0.06374759559390134
-0.04703784032030259
0.1363737225309774
-0.02812678105355497
0.04670081346269586
0.16747961679017254
0.012273331355061846
0.24199280731251427
0.11064008019886629
-0.07389706992394678
0.27559415114485647
0.01076088765080761
0.012323695780254395
0.25484242008339014
-0.04578527917367686
-0.1963477965694302
-0.12556363100147735
-0.5987347734647815
-0.03925353441963851
-0.04761721177826569
-0.029432183623318644
-0.0006980882711349861
0.04234840563326891
-0.08759495143418547
-0.489017474477937
-0.020415192776113388
-0.11839425277304247
-0.0836800100480294
0.1620660347604386
0.5154178329670837
0.24275858023420224
-0.10278703938627677
0.008855651140763908
0.292966742443639
-0.01585076922554085
-0.02269891885185453
0.1748740483794155
-0.19803778076315431
-0.0477041110076487
0.03326369250892634
-0.4684138695919269
-0.022256751744033573
-0.0497396016305193
0.3297088702041738
-0.10978861514966809
-0.43499007356477815
-0.01784948719546484
-0.029615924154206996
-0.06599451524275148
-0.13545578058947652
-0.05260542936286801
0.042339471669676894
-0.08749236648039092
-1.1352297336924893
-0.4366627699185161
0.20339055931268288
-0.08403125395955087
0.20585328299464237
-0.39256247459266114
-0.2354011740564916
0.1830859901449112
0.2377674905781497
-0.05473874720075469
-0.06124549982813383
-0.02597502818611166
-0.07846486466366405
0.0505409902422542
-0.060809054033219255
0.17771644791091606
0.15624720613259696
0.28289701863684813
-0.053751949713175054
-0.23905084199352297
-0.13276199527172414
-0.055374155595611194
-0.16097776625514015
0.013316242273316212
-0.09113934586842865
-0.4266191016234187
-0.05207346196677937
-0.043474558133233074
-0.06959983799728087
-0.0015241611070510104
0.1627513944516631
0.011210492768288931
0.22779605686090607
-0.13042724937223588
-0.01049509664153334
0.22601344437931847
-0.01887060949505621
-0.11337202460931811
-0.018215507122728004
-0.039471272170945905
0.08247414382780571
0.0771006445702755
0.07097397441411228
-0.02545519934314556
0.007549326770172381
-0.06394687533103713
-0.07956466015400364
0.015461258050953879
0.06587655033909738
0.015357623986642957
-0.006088250942477318
-0.15607568977295602
-0.039236164874735927
-0.025343213172777955
-0.0013010578740071293
0.0008457394297682459
-0.28902353027394856
0.022069702211230075
-0.1619821681503156
0.002552346784752807
-0.04748936732795367
-0.26157203612111934
0.0051126496188685045
-0.12866598412697833
0.10274198226443373
-0.0001943467960556024
-0.17080857497844953
-0.0203762564251886
-0.12686021857850902
0.033516419590156984
-0.002254028662476731
-0.12383020351088295
-0.2920972577097271
-0.11372938899317046
-0.03215036259970961
-0.12163125185322643
0.01584702294472419
-0.117278259168206
-0.005661597558659669
-0.030176021618577506
-0.112980267987133
-0.0816536460875815
-0.6076111363689785
-0.021129788614142487
-0.12358939488238777
-0.033170294641782984
-0.011518582246911196
-0.03388565394046194
-0.07900679670051061
0.01954570405780943
-0.023111391860177282
-0.0038377949432640834
0.1804730564334001
-0.028359451304613422
0.12384187166204076
0.2260983404829745
-0.02430275513024878
-0.018779154927521205
0.13618090142063843
-1.0172864282347844
-0.054631290177013465
-0.02703730923836426
0.03284881201882158
-0.032299038109635435
-0.06096379636043643
-0.0008551917564852239
-0.009847519396227675
-0.051540505438903414
-0.044968270807963194
-0.026289123922038863
-0.05372651155835685
-0.11532719026134805
0.21209382007155753
-0.16127821745783003
0.013633908847735483
0.001934382710308197
0.19568562823040053
-0.5081522584060562
-0.42171123808949396
-0.0018828928106775558
-1.2649523413659642
-0.05139820809243094
-0.01612217869335132
-0.09740629919644903
-0.12237789694879395
-0.01421418126328111
-0.05265211834164776
-0.02651935848659001
0.007859674962329546
0.009144586466156311
-0.13081277168180583
-0.19613050215726277
0.10277300024367832
-0.003484726955665771
0.012615398230226671
-0.09882437610260927
0.21515735017522866
-0.12277282242261517
-0.08834547174151068
-0.12748548613973437
-0.09707088617157948
-0.005520208925413985
-0.12887587118285937
-0.023928958832859885
0.014336763437510815
-0.0004866972309697336
0.2575750562385443
-0.09497830753736183
0.15735045899969266
-0.10246523243701082
0.17294178918402797
-0.037208752918086695
0.1889449026566152
-0.0019354880200884187
0.23010107877643204
-0.03016703921346141
-0.02663379291241567
-0.09766348892794609
0.13040563986405765
0.016971403941423182
-0.024081184866542434
-0.034284913658103836
-0.09984334539522094
-0.12365416548830521
-0.10853228700252784
0.009503098064405215
-0.11580209673580616
-0.0347843691307649
-0.0002356106751060196
-0.20103118067071798
-0.13690396187963624
-0.02860049186773591
-0.030212789787877024
-0.01337593595580654
0.16276470436217677
-0.031075085519539292
-0.03176934512445326
0.017939767499408787
-0.11754014613865423
0.000379014355306927
0.22767953072526725
0.3493274618554085
-0.008110333526459674
-0.10592318991288087
-0.10824836720700054
0.0024302456914936646
-0.10403210396239528
0.25589651746239345
-0.10677022735900396
-0.017363219330013904
-0.025381851580326076
0.0003791387227581956
0.0116168577846223
0.058145054126770686
-0.13764885481854583
0.07041277763513135
-0.033693041257140684
-0.12598664353984507
-0.012791169812173576
0.0064717450133870685
-0.0973632685856865
-0.04827291292998591
-0.11791648999483013
-0.04132753102997891
0.01671169725964321
-0.03108050165997848
-0.010186571088191858
-0.13369960324085559
-0.03140802324154017
-0.1712642149834979
0.20790506931844027
-0.024857715601349247
0.15974997961799933
-0.017520164076181937
-0.18150467450172791
0.029423505392170906
0.020611487800987587
-0.024263628720881187
-0.03449597552221168
-0.03132900368313268
-0.020912701739559322
-0.02666230530283335
-0.0032377182303925836
-0.043416306665431614
-0.11661676281983514
-0.0876885004889241
-0.05337023042800431
-0.036100897111805946
0.05314159088079543
-0.022379450040486318
-0.019156184838294857
-0.02506311157157166
-0.031935694025170415
0.20435558149163752
-0.01638687594340066
-0.10700807721410018
-0.03794745576476436
-0.02608234848111929
-0.2599252082144765
-0.11256377695444628
-0.03339708502631669
-0.013630045824155229
-0.02230831098083584
-0.13552902626578223
0.0067861360349068455
-0.11536065210646024
0.09141110732285272
-0.05585754243126446
-0.024547808818816717
-0.027864528710853865
-0.06239123875354988
-0.02818533965467109
-0.058832916925225576
0.19626018860552175
-0.05268663263762845
-0.05376356465607491
-0.12132316085082112
-0.06335816728209821
-0.11942912278781002
0.008824631997934453
-0.07932246927156708
-0.1366557372605009
-0.06110548666502109
-0.13414168557466127
-0.003206717158815785
-0.07784787637304537
-0.10054368323535778
-0.06598553811737298
0.008351796476190556
-0.08189975237660894
-0.12104896107156317
-0.08657958926434586
-0.07229691021571373
-0.09047052174529623
-0.06257263150660122
0.03752653008329964
0.0449288841203376
-0.09632483832219202
-0.1386275097137336
0.012917978016128854
-0.039746333914498846
-0.031320327691165085
-0.03819986795557854
-0.029747855458716468
0.04208188697882015
-0.03337127281326034
-0.027192736990811612
0.0029394465079271266
0.02454271993809116
-0.16943957012889868
0.005581120925015536
-0.023767838688593505
-0.08603842068992515
-0.06847010833499123
-0.1421545799964058
-0.04783987551403945
-0.029843504620844896
0.1335661917748726
-0.07989995886512685
-0.20569686113602634
-0.12060917898811309
-0.2377413300764051
-0.1050168114822662
-0.043250867943735324
-0.13228165734342276
-0.0983958241814544
0.11969852215720075
-0.15331037454365473
-0.1349577440307534
-0.17628181701888096
-0.11025988749358562
0.2970219547745231
-0.018432240803910722
-0.10059353910288922
-0.03872406632671694
0.0022304582300413473
-0.17907306952317656
0.021744173088406184
-0.06502433902085873
-0.057539700642834264
-0.14273555076345845
-0.026846012233405405
-0.09904274401886443
-0.10283480708844898
-0.017014219268997502
-0.04774810538479047
-0.05720865551615593
-0.03665477189381131
-0.02581549899056868
-0.026946674438393037
-0.043176216049842994
-0.11601807530828553
-0.04265167464259304
-0.02089939674845913
-0.03252547529668308
-0.0680787220919303
-0.26119827803371454
0.025323775584756736
-0.12921935197998477
-0.02746421173981225
-0.12355385167240293
0.009355873157933563
0.18445820077864838
-0.08616153609088444
-0.21102530724849947
-0.0022914371697380703
-0.029426294407958554
0.15749896483084375
0.22769470803817982
-0.003853899420051875
-0.1215662877593321
-0.15731911943339263
0.13803040238159822
-0.02119642954913777
-0.04163424501163173
0.004622570700118657
-0.03148843239418516
0.12482804153313411
0.017197939430787547
-0.03295902044318573
-0.10624019129223176
-0.007692404774019773
-0.003228083954007785
-0.09617045471862803
-0.027739492919564554
0.021631975648023282
-0.03221615080644018
-0.23778941346404842
-0.006727473826851718
-0.015273931889005426
0.006847376097839485
-0.02714215932516862
-0.13652579040653906
-0.05250557638151095
-0.054683027054363044
-0.03079205010330344
-0.023694960317858546
0.0010794510794182857
-0.053135204963477824
-0.15144081392884912
-0.034270220638269656
-0.04682901199199778
-0.027955968187966872
-0.057606304584453365
-0.33223419761217454
0.0420833325458333
0.006195160293714766
-0.10961687427543357
0.003186644099926183
-0.08037536802690184
-0.10480497262574288
-0.04116790177202805
0.041554165807761265
0.06077950361928135
-0.015011970448547185
0.0002995776144457217
-0.029635962875018095
-0.13939018837176093
0.01296312648050304
-0.06474260364471379
-0.24119372140489145
-0.09368037379017898
-0.03004159760461901
-0.024469743621750327
-0.025777157079350854
-0.10765661075632361
-0.0469115221012358
0.0022282821780822593
0.003295378059995482
-0.1073458802733825
-0.03540396940431003
-0.029723678717494546
-0.01185053478358481
-0.04950370082687505
-0.023080159051036143
0.06339931245439966
-0.0017816866871534576
-0.10533773118955851
0.001332853224721603
0.011479538463989634
0.17245322216106015
-0.019334203796599465
-0.029362657722228208
-0.02065483698309047
-0.11983907300321829
-0.02487212936481601
-0.03772551066798924
0.008841602433649247
-0.08128840684214396
-0.03429764646894508
-0.008130155695632645
-0.0006358754044535425
0.012050659564943129
-0.0747705839694519
-0.04432427432436301
-0.12383584663643231
-0.06526086237813375
0.18217131005260676
-0.11460142322716715
-0.03929552441072606
-0.11886992337929814
-0.025053695902768555
-0.013876126828745974
-0.0521977561844715
-0.013007750633075266
0.05215231391193638
0.17658511033659768
-0.13299709226468887
-0.03372500776025933
-0.0827607538773938
-0.013923936097853744
-0.026570977109472114
-0.1147279632163211
-0.05516082065250303
-0.13332021063799926
-0.07686097145042452
-0.16637195824882567
-0.35068690433820987
-0.0302548136398251
0.007388696354050433
-0.005849095762626526
-0.10403446538959277
-0.03186815012335897
-0.01653871029025292
-0.07772701623320569
-0.033125419971706996
-0.0028965998765199193
-0.06373989322185297
-0.14964505737017703
-0.28027333003716726
-0.07986152244578981
-0.12504855849595573
-0.03399468448067713
-0.3356551536958243
-0.049028328344505046
-0.0746511716445103
-0.043321427038076336
-0.07402399457347741
-0.054063467653228385
0.19601117726451284
-0.07817959520763268
-0.11985573272324253
-0.12909357227859947
-0.11971788857395049
0.045390283914015235
-0.03796601755459857
-0.024185220290518703
-0.006449967740650169
-0.0397102596042598
0.023951178320295193
-0.12673836051671822
-0.247288468496902
-0.030702777519434
-0.016219967940122322
-0.07752751470706973
-0.13259747347843603
-0.09116495778668209
-0.06281046686261749
-0.2764432768942874
-0.03541459897558852
-0.06562934808094807
-0.06721042884440609
-0.14111871338336665
-0.13296296359368373
-0.046658493988888446
-0.03754709615578644
-0.016120444678820952
-0.02406036250409711
-0.2543332735492134
-0.04257813452976259
-0.33722026888279294
-0.14137170740884294
0.14286904500584965
0.18867332877081675
-0.10534469468356399
0.19960501616638907
-0.06757024540196
0.016933283892554236
-0.03257955340097765
-0.05009562915840744
0.00865566401784406
-0.0933453815286342
-0.00873077663336728
-0.3360545631182097
-0.3486733361016408
0.08326451341723114
-0.10346976587390341
-0.014597462994819198
-0.09883342085583986
-0.08245070231518543
-0.02292452383297739
-0.06648462433739524
-0.11788974663833783
-0.11178872450229087
-0.059858667549443
-0.016050358423300312
-0.030291582076251766
-0.004475539437263872
-0.19895026552428594
-0.027568134902563886
-0.0198305619431336
0.21648466720498002
0.001450493464204804
-0.4158433850381512
-0.030559556856479216
-0.037392468613529135
-0.14630348851210734
-0.13638395969376035
-0.2125186560998731
-0.07860719995071973
-0.026349498525753894
0.16817143033331652
-0.039344651247469206
-0.10730644167005819
-0.3529059807386286
-0.11867899246903159
-0.12207810801994082
0.027636523358296538
-0.22439017433132002
-0.10055308248756993
-0.09817617131037248
-0.5651313088532735
-0.01177671864557176
-0.4140865619291485
0.10368749155437287
-0.020322531412454707
-0.03919766997327892
0.006745743869406569
-0.09672937045722052
-0.11006440237286845
0.29276996444316383
-0.12884437887022226
-0.07150066978558262
-0.02080262492421375
-0.01974634774798243
-0.038208067473804265
-0.12257880390825428
-0.03885543251173711
-0.374188078994306
-0.088005252167661
-0.033487705287782256
-0.07723630184139
-0.004161878472933122
-0.05535852246822894
-0.7487745571992032
-0.034430036769430836
-0.12661783444513713
-0.11886915323312754
-0.10399873656367589
-0.06701756219434198
-0.022446344164631038
0.001597492015728214
-0.14712351827385736
-0.08387391899661373
0.0347880093448062
-0.015765328650820875
-0.11362781675996758
-0.09264213584403891
-0.03317282124769867
-0.018305910236686252
-0.0016035100369306602
-0.008046672021361423
0.017112508576387114
-0.1443339526377604
-0.0001653224988457535
-0.10655434382953545
-0.03518812359216027
-0.0256510210530261
-0.005627464843385586
0.012175612255138881
-0.019575447947796733
-0.01905369507676872
-0.027335680907166923
-0.04095751962714093
-0.010632411125303528
-0.2211026882206906
-0.037274039149151124
-0.028463204470257693
0.16121784030502587
-0.773576348218671
-0.060446168260159326
-0.08010015281379868
0.06705114287955091
-0.11958942246458243
-0.1154592779459614
0.007643424459005534
-0.09002701558562654
0.014815675403151424
-0.07479829749102995
0.004813086925974134
-0.11365005957151413
-0.0385973740297249
-0.017136107019884984
0.014388206287404408
-0.27897106357479123
-0.03520576433626919
-0.23549546036714122
-0.3086438259736903
-0.046526744789988646
-0.03083787897375583
-1.2172070872089618
-0.07890335665690433
-0.17262360204991695
-0.08567160261385147
0.004881301175285324
-0.0968584337088411
0.004346731031849222
-0.21251642859369524
-0.09084487290962581
0.0011965788103597632
-0.06153872128033374
-0.09803491895428756
-0.03744367171595819
-0.03643256567812012
0.02407725148966715
-0.12082862510368989
0.02142278984396821
-0.1170927772649507
0.0013905795452627625
-0.07853390206853318
-0.029871147791449202
-0.9463794704915154
-0.0057990284856378315
-0.03151167296441962
-0.02350361132707231
0.010187268238783844
0.13161046401643545
-0.1549778115366923
-0.07806256176948463
-1.3361434429583743
-0.04020601842292982
-0.031768019287946946
-0.0967961512400818
0.012792475930050744
-0.003038453618125315
-0.11650413783577925
-0.11317792334051939
-0.01834310469508182
-0.03355860818381684
-0.028082520933526513
-0.3046530036666597
0.0020038983815145687
-0.18623070716367693
-0.08332806613133098
-0.1339363870847696
-0.17582814556856624
-0.05306043191193271
-0.014693265892139875
0.13472324279974984
-0.11031323693184836
-0.06776359640847344
-0.0029190915727958884
-0.13237494454070506
0.0895617043847392
-0.09003992891487414
0.0007366631487854301
-0.06477389178221095
-0.10445683649774658
-0.039235468809816904
-0.025609208024826316
-0.04601991000007901
-0.061584839049235715
-0.01854833634500778
-0.10941751594289005
-0.050295647187815234
-0.35458143590928276
0.3179793158371553
0.479196559358338
-0.11359309476578001
-0.03204434673202945
-0.05816779338435386
-0.06235816764710663
-0.13324982508349703
-0.03294029843660219
-0.015932226406006327
-0.2557234160542421
0.0021867634227878885
0.06355994238774682
-0.10381924115590505
-0.07225962026884425
-0.030627829500596244
-0.05130570624900976
0.008313924096055612
-0.020045591542653462
-0.2851522439011145
-0.10305179898041088
-0.34352021260902665
-0.035685237153390094
-0.0861067711642112
-0.1029624548932202
0.01576187851170339
-0.05312523551979314
-0.10451793107689514
-0.020750618057973836
-0.10304884306088842
-0.009098637130051965
-0.3114192465438382
-0.09923873333675037
-0.0224363213842258
-0.4028086654168944
-0.027155505445817896
-0.0216251478860425
-0.0369722944700084
-0.08911915351839444
0.002916157428663035
-0.3124113803044254
-0.21460317121668238
-0.1315141027347808
-0.07592589037852376
-0.11741544006401158
-0.012410593452966657
-0.15731066557917675
-0.1369798297302473
-0.01655261414882493
-0.04608671218217087
-0.003949215393363692
-0.13374384533258227
-0.12715340399613406
-0.48596570057745603
-0.01797198038122051
0.00673421753905709
0.010299106851758237
-0.00020630683477956512
4.9717647174800185e-05
-0.16654009643456757
0.023118270345767255
-0.022531381270622392
-0.40926788809069387
-0.17977641991193233
-0.006228914848861399
-0.12742211736031778
0.0905653531731764
-0.09713697052750529
-0.1332941635128434
-0.023919566474123747
-0.020723327815454193
-0.0291751764537077
-0.022845250482347538
0.009125805231830129
