0.1965674709164819
0.3322681532587324
0.1655063538602058
0.2283993628686362
0.7378302841757567
0.16617913534766748
0.20016172155420828
0.16301506869400603
0.1864910895907121
0.22166834027227697
0.16964455771953502
0.1598083610937629
0.1982941352404081
0.1668807700933036
0.19771029940018287
0.3469052526899868
0.13642263790677647
0.1696027183782368
0.34393328604490864
0.2395186370106067
0.18881254130685834
0.16073405937409738
0.19372287860283485
0.1693370764306251
0.1599902422831092
0.18373256674179664
0.1745230953744117
0.33336602313177927
0.2841580685678419
0.8232425687994276
0.15946679786897042
0.17634319177040686
0.17014740248115695
0.1933058752632141
0.17254095199220468
0.16415413455224373
0.33341854436056956
0.19599253883728612
0.22638963662661038
0.19591286769280067
0.1894772176793281
0.23283691580012694
0.17338845017068671
0.20920110182762147
0.1944917433866313
0.2096142094739726
0.17943248677760995
0.16295763329720833
0.35483699302811056
0.1854014643500833
0.1974643944776975
0.15610124232881356
0.2062894456991008
0.23339099560633744
0.19577266985261946
0.1797671170637641
0.2112776618608287
0.18254500463897105
0.4486939642931286
0.22985195898705985
0.2002376197851621
0.2705518343907977
0.16067190365052558
0.19488915911087623
0.161161519313982
0.18597585299919392
0.19441763736167045
0.18411419967125203
0.21195830460957119
0.13840756339724786
0.14569284514642097
0.19039919473090264
0.17494606928086617
0.17069835523079183
0.18475728729675556
0.18487281764254854
0.20999537226131984
0.17233941511369089
0.18573475936363484
0.19061610258143882
0.3382216746033113
0.21198056536751825
0.2098424720423562
0.18895914757952972
0.3298552350917559
0.24081029750266167
0.17040405288575186
0.15814574999507194
0.15913056329942085
0.3088519878420111
0.2136583363255368
0.17676868773856255
0.2383478021621704
0.2498404123669579
0.21015815612248012
0.3194687322394489
0.16758127320197322
0.14014739317591912
0.2393368616721613
0.15435424370463616
0.2073839008467538
0.17441103858645685
0.17054838858112212
0.16126154617524482
0.20533390346120617
0.20683591224112602
0.1411649386375738
0.1442574782774482
0.22683587786129542
0.22485238787106104
0.22080094453266688
0.2275899835109711
0.17166715220666268
0.2388525745568686
0.35170860742959453
0.32945178530302394
0.29317836012159076
0.22225005149841312
0.1927319513597796
0.16285367525230018
0.3341735992762607
0.1777923442446996
0.16535310343957282
0.2228125687645328
0.15087647339414217
0.17486470298028328
0.16362664655900339
0.15870326709747312
0.21277942038931938
0.30919829401969906
0.1578471111262449
0.18543293702986932
0.17339156047921434
0.21733018827438352
0.28128240750386163
0.16558449914580897
0.20055223665698882
0.1513513866723594
0.1352165462643967
0.20142343177891417
0.1624899227619171
0.18732482739055856
0.1655102891522675
0.1535868091986213
0.1941275963918218
0.3529459274137342
0.1734811536090015
0.17021231357256572
0.21785472770126496
0.17502006895401898
0.13699411293576816
0.30970364960871244
0.1907949084814857
0.17137801480293272
0.18407036578818545
0.1704582767486572
0.20087825675399934
0.15635011184600092
0.26633052886449377
0.1964685614191728
0.1739449407301451
0.14228712671681454
0.18585099005395436
0.23728696541786196
0.2309550673846739
0.21765875234699888
0.18935421086707205
0.18389254279697642
0.20453601698377238
0.14621656008541875
0.18907054341445534
0.19614980407322152
0.2777323015213013
0.20835179048615532
0.16925214000523384
0.20979595400252432
0.1839575082835029
0.15874252714444456
0.1659077138501435
0.16052245960952088
0.30919539408683777
0.17763023842212766
0.29998603404485263
0.1456137346593957
0.3552146942968722
0.26745234158304
0.19720594429666066
0.17688305771957008
0.21124726253586845
0.21139020115789708
0.17033450206120807
0.23648591356277468
0.36047753275600386
0.1594939891271716
0.16172547803641601
0.19057757600824882
0.1685601169663697
0.17770963657734007
0.22727569417953492
0.1685073585110932
0.1947375728646103
0.17824765917914254
0.18156909771740729
0.22548482283632804
0.15361307310476535
0.21749795633393365
0.3545298730021595
0.2801885919387524
0.2028718064856653
0.2313386616841802
0.2155075791543418
0.20815515442208932
0.16402597226430235
0.17450776801825807
0.19559511054393858
0.2116134526291672
0.18334582326071602
0.17079698999722798
0.2101033876804595
0.16676765965833898
0.1899502134680034
0.20055096957067778
0.16864267644882203
0.1711508465304817
0.2080735193161254
0.20538925106708822
0.1861828637480022
0.13274247483468393
0.18877228382818712
0.24148808773452712
0.2916424532289858
0.19413269151088805
0.169168536809026
0.3246630103941317
0.19804959985594084
0.24490979774578198
0.16469686570038666
0.15382803953559707
0.14754406509399415
0.17468939786104812
0.14092920174247106
0.18312157345645
0.22541476166766625
0.30875886035292116
0.1954292037456658
0.16209819433348518
0.27344054733003886
0.2113736906162528
0.1628885411107263
0.16592544632382913
0.13971727089143135
0.15903348651597665
0.178004774841769
0.15120041387764055
0.15591133999243015
0.16634997981277544
0.18273233994524526
0.1827647131222945
0.13729606823182441
0.1846659611546716
0.17509940400415538
0.21516729429656384
0.1740901388062371
0.2268560519879752
0.1789431017862784
0.16754716909797499
0.15619287180319066
0.3327045376654024
0.22044453128855276
0.21452013450699883
0.2546535263834773
0.15167676486302673
0.14741774187804504
0.17103858211944842
0.33368879124500644
0.182710173924764
0.14942668681292187
0.17200515039218878
0.15560947645542234
0.17733776469619905
0.1733184553929909
0.21014307245295097
0.19417455908911568
0.15666932153120275
0.1852778159050231
0.18714663985960497
0.16520075162251788
0.16123543103535967
0.18060414488498983
0.13272636250710823
0.32475607760747277
0.15761124480602354
0.16832636728578687
0.21061933740656424
0.18693983974327913
0.3440177850429418
0.19905267242186084
0.19376266158492872
0.20361015889028838
0.16797433075904847
0.17070007090716016
0.17318224477186436
0.20543506249468374
0.20877313907329853
0.17313662876731237
0.2940370593070984
0.13608944610810617
0.35257134006136936
0.14472162885980294
0.21014869078676748
0.19943482149479003
0.17794521248946754
0.20774635964715987
0.1662156034975636
0.16461308898796906
0.19093177355201552
0.2233154585472373
0.1565260203404002
0.15863563970780709
0.15591250581439264
0.1961983883737804
0.2313386539557508
0.22557323485827274
0.17019005780367505
0.207309013571058
0.18387251731440507
0.2157673992166583
0.2054606570253436
0.2944500170435224
0.1650619291986738
0.14354072017984076
0.16285951537906
0.19930129547508393
0.1875232712046741
0.18394122856003897
0.17318976481755577
0.1641496975504594
0.17012656520648176
0.2308846439933777
0.19067600797457868
0.26015506672055533
0.2084048631077721
0.13855190889458907
0.16852394183476765
0.2384371578352792
0.20981755333977775
0.16968268053155197
0.15327474942249533
0.20230065961273347
0.14667653575776116
0.18822829680442812
0.17012419572243323
0.2289573988188868
0.15138502303868123
0.15793515815647372
0.1528083308843466
0.18537864708596732
0.1885524624198146
0.22181607111971427
0.1713001525758983
0.1998336431680136
0.14253541758855184
0.16264354692221925
0.1558523802250219
0.18771926696483907
0.18491415677070616
0.1894060335335908
0.17111880545763625
0.16095570196753822
0.29330209590019063
0.19772120494773424
0.19369728788416435
0.1794059542478141
0.20899379187906295
0.16643530135302198
0.17009214463105074
0.20563210978604002
0.16145243091403313
0.20807302698175956
0.18102948380343487
0.19762489103967215
0.19512221415837608
0.14490505185792613
0.18936342800364778
0.1870724191841172
0.281191292559659
0.1402617146215941
0.19786923263893752
0.22159559066479023
0.2052863045215607
0.26784998391495374
0.20139298752242443
0.3424512067535255
0.33696481506029763
0.1511818279349615
0.2224462035910724
0.14876577723410822
0.13203813123703
0.20912701657840185
0.16628172834714253
0.14359797967804802
0.21558006317076026
0.1990423244635264
0.3412597872160035
0.16793692646026612
0.20890603094265378
0.2106603503227234
0.18187739019541396
0.1688686077594757
0.3201598726194116
0.15824454297667823
0.20931981786768483
0.19605530298362345
0.21619446069216558
0.18734119312386766
0.21378585392320662
0.18869314928444064
0.2836718828781791
0.18845802322266592
0.18575335493454564
0.17113470440058362
0.15662294689923117
0.18299621715641662
0.34212562598833224
0.3470748134033224
0.14538086695491143
0.3609552505970002
0.17133447422893772
0.17833088599718533
0.20203067375056316
0.21244976901704338
0.20141906761819386
0.14118669322331745
0.21099666814888474
0.15368231300108445
0.13651254078458408
0.12970523426407263
0.14605821215704587
0.2976913642883301
0.14478996859313295
0.3277557793685368
0.34421660664919257
0.17397547093103097
0.19529267505103465
0.14416322512324578
0.1941518411812959
0.1763054635041002
0.3482525144623578
0.16503892960419528
0.20973801716845084
0.19313456972440085
0.22278298819766326
0.1881016042408036
0.15617925537957084
0.23074108998578294
0.19832866962139425
0.33566213308311094
0.2435188889503479
0.19062580184936526
0.18038115564982096
0.21995503580733522
0.1447814871394445
0.19789357208901906
0.2196103338019489
0.1873502956667254
0.20868679819936337
0.1627479522228241
0.2099597256524222
0.14055010517438252
0.17370338097451224
0.2181995180314475
0.19470586180686952
0.21982303887820073
0.2058481435040782
0.22719084054446048
0.15435719666481018
0.2204656459903717
0.1646256031119634
0.15432024944660278
0.2033361985002245
0.24104755192386862
0.19221096313865493
0.2538384465376536
0.1625228961308797
0.1943964230097257
0.34973069691658015
0.16742623267173767
0.2159635935692077
0.20221558368369325
0.3206753669466291
0.33684363432291176
0.19317797061488115
0.2035438354810079
0.3062159504660641
0.29246648073196413
0.203307506619273
0.3457346221943459
0.1624745184580485
0.20523601348583517
0.16923393545150756
0.20396961892352386
0.1722287764724778
0.20172554190342243
0.170306627775362
0.19794211702346803
0.21368658499717713
0.18421444550393118
0.35148080859184266
0.1812287095801471
0.18417526114371516
0.14969856190681458
0.3286360572065626
0.1856819658620017
0.13870307048161823
0.20502651053505974
0.21864518315252598
0.2215832245349884
0.20926998883700199
0.16857797928417428
0.20850529115002853
