5968.84947694209
9191.754251671835
9624.241017368784
8363.403152038469
7782.063454945977
8484.163996238447
8645.102508548369
8964.954771359386
8915.672453897552
9725.55040927948
9113.133112179237
9877.27541531783
7840.022379693821
6844.692519851427
6800.388334278081
6150.4904447781055
6711.380417604432
6948.984842212124
6354.496638754715
6226.220042740474
6782.085292135515
7462.089182834661
6715.8780167733275
9240.387990981098
9885.193723713772
10891.881475899121
10164.032611578672
10202.794519181924
9710.493961869499
9064.164249624315
10088.532221912501
11204.913151993514
10924.378213556063
10115.697213695425
10995.328300218116
10856.192893670708
10957.52067649123
10860.083592815448
10633.141809036148
10666.218882069721
10734.679218424311
10687.506011435324
10796.696256959427
10229.077199291281
9312.50079183084
10159.667876556985
10831.765678557138
10869.360785103854
10071.403729104351
9404.169260125525
10704.864313910763
9722.401476830928
10421.209028651381
10959.108924136362
10155.591031170808
11063.761642212976
9999.46257674629
10201.987362584143
10379.574074702241
11016.028290940925
10939.687624266357
10096.58701495508
11023.486826591296
10903.488183431753
10954.759996583378
10192.90429656609
11156.639240868382
10150.017302366783
10233.139520389594
11703.492760724865
10858.66749275909
10631.711404938818
11168.67488590484
10422.48211075333
8584.022666066967
6833.564140581172
10294.74268894285
10513.411125789597
9428.847817673337
9798.872923308681
10191.408502567167
9628.998132709621
11211.07410678416
10256.846268701867
11487.914571009605
5917.250714282503
10173.21171901469
10934.450301835699
10633.143852470574
10422.463719843505
10679.681028060033
10627.508125651666
11090.273277543009
10463.499969961515
10951.75001767571
11051.077278194389
10005.907568921979
10548.7888359821
9950.250545494819
10071.759286694258
9206.912448234698
9307.61902699009
10427.623391766021
8783.476053605007
9219.338572971657
9308.823344767767
8562.785135731045
8240.510674365723
7744.849421360675
9157.27129575403
9473.133128526712
9891.068597684953
10656.592262494683
10923.712213162247
10623.652265251443
11019.387697135227
10548.966614777055
9987.620874254811
10756.258733127874
11060.235951286159
10602.648041311291
11299.548687072947
10758.905532987512
10609.70565961859
10929.682969322737
10161.414972080554
10608.312037340904
10928.985131363199
5094.192349130411
9938.542060229807
10330.88886293666
10554.876227133458
10202.43691815759
11051.721846002765
10951.066097151226
9935.737186204213
10814.133490413427
10481.416802997801
10798.372722407232
10464.084377888637
10553.874944265328
10160.03361040942
9936.361321709734
10822.691837594197
10484.146444793576
9891.066554250528
9782.10450041911
8416.56107149529
9248.177485280043
9856.828810463692
10313.871527642968
10404.113678709171
10542.1411518509
10054.259575318156
11062.173215252908
11053.269221920813
10571.82184994717
10877.971817769787
9913.73709350129
8700.610696721224
10276.950754456424
11187.760277637062
9860.737352329641
10468.908940883852
8706.659352447978
9978.810634346442
9623.495163803747
9953.125657730456
9734.913425813727
10580.219256071705
10200.45679133588
10309.706099865412
10427.122750331957
9293.249634979304
10804.910863346959
9807.398131728774
11024.40024177916
9460.406984338668
10385.370220197372
10088.090430948076
10863.83865209675
10249.064004861739
10808.954820073555
10729.681824999458
10024.862466646042
9787.631990538082
10227.893191332882
9907.96543784842
9617.015433242836
8891.3033521677
9349.644299369684
10034.038591772358
10800.485564195067
10196.394482563579
9513.305005883049
10956.25987745115
11090.561690209566
10597.220275283311
10965.616763682123
10654.565175545322
9915.127994602064
9314.400430530444
9857.943226779873
9377.504484316847
10196.025004714587
10735.793655544716
9654.847578182824
8698.750995843067
8316.921149178479
9388.526043458629
9049.684473290474
8800.027872445555
7500.710093462603
6225.346122383592
6026.894367018715
6586.725765218128
6303.461863996361
6157.918247092908
6012.425716050074
6032.464208799113
5978.251318730406
5800.010707596386
6001.764591976705
5810.480547625404
5780.273448034306
5509.130220670843
5419.318874263801
5601.38888150982
6394.4775764552205
6709.315554732193
5763.738164477316
6121.1378081461835
5917.610358741261
5723.433002528545
5709.333304997709
5602.768199746532
5538.297843645389
5447.569355186093
5436.228294128681
5436.451826665656
5331.042507114217
5421.481406756009
5293.800914722986
5101.610293243573
5633.115244388627
5255.180004095043
5049.713388603502
5538.299887079814
5554.134460437271
5671.704001034927
5590.303045207513
5511.733196123523
5455.181148418321
5580.759941471481
5479.845084875776
5355.5126343507045
5502.58468497592
5481.388194915853
5386.860961860932
5327.638145362569
5085.434294860167
5062.141724504238
5900.700938876381
5348.620891475594
5806.907298779947
5665.505113902469
5914.496164677928
5911.735484770079
5921.38866899264
6068.979807189701
6262.082316894994
6532.440951897145
6186.2055098348455
5831.737070475192
5679.2764280439305
5805.239856289344
6311.441873496686
5795.294904813181
5523.619309120406
5372.798985025017
6352.1078639121715
7058.292236461328
8051.058069910796
9644.170633313457
8895.2008307787
6844.154612787567
6131.045040972904
5706.887409936746
5684.160236319104
5839.998675854493
5965.812933386898
6211.979616192197
6085.887183620156
6194.136078837335
6157.471845471695
6124.645806182682
5935.185938228612
5560.009334408453
5627.322075132147
6053.447662127109
5871.947218760544
5854.98843299552
5975.1416799508215
5991.378341475058
6148.978221484587
5935.623457748744
5981.68517016584
6041.726901965796
6216.406034705889
6129.667766170616
6011.712557435833
6054.126323240507
6246.781411290143
6022.08094370706
5726.906841050636
5728.930371893335
6702.414105533858
5880.50584589211
5980.701396605692
5673.791352996261
5915.873439480216
5790.713080963733
6420.703914116903
6430.001540749557
6365.529141213988
6115.876627237918
7033.119167782723
6314.87444525864
6649.020914974314
7189.79673885776
6366.920811919936
5810.023536277705
5752.133233344875
5670.354793345433
5457.939784891745
5320.007961220519
5017.915220335791
6321.39300107362
5607.515758605256
5536.562967818769
5761.389796968442
6273.116862788691
6473.130267718518
6615.533125911116
6577.386392097976
6517.138626729241
6134.065237052697
7010.414847560071
6473.2180822163045
6828.315952561261
6550.3128293760865
6672.0886562328305
6683.816602240657
6751.364113226924
6597.49121382414
6871.232670656913
7206.348762246298
7177.9680169817575
7147.604624864265
7310.807873571757
7425.231475884537
6995.166460211675
7426.226908680142
6895.189387545921
6816.568248053322
7049.24186539407
7023.895104789361
7165.53780537595
7256.570765564534
7743.172876298542
8083.417817687562
8164.1642087556265
8689.224684197427
9183.936071562708
8892.442194305277
9497.599123983706
9086.877076437988
9336.382150696081
9811.815609449803
9947.563429226262
9051.051530920637
9260.720163507449
10354.517481785848
9795.164089827744
10024.349564605427
10015.074415751447
9380.720850101416
9695.205408071812
9213.743422922042
9045.920467080068
9863.838299865112
9890.424915841155
9292.927017229706
9628.115150171778
9885.549281303678
10838.631034385922
10686.855526325362
5484.596386962725
8815.560017508147
10583.128751490174
10916.305211651372
10037.751720178716
9551.350334829658
9906.29213311458
9488.662512191433
9196.249807406306
8072.035967715372
7519.920420489762
7313.684196353462
7013.069320574733
6906.223933439619
6845.064053383202
8131.603187801722
9341.864944514626
6951.093666538475
7575.908480293731
6603.440080985393
6333.469698523945
6383.893486389296
5868.88262144846
6125.26825185411
6462.34502082464
6829.906710122627
6180.700497494545
6895.203691586894
6187.399084177855
6366.9105028851245
5993.19074124345
6204.284520790853
5891.403312243728
5696.206282253058
5779.3209340457015
5877.965687466513
6153.782335817195
5920.726596239018
5459.519567924173
5571.619631758315
5814.362670271118
5628.311130056019
5706.2142549650835
5802.767300635385
5801.749670291855
5567.356154825161
5688.285930422693
5789.689320316928
5882.9437187280155
5898.348945853483
6057.85390691644
6355.856627206327
6299.323909286224
6277.254817498828
6631.483307438746
6429.033670795667
6384.841639962385
6186.408591696428
5956.1698538350665
5996.538013397573
5890.036254613564
6122.758914380506
5901.72265608876
5573.802516775575
5718.630931630362
5976.563441895555
5929.666621847338
5958.989905842629
5824.8363924227815
5708.620146383469
5678.305866099533
5934.835498429426
5941.630930404302
5981.452731311019
6195.337591687854
5943.817405238794
5918.274474929307
6031.736171364046
5950.356395398023
5932.867577155912
5859.451382022954
5752.46611883552
5682.770700910269
5549.800174752308
5711.070224258754
5837.252299987616
6006.255656646505
6181.060141953303
6051.710742866064
6186.02861264173
6125.5318548949035
5935.623457748744
6242.639314483199
5897.276142780485
5991.022783885149
5870.355937668711
6032.436522278405
5827.048934853179
5969.309249687662
6008.287761339938
5961.39094129172
5890.151427967021
5873.114574142136
5658.650710741941
5856.013212297447
5955.095976885118
6382.076113787478
6224.690228319776
5751.336701809573
5802.411743045477
5878.132749992246
6016.565714194636
5925.528667137201
6355.567398393288
6639.749867278934
6821.5002536179745
6756.259318544222
6666.982717857696
6786.431162725934
6741.071630252094
6565.532328971691
6553.11846484128
6255.30560651722
6256.444258359774
7022.801867372114
6251.482077368795
6213.286677851277
6613.142307634149
6850.983770635112
6621.416173619997
6738.2522457841405
6974.767709359907
6581.726546787905
7026.87034531181
6797.543873558817
7324.604871302457
6302.797747808314
6141.3664282523605
6761.395518584832
6833.019834496012
7030.658402274935
6733.811197285011
6284.151408682389
6070.357081991989
6229.336280238232
6190.185168805123
6649.945500499332
6960.792665744848
6886.075700693695
6901.407558500463
6863.465068101539
6972.429165367383
6831.742792091582
5588.97501737941
5804.148662306523
5942.438087002081
5737.275227321863
6258.369737457842
5539.863556238413
5782.672084846585
5575.53943603662
5432.457451924434
5675.919477645444
5419.682605591409
5943.102203190128
5949.931140125843
5888.28707474597
5728.932413286368
5667.596156872009
5481.874200941202
5488.6423871237475
5119.52351709698
5697.943201514103
5245.5247764380565
5026.213176800808
5754.206499424265
8253.785155756703
10187.271627870421
11199.718741685778
10308.213841559218
8577.135302276209
9291.40028796078
7603.196597506041
7061.75378778563
7322.547132836725
7338.302012251615
8444.650639611857
8235.982755048202
8923.332776140516
8138.421270922463
6603.050828205016
11702.146137438947
8888.046766857618
9936.46758029982
9077.796000671882
8165.91747549207
9138.972340480314
12851.026274071148
9718.159306965128
8047.909137462243
7891.0534289098905
9306.438889404575
8926.84749971494
8205.243894851563
8665.700892754938
8478.019111570818
11239.752005391123
9114.9292910386
7244.242725679963
7495.012998286376
7052.748398866956
7247.712477333203
6367.63387867149
6417.930973602505
5658.999428247048
7484.603743326654
8114.382292484359
6735.366250882253
6984.042090983188
6981.236367738094
6518.564326222791
5521.987150066963
8859.208570922885
8135.246187511928
8006.804496594885
8084.960109535678
6930.939272807078
7040.453946021937
7146.567566552601
6569.43120185413
6391.709623063999
5461.387058766313
8462.46885295078
5553.664470519576
5108.804709380713
5028.9227708480375
5874.569499452564
5083.925705409721
7853.816789348885
5507.70256765203
5806.516407570166
6079.783444993402
5889.719522277726
5993.394880546623
5774.028438885576
5801.001793747193
5729.293572458754
5604.676902231197
5600.491813797351
5679.680289641788
5667.9782791094385
5769.896614478714
5955.8287127875265
5878.701323859426
5035.809144859475
5000.0
6386.78903296918
7030.229751506113
5740.973843630676
5744.3571790340975
5802.380447202936
5738.219294026101
5799.393135169463
5849.254664698206
5557.240480762905
6121.908737465976
6309.72491891645
6019.183353692752
6268.470092906789
5816.723957756489
5392.523318651938
5005.50909920915
5069.770686127725
6526.416907212955
6082.247098718815
5089.522862148688
5818.869563902485
5530.859742339267
5254.955226308319
6408.757120712152
5939.301415160076
5533.005348485263
5525.271102598544
5761.632965664989
5610.132737413363
5375.616272927155
5482.532845470503
5279.586784864363
6252.063874382838
5580.417240828274
6003.026172870312
5712.767972579625
5502.705302834938
5703.787423968914
5432.464287918276
5165.103740709384
5184.743699029962
5081.259213334963
6539.793228957427
5046.77643501835
6193.918028634018
5674.178059154157
6240.36669231104
5761.632965664989
5426.00805378503
5107.427434578425
6198.403817150856
5490.804766204963
5279.303349690266
5063.422194924557
5765.764790071851
5422.823364302263
6262.960993697639
6491.588610877365
5932.855328797722
5428.765360696517
6442.006717995015
6143.138085898627
5714.087403159647
6038.130188135031
5551.731332560321
5657.621834349895
5999.9015064607265
5874.169361921629
5934.69142709782
5588.689161562733
5824.987606570214
6023.315178099614
6151.623254435796
5989.877317184018
5842.892178999951
5060.60009130065
7698.081337681217
6860.036185136794
6505.890683947795
6000.906544829963
5389.375261960995
7797.351382036006
6983.780093819855
6665.12523596559
6635.3033539706585
6953.294629139314
7343.715010723885
7434.0141086086205
7437.766176740316
7499.398208561908
6828.5655149007835
6235.415497651889
6075.3538314400985
6012.296979681314
5954.451437985239
6417.21577155384
6469.552214040765
6309.7883369754145
6221.642749629014
6246.433696070189
6902.01650195904
6797.34361698519
6764.28902173029
5483.423455602913
6262.184488616231
7627.239553043675
5552.287195717288
7677.349147013751
6959.097799180256
6169.355349568284
6628.3987625678055
6721.646632154421
6802.746457604253
6570.290422051924
6899.261952354465
6846.263437113918
6746.672992040016
6984.044046637712
7329.372105632384
8156.095651791158
8364.356300673484
8263.703986454482
8578.77296667036
8540.123447960468
8756.06542423129
7857.996428893999
6556.169312437445
10336.939858864072
9154.281751190607
8315.491702494479
8003.083639911805
8450.378788458884
7870.293817262199
8370.149099763492
7826.776837752533
8992.71965183147
8148.000642455783
7294.989376184426
7612.081356480814
8393.711371426492
8256.617927459467
8154.625456860851
8667.034144086172
8199.64640410714
8537.452366834175
9514.991929524263
9323.110303364188
10302.87580700334
9180.478580516017
9013.019129407025
7743.897570824805
8287.818533600783
8626.638374635912
7332.474137272204
9508.449805689821
5480.668905998338
7541.108792040088
7209.652766063613
7234.801387720168
6877.438072698041
6802.354118194699
7053.1228311768355
7118.248645918178
6811.554776806992
5674.186334961508
7322.937025852312
6748.922394856103
5264.751450940614
7731.135932936117
6921.444815058306
6982.580947589585
7048.769081350825
7041.035432744238
8230.477742707903
8594.580975380293
7822.036069887092
7671.913116437754
6396.53325923817
5170.957164472529
8698.00327848619
10217.09651672081
7992.575987163747
8607.08270719097
8125.411520130305
7078.979115316692
7774.014436348341
8742.281660851617
8133.024796335463
8967.082723538444
9089.25558092593
8817.805751940956
8299.889123248113
10584.248553554942
9429.675853639044
9312.43214552524
7608.558475532529
7798.446662887675
11192.40324644514
10569.826524147182
9812.691074848999
8961.111808149299
9387.977085743736
10215.563177421249
12048.290154731429
10076.716658608724
7948.471531484625
9596.09429637151
9226.902448791638
12627.466374264824
10065.024126830254
10818.201360845589
8577.051308863618
9469.583682930906
12221.190741934257
12565.649296058175
11041.073939949274
9537.733575104314
8806.642700355911
10613.766460872203
9341.386780859233
8816.211873089644
7788.767389662169
9017.576217267986
7843.978905598262
7312.005981241789
7133.402755612191
6939.198834751954
5677.0425113057745
8047.909137462243
6100.442567027714
5290.604983282663
7103.098623093016
5780.624645208698
5773.65653382027
5975.772632773173
6273.979192115939
5974.132295899246
6060.90211090863
5825.2491661765835
5722.418546769828
5718.937446794076
7665.741944474983
6422.058584320765
6397.271851568193
6350.391378995374
5716.839200966416
5347.424806807665
7017.707585351191
5567.437218542451
5265.814036841488
6884.977369939532
6225.6270581161125
5973.733285217264
5728.578370410089
5778.160263292439
5909.001369509751
6183.079055164964
6001.278781263014
6057.800177451845
6019.4838834920965
6141.760811096339
6562.018501317464
6528.775030539127
6809.771785156574
6703.656235478844
6741.590552140068
6828.305735389137
6845.098679491806
6761.984027699163
6885.48920433159
6999.176978920414
6689.067349155928
6804.017473816453
6647.862301945227
5126.067643401076
8189.329530347676
6931.414978625262
6941.3733602043785
7503.441885617662
6608.656969071802
6843.2638062890865
6560.45235099174
8181.267754890859
6462.902878422599
6172.261737986559
5232.996569980975
5066.1091905098
5035.3595892860285
8779.691613050354
6144.286504227261
6502.477474798747
6247.680191069292
6227.229499346306
6085.004405630301
6220.5842505969895
6221.323973858752
6018.52128093913
6595.546293802549
5866.305850638839
5227.250342377438
6921.298349191065
6433.8569124108635
6738.43957625709
7111.629155466137
6857.94370828584
7350.616459922219
7381.2999594173925
7078.307676651841
6519.134106923115
6026.335374179408
7405.359356334504
7700.460809895715
8078.98730821406
8077.943536637349
7852.336115537417
7122.380470325041
6835.90731144924
7039.0780471185535
6918.872659838329
6930.622162057458
7076.2562403096945
7382.023335203758
7628.502395518177
6716.084403650228
5627.405772246448
5314.525308021056
6439.726245176984
5130.841106217313
7874.401120455964
6072.868462900017
5816.54822239596
8942.945676113191
6922.494091076614
6858.428994302262
6579.840456813853
7078.264627755588
7408.747370610754
7694.268289044617
7988.0528562922045
7757.6188430809925
7589.704424058726
7915.474152393617
7229.701646313379
7735.664183621383
7554.89788753836
7422.573247928673
7413.939049534615
7606.5640835339655
7303.7340605073305
7466.037098143295
7351.670160258389
7362.026285923066
7299.3868470665075
7150.588039124414
6571.697029718553
6717.3808819962815
7567.240231463904
9124.93803285107
6665.417510498208
7076.941805071028
6955.597471693401
6856.566433483553
6055.310331198909
5891.992921826247
5070.241014916663
7499.753766151817
5705.164698771201
5410.595452704506
8217.861578569442
6548.718950524774
6375.180288126304
5812.592133349626
5001.38278941611
5980.80356832693
7725.226320579714
6734.95973629696
7077.656292632133
7159.58500066588
6641.7115643267025
6331.866010779117
6293.181077447532
5985.139487126318
5681.7510271323135
7151.90175719605
5993.015132449289
5463.231697090097
6472.406026694153
5691.391950748326
5736.101785613793
5681.7510271323135
5318.473084237057
5019.258456950667
8627.957295987479
5966.131709157161
6079.9428328785325
6036.928538237358
5729.222291096872
5929.216565131314
5926.905941939489
5822.233056965639
5635.661165666752
5683.8162500090175
6582.48874782834
5593.605439785913
5728.578370410089
5913.5927441503445
5692.769225550614
5099.1637857647
5315.71577732557
6410.329397542402
5099.060593346946
6169.102266430639
5600.491813797351
5388.391494245076
5829.119430977076
5726.645281444267
5361.40181236286
5070.16671637588
5094.932896636794
6944.506879650315
6154.932789398335
5610.132737413363
5804.328484535901
5501.328028032651
5377.373295826776
5105.940087863867
6476.438588052202
5688.637401143751
5277.927450786881
5143.384095357665
5213.109776158106
5424.997586712127
5891.578361696198
5459.095736722868
5428.332463511413
5920.019567928051
5935.60712660449
5597.677000263825
5547.44016926176
6074.572915846286
5976.14453783848
5959.890581781649
5633.546409052251
5561.928119333301
5510.968951648663
5646.668356893825
5606.6116564873955
5106.050159776138
5318.150479328413
6265.822863416679
5194.394273220165
6841.41641065839
6169.102266430639
6242.301871663327
5987.891284933086
5253.676371817124
5945.238418928179
5533.005348485263
5541.268997298988
5645.213953248206
5713.428347584926
5414.110159915092
5471.876119945217
5516.123716464888
5894.330159502967
6138.771890404288
6436.260580392593
6354.117194824942
6061.567296882666
5597.737264192776
5895.706058406351
5656.537730000424
5832.957000826774
5167.855538516153
7120.373150893479
6143.138085898627
6228.529123640452
6506.738633702527
6515.717484564919
6468.837011992099
6330.490111875732
5569.388013182328
5046.827343277775
7102.369396674223
6774.331133501924
6560.26522874088
6796.389588793816
7543.164487071395
6990.207097939005
6978.371844951925
7363.790188317205
7376.8026936617225
6742.25262489369
6132.119887480327
6183.079055164964
6114.223488788288
6294.699617182994
6154.967056221766
5778.160263292439
6528.112957785505
7578.724287930492
8514.829816650803
8762.534937620077
8082.850469812786
7494.959868991333
6916.451322735537
6757.230921498936
6690.4719965703
6269.847367709077
6330.490111875732
6456.790833101952
8484.771938332744
9437.20724529498
8164.160121886776
7069.701236614974
6646.656061375774
7569.888522478392
6554.783863897459
6784.339200306024
6246.989510233724
5307.132280910113
6978.073131248567
8247.525562896155
7640.125503708683
9293.496851680582
9984.342754289637
9411.22473396068
12075.036138137802
9400.173641544525
9087.441628891675
7973.536298138717
7868.516029312659
9264.549559619449
9997.554008993564
10885.013492797507
9522.226640581546
6109.368288595061
9176.330003628735
11670.472156705335
14150.339851638373
10048.752787226695
10112.734233779523
10258.744786699175
10111.6757347475
10183.723145695649
10089.398212648779
10106.060376948262
10169.043112788182
10191.721148034154
10077.717941476856
10108.9453021602
10200.419972697597
9939.863768313771
9151.527201586032
11331.06661964043
10161.682661990199
9876.63582034288
8454.732410218643
9701.848613386705
11568.337964436885
11088.226036196109
8871.699291459547
8890.756463178845
7959.86980870593
7970.270889927953
10931.393975140638
10123.45817764066
10088.524039992883
9396.510467901528
10923.885731569944
10158.253779025454
10132.387986076857
10152.032100072876
9231.04132192225
10591.151275041779
10619.150413529826
10143.926613151878
10022.655496102907
9205.931599710813
10842.248497156153
10506.765607036934
10143.741307740816
10164.277823709643
9557.467710670939
10311.720954787725
10557.037121196263
10135.195664976474
10148.915283704304
9877.47771532588
10252.170025187374
9348.465156050876
11122.942823478736
10053.501333065233
7809.918503748272
6444.505995483758
9128.457591939989
12974.482408277381
13100.031019334569
8474.940829416626
9260.415591549645
10614.851488854958
10700.764812177353
10091.409736017664
9814.679281316332
10273.094793696904
10391.515905480534
10061.775066094888
10230.100933399977
9214.778409189126
9920.266953995066
11258.094433152191
10183.344306453466
10138.263788881868
9223.646044783412
10338.895978826078
10760.100093251833
10143.873536933053
9971.416224491084
9086.942413157103
10166.378474298295
11414.598132055726
10150.558204981811
10096.983441233482
9289.373201011418
8645.147803655378
12156.323959554713
10536.060282950279
10005.973354853819
9673.602532291687
9231.04132192225
11579.879282067925
10202.870126255639
9944.808879621687
10036.089095375668
8560.570052814606
11980.559990943499
10172.807118998586
10144.431988576383
9950.922835420566
9406.809377402313
11103.509762099278
10065.25949128124
10147.591138197062
9809.872403540372
9214.268060931194
11348.501202152473
10214.90186814862
10140.27877254068
9338.82569815506
9027.918163665965
11956.19777378406
10343.805798531263
9626.09830698578
8296.588403020685
9174.043157095322
12570.634376043428
11004.639157119007
10173.006451015295
9687.728481511618
9168.279558712446
11011.477300655559
10681.708115009395
10123.621652394639
9502.60149636616
9361.592260451249
9466.88636582137
9761.705442745355
9497.648211320546
8664.572691297137
9135.886754498926
9663.06014113593
9411.885268513415
8795.560924793032
8926.283511813708
8773.02592995679
8681.23894246547
9549.648522113654
8901.695689708986
8376.080247676142
10811.523458055077
12107.919084901023
12001.48067258418
12502.964001633114
9432.325581794228
5783.427030406324
9387.77013748375
11084.7873004387
12588.151814615845
11995.92586917204
9210.11655341272
10999.184260977636
10484.990769806704
10320.870290547768
9934.96553963822
8673.727277520056
10252.485618190905
7980.075288297946
7767.728793077189
7586.092106547089
7053.749681735088
7117.48031457447
6616.9206178855275
6862.075532692703
6736.380288374047
6472.30676364534
6767.437866223208
6567.338725003177
6636.2024651175525
7645.744895194292
7669.158566833179
7367.917885027358
7139.674299273885
6636.2024651175525
6294.638314150252
6298.7701385571145
6308.411062173127
6210.786907281314
5944.38175314449
5583.964516169901
5078.504663730388
10039.367066924005
11082.883335015762
12694.090510249662
10808.563356421611
10064.431530847074
10223.811242240568
9227.606093878841
9465.398729229
11744.968349244195
10140.354175346354
7800.049304574899
8661.066157824249
10685.90013193119
12527.947010455417
11004.578927859
10182.231438565574
9038.872661749074
9481.837528385739
11912.707564730708
9221.412658912788
11055.194798560278
9009.373642393253
9517.710650502828
11909.313606289856
10137.602377539588
10149.274793161389
9553.135629690449
9574.207525478563
11300.094053386947
10149.274793161389
10113.95488066006
9455.782326826084
9396.562734004052
11548.868121237783
9962.995446002042
10054.745651673717
9506.737407641873
9975.963080861562
11264.87569175364
10103.808512212177
9920.271319049181
8719.998806634296
9796.010071679593
10257.02113851175
9618.603181790873
9008.830088836268
8612.39190502888
8961.042331378856
10481.530275995512
9278.878121805858
9367.044143496505
9114.324434448872
9096.113346855422
9839.849913828371
9688.242777823674
9691.005475320562
9100.208389442636
9756.490049904754
9681.908780269905
9264.230783849185
9141.301855724538
8976.282265318709
9088.844873061877
10187.793667069769
9587.050095605751
7733.677965360517
8674.1931805689
9457.028821825188
10474.138267178003
9632.917936987928
9634.501101615499
9230.326119873585
8821.324399040093
8169.364792321716
8089.595199727324
7143.6485358179325
6826.581280873944
10098.244160499842
8558.236450701532
8217.976010897228
7684.308589658342
5458.142084899796
8682.603956661209
6898.76902126188
9122.865249880639
9423.966052832588
9283.725148261386
8468.314467635639
9479.011938001233
9044.493568054571
9562.61479266464
8900.442240078206
8694.934039980202
10724.620237929332
9109.434363179877
9813.620389552165
9451.409377157102
9481.491059645683
9813.326134995
9244.814069945125
9520.17897230764
9371.010599034995
9117.995965554941
10496.212730751187
8518.614257205456
9182.019330072284
9595.74941118437
7390.89592747606
7169.870098661313
10600.941301869962
12420.920897456755
9558.069736316478
9223.078713256129
9126.363020517612
11243.76292727703
9987.257863538944
9470.048645058996
8685.493372937817
9189.183423357332
10150.599073670306
8632.862356798862
9401.32071253741
9357.865036060488
8136.688189480318
8667.220982311623
11446.631010098245
9558.706031932341
9135.335557966431
8950.419021038073
10137.713176187777
9871.931834297086
9755.01060338123
9622.669616296145
8896.245025769753
10377.211864507219
7846.929188049506
9552.845343601337
9189.899717316272
9164.441707150509
10174.866900898744
10634.177830289502
9669.039230262773
7409.194852128881
8533.599307985349
12288.150001164759
9735.565281395226
9629.735812536961
9172.877004455913
7974.684708285433
8265.800550174285
8803.062096978261
9371.57924244849
9381.15201476504
9312.088018077038
9534.98175826089
9228.057907662103
8631.759221304357
8679.154639352215
8672.979380520594
8703.622723154278
8877.490384619316
8815.06346294293
8366.668560249234
8166.432420967109
8655.20967476289
8098.86830514688
8329.74778706269
8020.866326284983
7718.078386961908
8399.036561537414
6872.386057719838
8908.621684666177
12199.166605704206
9614.71180082086
10494.897339897936
10798.354658428852
10158.825940664387
10169.177979460215
9337.876160517497
8678.627433270627
12353.041304757404
10057.098001940394
10204.04865404847
9292.765302156518
9394.254516296594
11098.719951807643
10124.459460508791
9775.438839780869
9650.93031439056
9331.623251177734
9008.678379682699
9111.21841412324
9008.445923164414
9047.261697005593
10338.60032217724
9602.852389244832
9345.084609190335
8317.645721570587
10896.652895280935
8536.982846436878
10990.224764446104
9252.92241774257
6964.167088426292
7456.989596884344
9440.029799095966
11773.901298400237
11675.054283835494
12591.55914455296
11087.068288717666
9398.4394699985
9921.55868273678
12022.405441093713
10779.1227209065
10113.858122713142
8758.141553606845
11016.181193320394
10774.733456489797
10332.526040506593
9496.180355826655
7866.746415100817
11673.844603383717
8839.80945382676
9606.984213651696
8911.390961726065
9634.092786264078
10379.509920270511
9773.634464728482
9444.392223342478
9688.754285592848
9269.833881041874
10085.55655593023
6305.942593388018
8648.114870440128
11652.237295048635
8653.330000887137
9515.176022715683
9695.853091045952
9038.775570999918
9462.68504831292
9170.35949324461
9842.191689679144
9084.543421142436
8380.997122435643
10361.506027518524
8954.834377596439
11727.206817224192
10120.213203774143
10084.481248067983
10131.708211740139
9005.053822019314
11374.763421379474
10100.061159686124
10087.165841336184
9974.340593928304
9241.503706177016
6388.065560942566
10483.645302216933
12367.664121500977
12490.809653674647
8169.074828686878
10960.22575616431
8229.709411364192
10421.775082442364
10169.970705450654
8123.311867735846
11082.136358482257
9967.119096671206
11398.52856373942
9917.48816136266
8808.36099802972
10953.149770256668
10844.402277039848
10212.674524625632
10149.9568881676
9402.130530304546
10381.903589946465
10683.7801575161
10095.994418971899
10152.916328307983
8812.545951731627
9920.222276622988
7523.723251954239
6728.124894953742
7238.274612598287
5759.885180943718
5539.891722496701
5465.518883173176
11089.063007339118
12961.54374968619
12047.480704590773
12365.568633703604
13014.447755859304
12958.995081724981
12462.074878793686
12689.325221171126
12990.948402872089
11075.159152890174
13716.772223677603
13117.870201862714
12989.730515954932
13188.904069336182
11723.7248049644
11916.268126083478
12410.16009562527
12626.526394429435
10937.431672661423
13767.890779247371
12757.314371351704
12810.525403772426
12560.073906936275
12196.048324772026
11974.427413557385
12262.750540815785
12079.192483757763
12614.952381847601
12637.610684988531
12670.169228226674
11814.770064546003
13950.99147108967
12807.801622043626
12624.907994365025
12611.549865118826
12601.764056070206
12513.034046478326
12270.24567778497
11563.376415652456
11427.293253193868
12567.432954535041
12331.31599172212
11960.293609232802
12182.729219191446
12483.870150368166
12204.524490765925
11789.964775277385
12215.706163938205
12121.896176366374
12829.635602512772
12966.157456430912
10181.014641752297
8598.531022078989
12152.139005852805
13317.696690722376
13118.863310993147
10709.859015833488
8988.31400721169
6054.661462175416
11860.6973249738
13505.971528419474
10636.549016050345
8938.094562788814
12784.067014840648
13340.665857194177
13526.735337171238
11038.70672914644
9465.398729229
11009.910033926928
13233.949537795568
12336.931915038313
8529.601169234153
8410.739602991634
8227.19190015289
8109.1181722214715
8532.709867867445
8046.670816200839
8808.02587478406
8519.096160692885
6279.607272800184
9595.487851578002
8613.449346619314
11799.036155468744
12907.523149046883
13250.689352603193
13380.422917362286
10831.786112901387
8202.521012118697
10863.173265665682
12834.286459263523
13168.885865702317
11200.135202195394
8267.58873734366
12271.410186357134
13012.146991594538
12721.936548343117
10963.612154511433
8879.203592677304
11892.671876334618
12871.951042580678
13549.913542289489
10461.417710282685
8237.11481771952
11543.228242225447
12463.91805664482
12453.455672390055
10633.00081206084
8511.229285194378
9657.90659951669
11976.370950372744
12508.717128965276
11064.051043357184
9308.590734264282
11965.908566117978
12499.490163111022
9584.66990973333
11538.777809442552
8097.928452131246
8841.107010262964
12040.120064394152
11140.070890827064
8443.938989587068
8477.749655579128
8588.242241794691
8413.557206559752
8196.915346853573
8306.956043588816
5837.043869676291
8419.119435063945
10231.380123349876
10120.760885027838
9772.44012128503
9231.04132192225
11165.650602956197
11104.870689426167
12282.62046761136
11573.941061629575
8703.737155482064
11131.15244886727
12240.990725589974
12449.270718688149
12007.758103137041
8119.936114066145
11302.593404365838
12599.929051956773
12748.494908374445
12446.005535030617
9323.25273422091
9205.90651507324
12775.106438295725
13679.647107048584
12855.211227773054
8783.251275818284
10061.754631750639
12750.587385225397
13349.052487689705
12566.449422341522
8666.072572164909
10401.95701674429
12861.992441463855
12946.861294930517
12521.259447752207
8055.069331686598
10695.775117589434
12527.947010455417
13533.173727481864
12470.19548719768
9385.884608892782
9095.030326610298
12391.655486953914
11852.706385855185
12434.742673119516
9498.87835884425
8858.580442452596
12660.610880634413
12477.361331997947
12624.297295884691
10009.442710476811
9197.544969215285
11311.001014055255
12296.51990856857
12336.27696873668
9459.121298676142
9580.484956031421
12170.971297511383
12210.728357679493
12516.229977918647
9766.130087556192
8805.893592894163
11415.445008037721
12589.466667702007
12364.570439510127
8821.275405607332
9708.126043939563
12272.409296925605
12687.813079696803
12499.490163111022
9795.395498059033
9170.349020387499
12721.936548343117
12656.425926932508
12603.351581660936
9971.778127159656
8862.765396154502
12434.623380731477
12771.51215373493
12528.784839024367
9778.672406343125
5849.5987307820105
8460.289308202206
12156.323959554713
12422.068519625758
10266.817363144044
8975.759146105971
12323.722107630962
12268.322685549083
12835.849009544614
8364.081572267489
8852.303011899736
10209.180251759295
9536.256983825522
11009.075907247483
10099.81155447735
10010.705303901363
12765.23472318207
9997.324272963551
9417.68862227973
10154.251979106353
8634.138736259372
11587.170256095462
12606.206482509631
12226.51495625931
10434.215511220296
8720.016164576768
12273.502663208088
12677.350695442037
12761.049769480163
11256.55891364487
9009.23877572122
10369.348728840749
12357.20173724621
12930.540394407366
11423.806553895676
7521.487734693553
11627.281298833954
12326.853506554766
11815.274754062451
9500.174473094881
8103.1962992585195
11468.973922098558
10566.748581141306
7975.5470376126805
9642.066467446006
8795.806136924002
12481.866439163157
12219.098265083305
10465.02232860796
9163.881806118125
7705.009033570403
12365.571644650023
9345.900287725344
7316.5762174475785
7512.656011109744
9444.473960719468
9037.70790412696
9015.262820405409
9923.884858262005
9449.851576480349
8498.674424088658
10551.737511857029
9798.314690094405
9467.71270700787
8606.64132535522
8693.761831273525
7582.447061356979
9834.205947947186
9819.084533203972
9162.124452512831
10002.343758043407
11817.244624847917
9841.806435811981
9603.596199375444
10551.586297709597
7768.40000310602
11375.727665212438
12884.024152259251
12583.189237149147
11608.095024604994
8649.332757357284
10214.505441870217
12518.3224547696
12118.659376237556
12009.850579987993
8341.738660267176
9828.841681490852
12810.714152476108
12581.096760298195
12733.847570417773
9260.256563149944
8728.394450266269
12306.982292823337
13365.775579405614
14262.551372671238
11784.374155512116
9354.497456128485
11710.626390301697
12240.023033592837
12411.606135370992
8929.724655385002
9061.550696995047
12495.305209409116
12587.374190851053
12662.703357485367
9279.168289494173
8837.655673943063
12882.413426835443
12429.282443314709
12999.225580489903
9128.50995622555
9381.699655190874
12156.323959554713
12461.825579793867
12756.864815778257
9649.536692112875
6692.866901716117
9208.024076561767
12650.148496379647
12604.874906331752
9855.273875504285
9452.572117882897
13080.913865962546
12936.817824960224
13123.290749524933
9624.871019042981
8306.166553800973
12821.731598157803
12863.581135176866
13290.446412771302
10417.47569641267
8695.367248078252
11814.708822755052
12829.565295277487
10258.774405248194
8211.96857906953
8312.443984353831
9895.807322115968
7685.964708372194
8915.804780083545
9515.548696881433
10251.099747317556
13336.480903492271
10383.993612221535
8954.99785235042
7238.02812920462
7223.477345055564
8967.768781589428
9483.744683494486
9018.887873074931
8801.91191898518
9912.212013677934
9752.525787120723
9308.402550113053
9969.763300816841
11053.122756053574
10322.505038087575
11742.013543065994
11597.4569049897
10833.62520388367
9373.668957901573
13194.584817037014
11518.11852001401
10380.599878783469
11048.672155876448
8145.699735293505
7347.5529481428475
8418.397879754695
11712.71886715265
10239.737353702962
8788.809744730414
9468.972669499795
7506.5270292154855
8582.381671864483
11386.361955174405
7404.585386663241
8564.089231444264
6862.015781118665
11083.969108476835
8132.917675308927
7938.348291889013
9047.000398697533
9427.244932574005
10313.599750864476
10308.115172868424
9180.993525991056
9357.374611798547
7987.946597702117
6700.934380825065
6972.257516875703
5089.935566495126
8311.839127764102
6907.52560116819
6863.45280749499
6559.075076189452
6960.52298730383
7142.966028720062
6325.304973575145
6323.9575112766925
6073.259260017723
5346.836211783178
7811.908621069828
6964.691675349534
7125.850221978282
7205.749622586951
6880.4541819089845
6717.806341816451
5487.555280009776
5308.5095557124005
8698.992300747774
12299.678482516414
11711.064155728973
9463.024050205342
12192.815582875337
12400.017032811866
12570.634376043428
12416.934725069514
9302.185534854656
9063.643173846001
11762.938311575524
12212.820834530445
12541.339700130085
9538.63541901236
9139.014148209604
15000.0
14127.426385746332
11129.792415670527
9947.993709966704
8468.667593891707
10769.515590510735
12223.283218785211
11907.319214291289
9153.619678436986
5850.453315922339
10168.47095114925
12698.942297233742
12247.2744398571
10215.563177421249
9042.580163622593
10458.04800730193
11562.349584740314
11861.284723570323
10539.573079416987
9637.438447577235
6485.789343979899
8538.218967076593
10045.754540204776
8608.382331485116
10971.982061915245
9119.26162923461
8657.571754047198
10448.952760291657
8817.442020613349
8918.918974146876
8832.94760102842
7960.595523928709
8166.002023358449
7463.0945525716415
9375.938223471861
8562.444665600913
7608.700193119578
8391.491637088751
8735.663774934497
9280.427045099825
9595.614544512337
8919.931848044642
9499.92901550632
10324.724628399828
9228.233643022631
9659.320656138621
9006.37107835024
9689.015845199217
8922.372378324719
9607.597243979122
8824.111790575762
9100.56246906399
8317.81345092277
9160.95152115302
9598.700130493722
8810.91937792952
9772.257189926195
7885.255872699787
9757.855064100495
9248.265440915944
8604.328157586395
7213.280607276017
7487.358292931229
7166.453263998241
6921.298349191065
6770.77776095865
6630.288438615516
9244.750141680943
8634.805562708292
8159.353964119744
8967.928705390295
8662.250888435785
8557.24505568326
8306.195161882919
9179.526340074079
9477.769681236492
10518.993518634692
7952.2151033507835
7941.22959988328
8934.156274689718
9764.078199434765
9912.845478349609
10006.287647724985
10766.653684046621
8310.351507502879
11637.389700518339
12244.207987294743
11955.446181863212
11455.344214485416
9348.052794658466
10031.217874983828
12449.270718688149
12068.824097486537
10810.85379940321
8703.811872772023
10699.96007129134
12519.981723522505
8014.590369617894
11610.524727454951
8444.270025963879
5880.985883546307
10848.525927709012
12231.653126189023
11620.649885710714
9291.723150599892
11114.429357151359
12442.069582138021
10833.96441399818
11467.427040197623
9340.009305599913
9285.445720047032
12127.029283641368
12110.289468833744
12463.91805664482
8891.26660709313
9262.51016297202
12121.99563303488
12657.810438642697
9875.45471524537
7300.641515803309
9736.844471345124
8934.547160627433
8859.502531519454
8754.89568791109
8136.592182766036
8251.933804167871
7647.018770987399
7473.862100587934
7242.4883012018945
7690.402111112973
5000.0
9535.365923932744
7450.8094248099915
9207.82381998814
9204.076161253131
10659.275291894392
11037.244286621753
11028.331809612399
10321.896094628995
10414.831267264242
8693.2747712273
12294.427431717617
12989.50601579766
11333.980557130137
9859.463018349037
9961.31574290489
10848.525927709012
12206.543403977586
11938.706367055587
10775.7867499042
9561.652664372843
10232.296731531875
11890.579399483664
12198.173496573774
11018.016552636214
9231.04132192225
10251.099747317556
12102.749011713191
11687.609144941212
10940.59490915095
10457.23275658078
10122.43646042828
11896.856830036526
10829.693636050433
11720.641431853062
8594.341879234238
9484.231020887579
11825.712617104118
11957.538658714166
11788.048033786963
8766.51146101066
9538.277962926932
11869.654630974135
11660.794441591963
11680.924089027778
8919.000449702438
9879.70914571772
12189.803589169962
12164.693866958525
9492.960572750148
6707.632758869425
6335.053360203134
12020.31296424276
12135.39919104518
11708.099113066131
9304.40159141953
10419.568173263622
11972.185996670838
12463.91805664482
12049.607640156102
9762.530442064344
8247.577201974285
11863.377200421273
11917.781598546055
11813.1577559984
9090.935259526364
9689.293752280984
12243.085297012349
12613.236452189707
12222.139582788594
10840.1560203052
9195.469215456047
9754.160534660532
11997.295718882275
12080.994792920399
10340.054052927404
8800.371540962446
10758.549423118027
12491.12025570721
12101.919561429931
10658.110534272279
9498.87835884425
10647.021873162223
11993.110765180369
11758.753357873618
11605.670176306186
8946.464470192626
10031.217874983828
11518.11852001401
11888.486922632714
11798.510418041727
9222.629606789149
9360.955019823668
11879.95174404905
8750.461087477779
8219.406414994559
8909.181872339566
12305.922439683614
11701.259286898603
12086.422318064002
11062.698289767994
8380.695594151937
6174.846141564725
12121.60015451457
10665.800576140806
6219.6378929552575
9966.232246130861
11202.955541814594
11091.952096992842
11562.959645030918
10289.702489547515
8462.383879624582
10733.43970090659
12455.548149241007
10563.785601225407
11006.125291246106
7781.648167352545
10854.80335826187
12432.530903880524
12202.35845027568
11885.781962547662
9231.091591636388
8611.668174040127
10802.961773942552
9459.121298676142
10125.473588990724
9528.173034757594
10561.856599128434
11796.417941190775
10587.5711779296
9529.194751969973
8955.112284678207
10027.950992233393
8952.884941155218
8669.157352227212
8891.037971073576
7904.004684289711
8697.85686569517
8328.073578124562
8145.944947424476
9803.20178501236
8502.941115167556
10550.665267567496
10298.734226580567
10438.858194233348
10381.136483438575
5846.264173077589
8343.831137118128
11254.485250272097
12253.558154124226
11875.550500672647
8841.501307074546
10168.47095114925
9447.917741770561
10169.99959555544
9560.978331012673
9390.698940397513
9691.386229131938
10651.139291386939
9587.774195492002
9396.588955380812
8851.961891306995
8548.492220349755
8387.302494244
8169.534354423893
9017.960153846092
8750.64320670957
9282.060859900794
8007.24479240954
8668.250873261703
10329.603557745655
8740.61414721673
10776.411416171908
9893.679806194248
9970.028947292061
10073.796596939923
9661.049401661967
9407.03559111593
11767.12326527743
11654.07160508844
11112.630372900981
8569.651075398235
9390.069562594688
10662.295487974185
12106.104515131836
11888.486922632714
8795.839648432011
9729.599590161757
10129.841001232962
11066.85662359442
10899.468747918252
9775.08530317006
9051.088312740283
12092.730222532038
11687.609144941212
12018.966154818172
10141.268752086859
8917.169794279283
12281.8725706119
6738.088105536031
7460.184701950786
8706.06667072629
8236.579613460033
10959.297108287592
10010.268445792572
9104.25547370801
7865.781914052332
9867.154284612
12156.323959554713
11071.480970925608
10830.949272407532
10489.453630590378
9465.398729229
10223.918445842373
11570.982168582523
8524.446219053718
7564.250901246751
6462.5140858752
10044.242398730456
10297.87756640038
11475.670185259738
10199.466779062024
9885.986576270578
10971.982061915245
11788.048033786963
12199.339932220959
11254.447585651116
8410.790396348628
10298.20451590834
11988.210899307607
12435.785867870894
10974.0745387662
9161.989585840798
10591.151275041779
11955.446181863212
11557.87558018212
11177.044793308653
9235.226275624156
10290.817090142838
5580.126601436757
6497.903044383054
6457.156740820177
6541.002644093502
6509.629669999221
6641.7115643267025
5864.928575836551
5973.855891282749
6218.765593958954
6681.65253359304
6569.700935198199
7166.845603407795
6402.143007289356
6816.24710770829
7173.339638009678
6805.281385980903
7016.224051958816
6948.757386892205
6564.081490530112
6342.873202006189
7502.536923838338
7711.57411677858
7995.045488893729
8442.234765276819
8511.391943391145
7721.466057597534
6889.105066649684
6920.468399810708
6812.054728060173
7022.137751184068
7140.754312663546
7415.846261802366
6792.685990975146
5430.467199977196
7075.892337161776
6250.687975479454
7098.4210605566295
6811.063235713022
9226.263286385623
6923.111159847534
8863.811634579979
8133.647559056277
9121.648103427207
8288.2636022373
8037.496793827864
9413.589492823663
8281.244827556613
7922.135748618332
9272.764166006978
10334.1607880464
9391.30788385609
9770.332274698074
7932.385615692923
9943.433237933827
9339.829683827566
9404.818290899275
6634.073206446954
9093.959566971724
6806.551132446637
8880.984657485653
7210.161536788592
8255.164455620878
8394.59667558403
8159.145533808418
8365.348501610839
8009.535880471336
7987.8607734562775
7914.371176446546
8881.160392846181
8250.536095021336
9940.681440127057
7580.681943109968
8740.961878800523
10202.779974256573
9877.037781689905
7955.37425297146
7870.951803146971
8760.2340304578
6990.648038833857
7342.336357268141
6707.820754836503
7099.68200073482
6397.831585206348
7761.471553572944
5804.328484535901
5834.628530186226
6099.3390961072
7387.831921307668
7278.0125229835285
7973.7365547123445
8018.786110040579
7889.522535199179
7991.4408705684555
7516.780347686967
7097.6519601124755
7099.597184937137
7544.243420447668
7390.949056771104
8088.273786981234
7731.050108690277
8378.648320110055
7934.204272330959
8304.74283433197
8132.758446652452
8425.827062768434
8236.526537241209
7809.561019083342
7633.512036765302
5220.363968366
9280.570085509557
7878.5111101229595
9210.992706093162
7873.931130538269
8679.992447466366
7708.8338896242985
7888.435428085208
6633.897471086424
8300.777341521789
6975.614538040438
8287.481389420976
8241.687178825414
7172.761982211723
7311.0671182384285
7381.308133155091
7620.528024345405
7706.8572401184265
8420.533622335031
7727.6434069096185
6919.942349786955
8772.756818438613
7535.562911011292
7872.578376949079
6777.449033386334
7584.758453649249
9840.695895680221
8706.14023436558
8127.791075994917
8043.965309022458
8078.736389194155
7167.989926685661
7505.924938114589
6804.785805160162
8067.85305744789
7265.617049762941
7286.2761717972535
8115.371081561233
7830.324239913914
7970.965657632371
7703.453492080227
8341.401925183349
8440.174983376663
8301.327701083144
8047.611943299112
7765.582968181318
5411.805165883963
7755.926879377292
5475.74594314683
6892.412123361082
7062.469705752263
7291.891529596491
7264.133516370566
7408.853629200841
7043.875806594653
6849.680059472115
6927.5757797439255
7190.884198529913
7078.592178360821
7467.271332535849
7856.361995728719
7761.553372769131
6382.677642906565
6654.10703754729
5533.844646816327
8593.019791479777
10733.517351414732
11005.461691530496
10802.491436988043
10511.755673902197
9502.488260294691
9891.466596937404
9173.481028157285
8302.316895165039
10137.010373560388
12232.612439900473
11850.245392651357
10617.697873248964
8501.446276540571
11556.065870473187
11905.226737440338
10799.867022106455
11350.797871080389
9385.884608892782
10030.367478986343
12822.275098638569
11118.30044319671
11382.107524702056
8348.016090820034
10882.005557324263
12292.334954866665
12048.832106777778
11783.863080085055
8961.111808149299
9859.463018349037
12188.887999898516
11985.453012060163
11562.060533884025
8465.909706644265
10177.837874550112
12094.820608996528
11937.277869345528
11921.966552247963
9147.37569406756
9582.97959059547
11656.221992176917
12256.762848400462
11892.671876334618
9699.75613653575
9394.041296877216
11484.85044211242
11813.1577559984
11664.59189958073
9423.549192209939
9109.67766456697
12142.899497679766
12173.964440073958
11930.336459651775
9367.052317234204
6602.890397125133
8971.783231050513
12046.195583309052
12041.23773275229
8835.563197092111
10214.505441870217
12072.624885516587
11838.267478209837
12089.364700324211
8496.581947237706
9547.005326416172
12101.919561429931
12269.31770950618
12193.988542871866
10015.72014102967
9264.437336078921
11105.733014662455
12608.298959360585
12176.345681111583
9890.881589684668
9055.27326644219
11402.90268925079
11796.94158404637
11532.765857970684
9034.348497932657
8620.038081443941
11917.781598546055
11871.74710782509
11999.388195733227
9775.08530317006
8900.429979471659
12378.126505755743
12036.289787990845
12023.280031027509
8885.782641514987
8866.636164143052
11821.527663402212
11660.406945878822
11867.562154123181
9984.332988265374
9762.530442064344
11105.900580376245
11860.6973249738
11794.847012623994
10114.066553024468
8674.948353093128
11135.057014575712
11886.39444578176
12014.0355336899
10189.39571965878
8329.183799161456
11461.621645038274
11963.126261733745
12027.344440507673
10005.257756774907
9490.199074243694
11423.95706172112
11968.69644068116
11901.04178373843
10720.884839800874
9264.437336078921
10917.221586648662
11737.828589364088
12466.010533495773
10398.64340475409
9860.87685405914
11049.403705400511
11869.654630974135
11660.020224382892
10747.561301436246
9235.17192557608
10716.142730100615
11269.113774750589
11760.845834724572
10706.2375018442
9143.15729418222
11336.073033981089
12332.092015034774
10642.279645629244
9163.342339429988
8611.09845061324
12168.87882066043
10020.616209911394
10047.740758465643
9954.060730056997
8187.995023293392
12253.979858108169
10429.427811863921
10524.340204614236
9200.568940498997
8741.40173879922
11987.497414107153
9810.146444558542
10015.97761376719
7965.441790986029
6221.981959743524
6873.641371536838
6486.192561251586
7109.984997104453
7323.507547016361
8051.333933558139
7766.229875746927
7084.482710930229
8939.459576984553
8490.766958781693
8482.939007314933
9467.728244473226
9404.425558757579
10171.425757327448
9742.29226752153
9055.398689630058
12010.58786912867
10253.62903736665
10531.109463907445
10247.020095885644
8938.094562788814
11890.579399483664
11492.072904836034
8960.60094954311
9715.658143229222
8617.945604592987
10905.031425528912
10144.095638042782
10065.688183817903
8608.034321716055
9653.721645814781
11163.987247334442
10198.419526078515
10022.022092795627
9481.787073315567
8088.548961301848
8209.912618657128
11101.887038364428
12161.397011539706
8447.927773584197
9331.480210768
11051.496182251463
11138.468838238054
10188.578345888876
8207.269292310495
8062.320737950862
10681.127779632763
11687.609144941212
9877.616668866765
11995.203242031323
9770.900349468156
10062.96496551358
12214.913311381399
11804.129862709815
10880.644629997372
8535.693879407723
9921.55868273678
11781.770603234103
11859.192246719369
11817.342709700306
9000.868868317408
8756.049076755893
12133.306714194227
12041.23773275229
12187.711112319008
9046.903359038377
9105.492710865063
11800.602894892681
12003.573149435135
10965.925322280262
8781.15879896733
9693.47870598289
12127.029283641368
11827.251141541983
11855.589583872883
8703.737155482064
8469.379748175315
11751.99722882039
11874.440726674264
11896.856830036526
9574.207525478563
8674.442479568721
11783.353025787721
12029.439011930048
12355.109260395257
10702.623223647099
8975.553878106577
10997.091784126684
11829.897570806024
12763.142246331117
9239.411229326062
8364.75590562766
12302.79733912143
12164.693866958525
10460.273387004821
7570.403467953431
8879.505210962127
10166.09239347883
10547.662903614058
12302.79733912143
11089.16076556862
9431.668253238011
9993.51558938107
12164.693866958525
12040.470560919823
11070.125300482072
9005.053822019314
6150.915397319259
11796.417941190775
11968.001042968932
10260.539932591186
9210.11655341272
11026.386460040027
11438.439259147097
11845.116726761007
11118.455441481965
9590.947340286188
10301.269022465283
11836.738441071502
11888.486922632714
11172.859839606746
9574.207525478563
9076.302554274944
11469.991552442089
11901.670155165144
11942.222397088855
9283.455877195775
9321.017826513234
11683.424191239306
11919.874075397009
11760.845834724572
9205.931599710813
8841.840627644971
11840.35995506079
12367.664121500977
11980.55590407465
9494.693405142345
9243.59618302797
11896.856830036526
12282.955390800504
11732.00986995273
10264.724886293092
8266.409493632862
11570.430441287837
11666.684376431682
11888.486922632714
9377.51470148897
8965.296761851205
11678.83370256329
12279.780093760946
11821.527663402212
10517.158444974943
9686.695401905625
10355.619070541987
12091.000103073453
11361.182756192526
11507.656135759244
5867.123185346674
7552.288338080829
7782.793636099157
7780.717825818467
8523.672963870016
8349.532319163205
7616.688394961047
7493.390066329437
7694.877232503195
8462.285696589159
9392.996103644971
10592.62028961779
10716.23806991897
10207.96511255716
8423.691581747966
9848.681637412177
8564.387188320055
8176.8171547137335
8869.905470409136
8595.95416331373
7996.851884925217
7944.68927959347
7388.194507166529
7180.226012021116
7738.034690037684
7596.163002311941
5015.169323973543
9824.305309747679
8919.8583578955
8103.033969973286
7574.126605475341
8177.401576959215
7945.962194011021
7634.346617972987
8174.5489425022515
8029.619105117468
7785.440487095792
7311.782320287095
6918.490670291447
5681.065829478428
5823.060249039085
6767.043571334865
6689.916182406765
6442.006717995015
7074.175852244978
6776.684494950878
6749.138998905128
7311.0671182384285
7362.639316250494
7796.585924973684
8013.740590215102
7973.193001155358
8156.554458957824
8150.350592044256
8517.539410698033
7762.800870298599
7816.752693476382
7390.789668885973
6443.952067567385
7764.999728223222
6659.61613675644
7458.419174607794
12135.803791061284
10151.731136341623
7909.866907090289
9272.890858941313
11028.233872034562
12369.75659835193
11432.326969124933
6757.733684095663
9109.67766456697
11677.146760686448
12438.808334433383
12474.380440899586
9988.51794196728
9920.81868592835
11987.547583482537
12076.809839218493
12917.985533301646
9726.958335598141
9111.770141417923
12259.961139691128
12259.841868391353
12277.687616909992
9601.409724540954
8766.51146101066
12231.653126189023
12240.023033592837
10159.966177073402
8574.420451345622
9891.700018922204
10461.711964839851
9981.124796218503
9887.57636825304
8871.364168213888
10162.18125998984
10854.750228966826
11842.088700584136
11758.753357873618
10288.72670367835
9191.294734611252
10997.091784126684
12564.35694549057
12278.774617871526
10647.021873162223
8723.027241776366
11572.822441852193
12084.368676674083
12125.789297359323
10838.063543454246
9415.179284806127
11631.112269965477
12015.385923345959
12449.270718688149
10351.687302607277
9141.064817331266
11371.645140447292
11564.153010734979
12165.893748789142
11149.71901453234
8486.11956298294
10566.041552830342
12227.468172487117
11882.209492079852
9302.185534854656
7822.070675581766
10077.298446276089
11019.892425438142
10973.825239766378
9875.524192015811
7784.443719220971
9499.196733700452
12436.715857582429
12333.124665948231
11549.505672778309
9851.084732659534
9264.5209515375
11620.649885710714
12688.490364911297
10435.470159502298
5933.297804820135
8527.969100002003
11825.712617104118
12080.994792920399
11390.47743210587
9854.59942350628
10478.157525090312
12315.35220022715
12127.029283641368
11005.72926099795
8946.464470192626
10349.592731184903
12147.9540521509
12199.339932220959
11151.935071097214
9551.190280118079
9806.47245593436
11535.120156249432
12281.8725706119
10984.536923020965
9197.561692307001
10355.619070541987
12055.103266171243
12238.896154167598
11641.943298790582
7477.600556448752
8158.928753848122
8405.571464827794
8399.114212045555
8608.459981993255
8492.768898601105
8715.88741657168
8897.917465590497
9185.53812415172
9483.499720912063
10515.860257960443
11322.140697616052
12507.925460416427
10697.7531621126
10057.541069966786
9729.855925612448
7659.085855928668
11780.978658870376
10674.323142998315
10094.020461317581
9758.271924723147
7906.503475268926
12321.629630780008
10127.806606096547
10091.41303899159
9503.145049923147
7933.562633921583
12124.005000692725
10577.885943836442
10086.523560646121
9975.709694992891
6214.3681230768725
8461.009840771503
12834.286459263523
11933.225875928383
10433.128404106323
8624.223035145846
11453.251737634462
10222.417619962884
10099.599037297174
10143.937477445594
8795.348407612855
11467.704669649938
9967.74438760518
10060.079015522337
9953.444433500717
8242.981614090557
12183.735523886437
9760.494518641794
8127.414079695391
10188.646190366355
7291.112513601654
8341.738660267176
12039.40868098538
8603.77234342286
9246.587771025817
9533.988649130457
8331.092366914181
11564.65569560347
9909.240860024333
8865.217517464213
8119.2086514109305
7547.692737756661
8726.90561498998
8209.05028932988
7839.940642316829
8236.065182416038
7852.483136451045
8704.36653328489
8871.060898865095
8573.269345256394
8532.199009261254
7062.879746744911
7736.115780587861
8418.39605927758
7984.554496557017
7605.6591673151015
7590.76016169288
8139.691017388198
8086.844736991598
7689.445783802186
7050.762180606091
8143.334015054967
8034.095520750872
8484.546118475875
7790.35874943448
7827.017963014654
8197.643838370876
8253.323339576707
8056.172786275967
7166.453263998241
6740.875350091403
7378.108114845919
7270.194342874402
6236.792772454177
8230.33061542932
8070.549035403597
9067.350925268069
8232.643783198148
7612.236657497095
6823.249727446166
6650.514143912829
5932.855328797722
5901.64349601645
6150.961843093517
5837.509519085628
6539.793228957427
7889.522535199179
7330.7686146359865
6945.284162014087
7886.98050277478
7997.452654646097
8289.594300616178
7834.110811682893
8042.929588454651
7078.307676651841
7092.848756018426
6664.356904621881
6816.182424770326
6199.606352792414
7112.7026012509905
6824.2883433100615
7001.180287723741
6742.25262489369
5212.100319552275
6528.50121032621
7196.204068770594
6341.433948398545
6163.797207932939
6993.011971964597
7526.028245985366
7264.309480824844
7853.713390339704
8372.283918048472
8363.493063153159
9073.13022950364
9609.214915852686
8375.402198980653
8846.630437936605
8557.525335521716
7462.620475785098
7408.800499905798
7574.012842724469
6685.009117025075
7233.939729310328
7269.7488741698035
6911.657425575053
6991.539364107728
7015.687765761023
7527.299262197566
6776.684494950878
6992.1583795093575
5604.623638204213
9186.915398954006
7022.763042118044
8837.647500205367
7898.194221734873
8061.7357306981285
8034.553250062019
7235.157616227485
6868.96190670414
6256.19157109299
6223.585669171258
5690.6767486996605
7165.075989195953
5012.3954732205875
5177.678721784823
8744.590560151395
8867.032087233398
7460.6951155332945
8498.433417464372
6452.362843659693
9514.32017430658
8567.668821277424
7331.57093925646
8979.498631103279
7324.018405622552
8363.81592579227
7950.989042695928
7797.245123445917
7061.780379024391
7206.447362559622
5808.382658434623
7998.765490835944
6928.740320545167
7969.185705806216
7860.816421582644
8682.726562726693
8043.699662547238
7652.79065709086
7529.73503603188
7685.579605870542
7195.719331829639
7114.32933869149
7222.709013711854
6552.009835320575
6655.766936308005
5738.853583420561
7564.299563642804
7039.743982187791
6855.189158681265
7619.57667395083
7824.21413826508
7083.996336268941
10061.856803471877
7068.6333354318995
6771.573826590437
6253.320070081627
5971.380498092477
5805.137754114423
7644.473564607565
6430.4858347082245
7547.0837942980825
7742.861777400315
7082.39232446574
7034.896636637397
7012.304744732128
6890.374813115418
7003.187607155303
7217.412431682878
6651.352487942715
6481.89206746681
6823.29992241957
7083.763646565947
6749.424789846784
5108.917758964084
7458.541780673279
7686.347937214251
8069.177202955134
7634.842272283876
7660.285974560877
8578.051677273497
7557.766869470723
6289.213144774209
6342.812601854288
6219.042300701619
6224.2484046603695
7351.008087504766
8164.669502524412
7864.739762495704
6952.062882418141
6109.421417890105
6475.723386003537
6874.180838224975
5934.797685687908
8030.6666377861275
6933.693822411653
6097.688017423139
9736.44804506672
7636.103971578279
7141.192327639372
6654.577027464985
6448.893092006452
6358.708157104143
6927.469521153837
6633.582782185012
6390.912683638343
7623.835081056804
7174.716912811966
7556.222033045604
7200.335051326587
7014.311866857639
7084.528161044154
6907.52560116819
7079.684951454128
6787.702693369178
6494.34316048194
5980.6196592287015
5778.160263292439
6320.8065353937145
5805.149945174655
5481.224720161873
5236.650483685358
6655.766936308005
5450.368860348013
5061.977366102938
5922.774117532626
6908.902875970478
5787.801186908451
7707.722261297229
6125.233513468889
6023.664656421073
5643.835299792463
5897.983171091451
6329.785386256106
6072.181868933299
5472.405257184613
7032.857608176353
6161.095787623408
6238.251809130171
6005.042505197193
