5917.610358741261
6742.25262489369
8867.032087233398
9307.61902699009
8837.647500205367
12336.27696873668
10088.532221912501
9814.679281316332
6099.3390961072
12449.270718688149
6515.717484564919
12336.931915038313
10158.253779025454
8306.195161882919
9943.433237933827
9143.15729418222
7147.604624864265
7434.0141086086205
6174.846141564725
5554.134460437271
11062.173215252908
8569.651075398235
9481.491059645683
9221.412658912788
12094.820608996528
5089.522862148688
8235.982755048202
6784.339200306024
6978.371844951925
7217.412431682878
5822.233056965639
6517.138626729241
6068.979807189701
8474.940829416626
8852.303011899736
5956.1698538350665
8209.05028932988
9302.185534854656
5759.885180943718
6016.565714194636
9642.066467446006
6331.866010779117
5318.150479328413
6816.568248053322
6309.72491891645
9235.226275624156
8115.371081561233
5802.380447202936
5688.285930422693
5866.305850638839
12748.494908374445
11654.07160508844
9228.233643022631
11660.794441591963
7408.747370610754
9228.057907662103
6665.417510498208
9687.728481511618
9244.814069945125
5713.428347584926
7390.949056771104
8817.805751940956
9468.972669499795
7694.268289044617
8742.281660851617
6845.098679491806
9534.98175826089
10322.505038087575
8364.356300673484
8926.84749971494
7652.79065709086
9514.32017430658
12688.490364911297
5254.955226308319
5854.98843299552
10566.041552830342
8034.095520750872
5996.538013397573
5829.119430977076
11597.4569049897
8410.790396348628
11532.765857970684
5551.731332560321
8548.492220349755
9197.544969215285
9708.126043939563
8617.945604592987
10856.192893670708
8255.164455620878
11024.40024177916
6333.469698523945
9180.993525991056
11118.30044319671
10965.616763682123
9293.496851680582
6262.082316894994
6919.942349786955
12240.990725589974
6329.785386256106
11562.959645030918
7030.229751506113
12041.23773275229
10045.754540204776
8302.316895165039
11852.706385855185
12204.524490765925
9936.46758029982
7313.684196353462
11605.670176306186
7244.242725679963
12121.99563303488
9196.249807406306
11817.342709700306
10247.020095885644
11156.639240868382
12281.8725706119
8858.580442452596
10044.242398730456
8267.58873734366
7980.075288297946
9396.588955380812
9812.691074848999
9490.199074243694
8582.381671864483
9244.750141680943
8703.811872772023
7645.744895194292
9508.449805689821
7764.999728223222
11467.704669649938
6057.85390691644
7834.110811682893
9587.050095605751
9574.207525478563
10587.5711779296
13716.772223677603
6959.097799180256
6951.093666538475
6054.126323240507
6829.906710122627
8109.1181722214715
6983.780093819855
9762.530442064344
6757.230921498936
10489.453630590378
8584.022666066967
5170.957164472529
5279.586784864363
6916.451322735537
7612.236657497095
6417.21577155384
9008.445923164414
6023.664656421073
10658.110534272279
6472.30676364534
12046.195583309052
5804.148662306523
11350.797871080389
12810.525403772426
12603.351581660936
11677.146760686448
7069.701236614974
7636.103971578279
11788.048033786963
8482.939007314933
11089.16076556862
10995.328300218116
10061.775066094888
10971.982061915245
9394.041296877216
8136.592182766036
6054.661462175416
6802.746457604253
7169.870098661313
5787.801186908451
9890.881589684668
7342.336357268141
8132.917675308927
9465.398729229
9558.069736316478
8020.866326284983
8808.02587478406
8915.672453897552
8810.91937792952
8166.002023358449
10802.961773942552
12147.9540521509
7382.023335203758
5673.791352996261
8697.85686569517
10577.885943836442
9465.398729229
7460.184701950786
7738.034690037684
12306.982292823337
7026.87034531181
7574.126605475341
11041.073939949274
13168.885865702317
10880.644629997372
14150.339851638373
11727.206817224192
9622.669616296145
12029.439011930048
8934.547160627433
9205.931599710813
10551.586297709597
6055.310331198909
9775.438839780869
6975.614538040438
9758.271924723147
9595.74941118437
6571.697029718553
7975.5470376126805
10928.985131363199
9923.884858262005
7973.536298138717
11827.251141541983
8661.066157824249
12449.270718688149
9000.868868317408
5583.964516169901
5569.388013182328
9105.492710865063
10699.96007129134
8704.36653328489
10062.96496551358
9479.011938001233
5279.303349690266
9547.005326416172
7078.307676651841
8800.027872445555
8443.938989587068
11637.389700518339
11708.099113066131
6990.207097939005
10798.372722407232
11573.941061629575
10096.983441233482
9766.130087556192
6655.766936308005
8706.659352447978
10214.505441870217
12176.345681111583
6922.494091076614
8029.619105117468
6749.138998905128
7205.749622586951
12080.994792920399
10539.573079416987
10422.463719843505
9109.67766456697
9104.25547370801
10161.414972080554
7388.194507166529
9302.185534854656
8783.476053605007
5901.72265608876
11507.656135759244
11562.060533884025
11038.70672914644
10200.45679133588
7731.135932936117
8532.709867867445
6841.41641065839
6012.296979681314
5783.427030406324
6218.765593958954
6157.918247092908
8317.645721570587
6430.001540749557
5729.293572458754
7574.012842724469
7809.918503748272
13188.904069336182
9179.526340074079
6214.3681230768725
5001.38278941611
6462.5140858752
7575.908480293731
10957.52067649123
8607.08270719097
7852.483136451045
10149.274793161389
7853.816789348885
6485.789343979899
6005.042505197193
5728.932413286368
5849.5987307820105
10258.744786699175
11264.87569175364
7166.845603407795
11842.088700584136
10838.631034385922
10227.893191332882
8879.505210962127
6163.797207932939
7797.351382036006
11987.497414107153
12930.540394407366
7705.009033570403
6448.893092006452
5802.767300635385
10720.884839800874
9877.47771532588
11382.107524702056
5911.735484770079
11535.120156249432
6630.288438615516
10463.499969961515
11804.129862709815
9561.652664372843
6751.364113226924
9813.326134995
12656.425926932508
11518.11852001401
9860.737352329641
5709.333304997709
6224.2484046603695
7195.719331829639
10150.558204981811
11564.153010734979
8150.350592044256
9280.570085509557
6148.978221484587
6036.928538237358
10229.077199291281
8217.861578569442
10515.860257960443
5671.704001034927
10613.766460872203
12436.715857582429
5428.332463511413
7516.780347686967
5094.192349130411
8127.791075994917
9109.434363179877
9574.207525478563
10158.825940664387
5901.64349601645
12861.992441463855
5697.943201514103
5490.804766204963
10232.296731531875
9481.837528385739
5966.131709157161
11957.538658714166
13123.290749524933
6325.304973575145
10020.616209911394
10704.864313910763
6868.96190670414
11767.12326527743
9764.078199434765
13194.584817037014
12907.523149046883
8750.461087477779
8703.737155482064
7189.79673885776
10662.295487974185
9626.09830698578
7033.119167782723
9340.009305599913
6186.02861264173
6216.406034705889
6183.079055164964
12068.824097486537
13336.480903492271
11060.235951286159
11869.654630974135
6552.009835320575
10217.09651672081
8815.560017508147
6659.61613675644
6358.708157104143
7050.762180606091
11104.870689426167
6519.134106923115
10214.90186814862
6190.185168805123
7970.965657632371
11135.057014575712
9855.273875504285
9423.966052832588
7547.0837942980825
5106.050159776138
10990.224764446104
6797.543873558817
5450.368860348013
7049.24186539407
11701.259286898603
10137.713176187777
9795.164089827744
7499.398208561908
7694.877232503195
7627.239553043675
8380.695594151937
12127.029283641368
5212.100319552275
6995.166460211675
8866.636164143052
11942.222397088855
9377.51470148897
5035.809144859475
9841.806435811981
5706.887409936746
7898.194221734873
11972.185996670838
9481.787073315567
6920.468399810708
9467.71270700787
10266.817363144044
8801.91191898518
5935.623457748744
6877.438072698041
7487.358292931229
12670.169228226674
6539.793228957427
6862.015781118665
6846.263437113918
12694.090510249662
11919.874075397009
6181.060141953303
10320.870290547768
12698.942297233742
12420.920897456755
8667.220982311623
6892.412123361082
11813.1577559984
8756.06542423129
5536.562967818769
8253.785155756703
7781.648167352545
6456.790833101952
11737.828589364088
11687.609144941212
9997.324272963551
7362.026285923066
6579.840456813853
6532.440951897145
9710.493961869499
8666.072572164909
5914.496164677928
7852.336115537417
12657.810438642697
8567.668821277424
11652.237295048635
12637.610684988531
12279.780093760946
9657.90659951669
9122.865249880639
8202.521012118697
10200.419972697597
13080.913865962546
11168.67488590484
9520.17897230764
8366.668560249234
9061.550696995047
11796.417941190775
10071.403729104351
10209.180251759295
5060.60009130065
7735.664183621383
7083.763646565947
10775.7867499042
11666.684376431682
6354.117194824942
9385.884608892782
5950.356395398023
7589.704424058726
8896.245025769753
8263.703986454482
11860.6973249738
7151.90175719605
5061.977366102938
9974.340593928304
8719.998806634296
9726.958335598141
13118.863310993147
9770.900349468156
10550.665267567496
10457.23275658078
11620.649885710714
12435.785867870894
8955.112284678207
7477.600556448752
10160.03361040942
6187.399084177855
6974.767709359907
10290.817090142838
10706.2375018442
8156.095651791158
9243.59618302797
6150.915397319259
10024.862466646042
5993.394880546623
5873.114574142136
7234.801387720168
8841.840627644971
9049.684473290474
5696.206282253058
11083.969108476835
9387.77013748375
10547.662903614058
6941.3733602043785
10124.459460508791
9195.469215456047
9890.424915841155
10433.128404106323
12009.850579987993
6150.961843093517
9396.510467901528
9467.728244473226
10404.113678709171
7167.989926685661
10600.941301869962
10427.122750331957
6862.075532692703
7660.285974560877
8634.138736259372
9953.125657730456
8573.269345256394
5177.678721784823
8236.579613460033
10096.58701495508
9699.75613653575
8604.328157586395
8657.571754047198
9444.392223342478
8665.700892754938
11114.429357151359
8750.64320670957
7543.164487071395
12434.623380731477
8895.2008307787
6003.026172870312
7381.308133155091
6898.76902126188
10464.084377888637
9063.643173846001
5253.676371817124
9947.563429226262
8349.532319163205
12262.750540815785
9778.672406343125
6884.977369939532
7782.063454945977
7529.73503603188
10804.910863346959
5723.433002528545
9306.438889404575
9283.725148261386
5691.391950748326
9210.992706093162
9515.176022715683
11829.897570806024
12432.530903880524
8169.364792321716
6085.887183620156
5046.827343277775
12570.634376043428
6375.180288126304
5667.9782791094385
9278.878121805858
5436.451826665656
8532.199009261254
11817.244624847917
10257.02113851175
6863.465068101539
10623.652265251443
9304.40159141953
5610.132737413363
15000.0
9736.844471345124
11938.706367055587
9944.808879621687
6944.506879650315
12256.762848400462
9614.71180082086
11760.845834724572
7053.749681735088
7017.707585351191
5761.632965664989
8869.905470409136
9111.770141417923
12240.023033592837
5726.906841050636
13365.775579405614
5081.259213334963
5922.774117532626
9064.164249624315
10169.970705450654
7077.656292632133
11720.641431853062
5600.491813797351
11402.90268925079
7413.939049534615
8492.768898601105
9877.616668866765
10513.411125789597
8030.6666377861275
8387.302494244
13349.052487689705
12196.048324772026
8440.174983376663
7324.604871302457
9598.700130493722
7112.7026012509905
7312.005981241789
10808.563356421611
7043.875806594653
6857.94370828584
5679.2764280439305
8588.242241794691
9113.133112179237
6711.380417604432
6738.43957625709
6804.017473816453
6226.220042740474
7494.959868991333
11005.461691530496
7505.924938114589
8176.8171547137335
7644.473564607565
11888.486922632714
7616.688394961047
9264.5209515375
11374.763421379474
11781.770603234103
5602.768199746532
9038.872661749074
7390.789668885973
9135.886754498926
11963.126261733745
6221.642749629014
10120.213203774143
10848.525927709012
11468.973922098558
9885.986576270578
10355.619070541987
9341.386780859233
12079.192483757763
9173.481028157285
9180.478580516017
10747.561301436246
6761.395518584832
10429.427811863921
12481.866439163157
11888.486922632714
12189.803589169962
12999.225580489903
11838.267478209837
6420.703914116903
5965.812933386898
11890.579399483664
12281.8725706119
9629.735812536961
7731.050108690277
8103.033969973286
10758.905532987512
12022.405441093713
9163.881806118125
5078.504663730388
8034.553250062019
7426.226908680142
10308.213841559218
8795.560924793032
5541.268997298988
8723.027241776366
6850.983770635112
9415.179284806127
7857.996428893999
6666.982717857696
6728.124894953742
7098.4210605566295
9013.019129407025
9231.04132192225
11087.068288717666
9513.305005883049
11879.95174404905
8942.945676113191
5509.130220670843
9813.620389552165
10679.681028060033
6811.554776806992
12135.803791061284
10460.273387004821
11446.631010098245
11687.609144941212
11187.760277637062
6828.5655149007835
6309.7883369754145
5588.689161562733
9005.053822019314
10724.620237929332
8498.674424088658
12055.103266171243
10591.151275041779
5773.65653382027
12442.069582138021
12564.35694549057
5028.9227708480375
10332.526040506593
7015.687765761023
10125.473588990724
7788.767389662169
7809.561019083342
12152.139005852805
9231.04132192225
8078.736389194155
6219.6378929552575
6138.771890404288
8805.893592894163
6646.656061375774
6246.781411290143
11386.361955174405
7816.752693476382
8462.383879624582
12302.79733912143
8304.74283433197
12660.610880634413
6038.130188135031
9601.409724540954
9341.864944514626
10421.209028651381
11105.900580376245
6615.533125911116
9204.076161253131
9260.256563149944
5980.701396605692
10196.394482563579
11933.225875928383
7408.800499905798
9498.87835884425
6436.260580392593
8760.2340304578
8465.909706644265
7456.989596884344
9891.066554250528
10971.982061915245
7390.89592747606
6603.440080985393
8236.526537241209
9095.030326610298
12763.142246331117
12272.409296925605
9046.903359038377
6689.067349155928
7755.926879377292
6860.036185136794
9999.46257674629
10005.907568921979
7564.250901246751
8003.083639911805
12566.449422341522
8674.948353093128
11549.505672778309
11336.073033981089
5728.930371893335
11850.245392651357
12305.922439683614
7944.68927959347
10379.574074702241
12193.988542871866
6945.284162014087
12491.12025570721
9423.549192209939
6109.368288595061
9357.374611798547
8754.89568791109
9987.620874254811
6252.063874382838
7526.028245985366
10548.966614777055
10129.841001232962
6186.2055098348455
7955.37425297146
5975.772632773173
5220.363968366
9596.09429637151
10580.219256071705
7798.446662887675
8046.670816200839
8375.402198980653
12323.722107630962
10022.655496102907
10869.360785103854
7733.677965360517
10997.091784126684
11129.792415670527
12282.62046761136
10354.517481785848
11762.938311575524
9154.281751190607
12589.466667702007
5690.6767486996605
11917.781598546055
6157.471845471695
7984.554496557017
6273.116862788691
6972.429165367383
9163.342339429988
11798.510418041727
7330.7686146359865
7974.684708285433
12521.259447752207
8594.341879234238
6602.890397125133
5557.240480762905
5665.505113902469
9934.96553963822
10951.066097151226
12438.808334433383
6247.680191069292
8047.909137462243
9214.778409189126
7150.588039124414
7811.908621069828
10273.094793696904
6908.902875970478
9186.915398954006
10379.509920270511
10478.157525090312
5973.733285217264
11484.85044211242
12253.979858108169
10258.774405248194
6654.577027464985
9231.04132192225
10561.856599128434
6843.2638062890865
5985.139487126318
8518.614257205456
6228.529123640452
6172.261737986559
12513.034046478326
8423.691581747966
8317.81345092277
7114.32933869149
5525.271102598544
7039.0780471185535
12936.817824960224
7347.5529481428475
5891.403312243728
8859.208570922885
5683.8162500090175
11608.095024604994
5789.689320316928
8975.553878106577
6070.357081991989
5026.213176800808
9206.912448234698
12434.742673119516
8971.783231050513
10181.014641752297
8859.502531519454
6685.009117025075
5897.276142780485
6355.856627206327
10148.915283704304
8007.24479240954
8673.727277520056
7222.709013711854
9609.214915852686
5255.180004095043
9560.978331012673
6330.490111875732
9695.205408071812
5837.043869676291
8611.668174040127
5410.595452704506
7606.5640835339655
8879.203592677304
9757.855064100495
8781.15879896733
6741.590552140068
9373.668957901573
6902.01650195904
7665.741944474983
11390.47743210587
8148.000642455783
6577.386392097976
7460.6951155332945
11138.468838238054
10483.645302216933
5981.68517016584
9742.29226752153
6019.183353692752
7422.573247928673
9172.877004455913
11019.387697135227
9411.885268513415
9219.338572971657
12188.887999898516
8863.811634579979
12253.558154124226
5738.853583420561
8685.493372937817
6305.942593388018
7780.717825818467
6613.142307634149
5935.60712660449
5372.798985025017
11427.293253193868
9580.484956031421
10716.142730100615
5706.2142549650835
10602.648041311291
9440.029799095966
9289.373201011418
8795.806136924002
12156.323959554713
10338.895978826078
5580.126601436757
10015.074415751447
9807.398131728774
7623.835081056804
5580.759941471481
12302.79733912143
8632.862356798862
12198.173496573774
8535.693879407723
9984.342754289637
6402.143007289356
6761.984027699163
8766.51146101066
10885.013492797507
9915.127994602064
7329.372105632384
11886.39444578176
9427.244932574005
5890.036254613564
12121.60015451457
8391.491637088751
12212.820834530445
5479.845084875776
5837.252299987616
6886.075700693695
10183.344306453466
10381.136483438575
7125.850221978282
12490.809653674647
6506.738633702527
10064.431530847074
9681.908780269905
9248.265440915944
8486.11956298294
12687.813079696803
5347.424806807665
10231.380123349876
6124.645806182682
10143.873536933053
6277.254817498828
12294.427431717617
7973.193001155358
9119.26162923461
9538.277962926932
11627.281298833954
6559.075076189452
7324.018405622552
10666.218882069721
6931.414978625262
9506.737407641873
5864.928575836551
9314.400430530444
5293.800914722986
10095.994418971899
12164.693866958525
11199.718741685778
11974.427413557385
7238.02812920462
8523.672963870016
6100.442567027714
13233.949537795568
6871.232670656913
5823.060249039085
8841.107010262964
11398.52856373942
9917.48816136266
7743.172876298542
8649.332757357284
8881.160392846181
10984.536923020965
10183.723145695649
6073.259260017723
10053.501333065233
7590.76016169288
8413.557206559752
7303.7340605073305
8538.218967076593
6354.496638754715
12047.480704590773
12410.16009562527
9503.145049923147
6114.223488788288
6683.816602240657
9603.596199375444
10022.022092795627
8047.611943299112
8627.957295987479
12422.068519625758
6923.111159847534
9406.809377402313
11004.578927859
11732.00986995273
11037.244286621753
7235.157616227485
5932.855328797722
9124.93803285107
9857.943226779873
6806.551132446637
9128.50995622555
12834.286459263523
8715.88741657168
8484.163996238447
10997.091784126684
9170.349020387499
5837.509519085628
8217.976010897228
9473.133128526712
9044.493568054571
11660.020224382892
5658.999428247048
7075.892337161776
8502.941115167556
11917.781598546055
10735.793655544716
6692.866901716117
10531.109463907445
10188.646190366355
7503.441885617662
11751.99722882039
9686.695401905625
7165.53780537595
5375.616272927155
10027.950992233393
8558.236450701532
5588.97501737941
7878.5111101229595
5681.7510271323135
8241.687178825414
11723.7248049644
10252.485618190905
6486.192561251586
8808.36099802972
10631.711404938818
9283.455877195775
9522.226640581546
10695.775117589434
8706.06667072629
11813.1577559984
11587.170256095462
9191.754251671835
11300.094053386947
6948.984842212124
11875.550500672647
9008.830088836268
7294.989376184426
6442.006717995015
11901.670155165144
5419.318874263801
9962.995446002042
7843.978905598262
11202.955541814594
8695.367248078252
7270.194342874402
9239.411229326062
5533.005348485263
6771.573826590437
5913.5927441503445
10141.268752086859
11026.386460040027
6586.725765218128
9953.444433500717
6262.184488616231
10829.693636050433
6429.033670795667
7367.917885027358
10336.939858864072
12259.961139691128
12086.422318064002
10687.506011435324
7223.477345055564
7830.324239913914
5457.939784891745
6481.89206746681
9514.991929524263
8253.323339576707
10716.23806991897
11112.630372900981
11780.978658870376
12007.758103137041
10923.885731569944
10608.312037340904
5778.160263292439
10351.687302607277
8143.334015054967
5895.706058406351
9920.222276622988
12187.711112319008
7569.888522478392
6268.470092906789
12721.936548343117
5722.418546769828
7473.862100587934
10951.75001767571
9109.67766456697
10253.62903736665
10831.765678557138
7039.743982187791
10149.274793161389
9851.084732659534
5778.160263292439
7074.175852244978
12278.774617871526
10665.800576140806
9488.662512191433
11712.71886715265
6072.868462900017
6075.3538314400985
9174.043157095322
8399.114212045555
12072.624885516587
6812.054728060173
6999.176978920414
5184.743699029962
7099.68200073482
5736.101785613793
7684.308589658342
11968.69644068116
10088.090430948076
8821.324399040093
6000.906544829963
6776.684494950878
8311.839127764102
9141.301855724538
6397.831585206348
7689.445783802186
8595.95416331373
11867.562154123181
12332.092015034774
7969.185705806216
12416.934725069514
7351.008087504766
12591.55914455296
8250.536095021336
5070.16671637588
7870.293817262199
9773.634464728482
6026.335374179408
7915.474152393617
7264.309480824844
9798.314690094405
7685.964708372194
5458.142084899796
8693.761831273525
11461.621645038274
9222.629606789149
10542.1411518509
5667.596156872009
7408.853629200841
6001.278781263014
6408.757120712152
9848.681637412177
9182.019330072284
8477.749655579128
7166.453263998241
11016.181193320394
7242.4883012018945
7941.22959988328
9213.743422922042
9859.463018349037
9688.242777823674
6633.897471086424
9551.190280118079
10091.41303899159
7265.617049762941
11518.11852001401
12156.323959554713
10252.170025187374
7196.204068770594
9045.920467080068
8766.51146101066
8979.498631103279
10311.720954787725
7874.401120455964
7097.6519601124755
11455.344214485416
8078.98730821406
5824.987606570214
11796.417941190775
7988.0528562922045
9371.57924244849
8209.912618657128
11664.59189958073
6342.812601854288
8199.64640410714
9644.170633313457
10207.96511255716
6169.355349568284
10115.697213695425
11783.863080085055
5955.095976885118
7082.39232446574
9912.845478349609
9210.11655341272
9338.82569815506
11023.486826591296
10171.425757327448
6468.837011992099
9308.590734264282
12365.571644650023
9447.917741770561
6220.5842505969895
6664.356904621881
9729.855925612448
9752.525787120723
10647.021873162223
9006.37107835024
10685.90013193119
9606.984213651696
6528.775030539127
8961.042331378856
7987.946597702117
8909.181872339566
12588.151814615845
9114.324434448872
8536.982846436878
9891.068597684953
8562.785135731045
12259.841868391353
12102.749011713191
11890.579399483664
8097.928452131246
9574.207525478563
6707.632758869425
6303.461863996361
8919.000449702438
10377.211864507219
12173.964440073958
7013.069320574733
12829.565295277487
6240.36669231104
7864.739762495704
8795.348407612855
5539.863556238413
8773.02592995679
8758.141553606845
6641.7115643267025
5716.839200966416
11548.868121237783
11656.221992176917
10481.416802997801
6284.151408682389
10289.702489547515
5874.569499452564
9381.15201476504
10039.367066924005
12570.634376043428
7997.452654646097
8227.19190015289
5740.973843630676
8447.927773584197
7286.2761717972535
10138.263788881868
5670.354793345433
6227.229499346306
6475.723386003537
8372.283918048472
5428.765360696517
9538.63541901236
10297.87756640038
5567.437218542451
8946.464470192626
6721.646632154421
9367.052317234204
11151.935071097214
10939.687624266357
5943.102203190128
6654.10703754729
8679.154639352215
8891.26660709313
9772.44012128503
9331.623251177734
5070.241014916663
10202.43691815759
11467.427040197623
6717.3808819962815
5839.998675854493
12020.31296424276
10164.032611578672
5993.015132449289
10150.599073670306
7742.861777400315
11703.492760724865
8756.049076755893
6764.28902173029
8158.928753848122
11006.125291246106
7180.226012021116
6797.34361698519
5932.867577155912
7450.8094248099915
10802.491436988043
7079.684951454128
10223.918445842373
9252.92241774257
10024.349564605427
5501.328028032651
10511.755673902197
11620.649885710714
7300.641515803309
9477.769681236492
12757.314371351704
5277.927450786881
5530.859742339267
5703.787423968914
8086.844736991598
7322.937025852312
6953.294629139314
13767.890779247371
8229.709411364192
7012.304744732128
9954.060730056997
10264.724886293092
10123.621652394639
7659.085855928668
7062.469705752263
7888.435428085208
7527.299262197566
8950.419021038073
6219.042300701619
8159.353964119744
8450.378788458884
9321.017826513234
9114.9292910386
9971.416224491084
5560.009334408453
6539.793228957427
7247.712477333203
8960.60094954311
6565.532328971691
11475.670185259738
7914.371176446546
8442.234765276819
9084.543421142436
9528.173034757594
9871.931834297086
9552.845343601337
6195.337591687854
6831.742792091582
8816.211873089644
13012.146991594538
10860.083592815448
8608.034321716055
5627.322075132147
8934.156274689718
9312.088018077038
6872.386057719838
9484.231020887579
6311.441873496686
11361.182756192526
8119.2086514109305
12269.31770950618
5769.896614478714
6321.39300107362
12624.907994365025
6242.639314483199
6041.726901965796
6804.785805160162
8700.610696721224
8594.580975380293
11855.589583872883
6457.156740820177
9891.466596937404
10419.568173263622
12321.629630780008
10461.711964839851
7782.793636099157
8865.217517464213
11415.445008037721
12775.106438295725
10135.195664976474
5973.855891282749
5085.434294860167
8169.074828686878
12601.764056070206
8310.351507502879
7200.335051326587
6293.181077447532
7686.347937214251
7213.280607276017
9798.872923308681
6597.49121382414
5533.005348485263
6845.064053383202
7762.800870298599
8484.546118475875
8364.75590562766
10484.990769806704
10202.779974256573
9860.87685405914
12121.896176366374
11105.733014662455
12466.010533495773
12124.005000692725
11742.013543065994
7278.0125229835285
9483.499720912063
9695.853091045952
5804.328484535901
8287.481389420976
6032.436522278405
9828.841681490852
5795.294904813181
8975.759146105971
8954.834377596439
8077.943536637349
7378.108114845919
8645.147803655378
9623.495163803747
6097.688017423139
9718.159306965128
8119.936114066145
6746.672992040016
11999.388195733227
5856.013212297447
5949.931140125843
8703.622723154278
6246.433696070189
5600.491813797351
5728.578370410089
8988.31400721169
7582.447061356979
6672.0886562328305
10077.298446276089
6335.053360203134
10774.733456489797
12048.832106777778
9595.614544512337
12446.005535030617
9551.350334829658
12771.51215373493
12238.896154167598
10934.450301835699
7078.264627755588
6132.119887480327
11082.883335015762
5017.915220335791
7117.48031457447
9086.877076437988
12227.468172487117
10065.024126830254
7889.522535199179
12170.971297511383
10085.55655593023
10168.47095114925
12583.189237149147
5049.713388603502
12001.48067258418
12527.947010455417
5808.382658434623
6715.8780167733275
6365.529141213988
9067.350925268069
6079.9428328785325
6984.044046637712
10518.993518634692
8084.960109535678
7797.245123445917
9291.723150599892
9076.302554274944
8088.273786981234
9877.27541531783
5934.835498429426
7190.884198529913
10324.724628399828
6690.4719965703
11888.486922632714
5859.451382022954
7995.045488893729
7068.6333354318995
10166.378474298295
8694.934039980202
5909.001369509751
12036.289787990845
7159.58500066588
7909.866907090289
12040.120064394152
9047.000398697533
12221.190741934257
11103.509762099278
10091.409736017664
8728.394450266269
12463.91805664482
8926.283511813708
10571.82184994717
10494.897339897936
11492.072904836034
9689.293752280984
10937.431672661423
9451.409377157102
5107.427434578425
10814.133490413427
8698.750995843067
6144.286504227261
8133.647559056277
7839.940642316829
6982.580947589585
11773.901298400237
8266.409493632862
11863.377200421273
7415.846261802366
9537.733575104314
9912.212013677934
5816.54822239596
5463.231697090097
11987.547583482537
6213.286677851277
5806.516407570166
11825.712617104118
8207.269292310495
7014.311866857639
5934.797685687908
12101.919561429931
6442.006717995015
7790.35874943448
5920.019567928051
8821.275405607332
9787.631990538082
10709.859015833488
5980.6196592287015
8888.046766857618
7332.474137272204
10882.005557324263
5426.00805378503
10132.387986076857
5801.749670291855
11172.859839606746
5714.087403159647
6509.629669999221
7743.897570824805
8664.572691297137
8918.918974146876
5130.841106217313
9381.699655190874
6689.916182406765
9429.675853639044
5981.452731311019
8964.954771359386
5656.537730000424
8672.979380520594
5422.823364302263
5628.311130056019
6150.4904447781055
13250.689352603193
7620.528024345405
8540.123447960468
7078.979115316692
5019.258456950667
9404.425558757579
9967.74438760518
11995.92586917204
6636.2024651175525
6811.063235713022
7784.443719220971
8693.2747712273
6800.388334278081
9170.35949324461
5089.935566495126
11789.964775277385
10030.367478986343
7311.0671182384285
11563.376415652456
11825.712617104118
8098.86830514688
5510.968951648663
10260.539932591186
8800.371540962446
9913.73709350129
9323.25273422091
5890.151427967021
5348.620891475594
11800.602894892681
5346.836211783178
5978.251318730406
12106.104515131836
6265.822863416679
9223.646044783412
10308.115172868424
7310.807873571757
9839.849913828371
7122.380470325041
8419.119435063945
7564.299563642804
9936.361321709734
8846.630437936605
7256.570765564534
6823.29992241957
11988.210899307607
12084.368676674083
5607.515758605256
7703.453492080227
11331.06661964043
7822.036069887092
8803.062096978261
9595.487851578002
11860.6973249738
12014.0355336899
9241.503706177016
6518.564326222791
6716.084403650228
8919.931848044642
8681.23894246547
9549.648522113654
9100.208389442636
11564.65569560347
9027.918163665965
5320.007961220519
5590.303045207513
9463.024050205342
11788.048033786963
5999.9015064607265
10298.20451590834
10822.691837594197
8490.766958781693
10956.25987745115
7608.558475532529
11896.856830036526
7846.929188049506
10151.731136341623
5878.132749992246
13117.870201862714
6650.514143912829
5737.275227321863
11211.07410678416
12222.139582788594
5945.238418928179
11965.908566117978
5976.14453783848
9227.606093878841
9735.565281395226
9533.988649130457
10760.100093251833
5459.095736722868
10087.165841336184
7865.781914052332
12135.39919104518
12560.073906936275
7387.831921307668
5980.80356832693
5643.835299792463
7338.302012251615
7084.528161044154
6921.444815058306
8164.160121886776
8363.403152038469
6394.4775764552205
12449.270718688149
7083.996336268941
8469.379748175315
10863.173265665682
11557.87558018212
6918.872659838329
8416.56107149529
9009.373642393253
11840.35995506079
9223.078713256129
6786.431162725934
5718.937446794076
10015.72014102967
6229.336280238232
12048.290154731429
11311.001014055255
9017.960153846092
10434.215511220296
6930.622162057458
6051.710742866064
12288.150001164759
5708.620146383469
10214.505441870217
7872.578376949079
11980.55590407465
10421.775082442364
11784.374155512116
8462.46885295078
7238.274612598287
6502.477474798747
10239.737353702962
9272.764166006978
5533.844646816327
11570.982168582523
10796.696256959427
8454.732410218643
10313.599750864476
6863.45280749499
7950.989042695928
9502.488260294691
12156.323959554713
7462.620475785098
7547.692737756661
5232.996569980975
10256.846268701867
9339.829683827566
10799.867022106455
9921.55868273678
8410.739602991634
9981.124796218503
8125.411520130305
9935.737186204213
5511.733196123523
6631.483307438746
11882.209492079852
12502.964001633114
6911.657425575053
5488.6423871237475
10152.032100072876
5891.992921826247
9497.648211320546
5812.592133349626
5754.206499424265
10298.734226580567
9770.332274698074
9388.526043458629
6258.369737457842
10005.257756774907
7311.0671182384285
8674.1931805689
10084.481248067983
9189.183423357332
10149.9568881676
8329.74778706269
8603.77234342286
11683.424191239306
10461.417710282685
6634.073206446954
10123.45817764066
5935.623457748744
5729.222291096872
9391.30788385609
9689.015845199217
9840.695895680221
7885.255872699787
6981.236367738094
8533.599307985349
10089.398212648779
5728.578370410089
8537.452366834175
10758.549423118027
9691.005475320562
5487.555280009776
9557.467710670939
12567.432954535041
8613.449346619314
12851.026274071148
5944.38175314449
5968.84947694209
8177.401576959215
9055.27326644219
10321.896094628995
11955.446181863212
10169.99959555544
8835.563197092111
8364.081572267489
10916.305211651372
9348.465156050876
6880.4541819089845
7404.585386663241
8720.016164576768
8069.177202955134
9015.262820405409
7603.196597506041
8611.09845061324
5484.596386962725
8461.009840771503
7521.487734693553
7209.652766063613
10077.717941476856
9529.194751969973
5850.453315922339
10903.488183431753
10223.811242240568
11687.609144941212
10233.139520389594
6787.702693369178
11660.406945878822
12231.653126189023
9907.96543784842
9867.154284612
10681.708115009395
8961.111808149299
8806.642700355911
6560.26522874088
6635.3033539706585
11912.707564730708
8331.092366914181
5867.123185346674
5213.109776158106
9624.241017368784
6444.505995483758
7952.2151033507835
6391.709623063999
11993.110765180369
12215.706163938205
7133.402755612191
9715.658143229222
6707.820754836503
6756.259318544222
5355.5126343507045
9431.668253238011
6603.050828205016
8042.929588454651
9375.938223471861
12023.280031027509
8083.417817687562
7233.939729310328
7032.857608176353
6194.136078837335
8524.446219053718
11641.943298790582
8620.038081443941
8839.80945382676
12499.490163111022
8312.443984353831
8908.621684666177
9634.092786264078
10963.612154511433
10697.7531621126
6990.648038833857
5801.001793747193
5705.164698771201
10192.90429656609
7671.913116437754
6553.11846484128
8501.446276540571
6186.408591696428
6655.766936308005
8698.992300747774
8762.534937620077
8420.533622335031
5692.769225550614
6210.786907281314
7041.035432744238
6390.912683638343
11071.480970925608
8662.250888435785
9038.775570999918
11885.781962547662
9810.146444558542
7973.7365547123445
12223.283218785211
11432.326969124933
6122.758914380506
13679.647107048584
8922.372378324719
9729.599590161757
5099.1637857647
11874.440726674264
8306.956043588816
8468.314467635639
5681.065829478428
9842.191689679144
7376.8026936617225
5832.957000826774
5597.677000263825
5934.69142709782
6057.800177451845
5318.473084237057
13505.971528419474
7796.585924973684
10060.079015522337
12608.298959360585
10002.343758043407
8851.961891306995
10840.1560203052
7523.723251954239
9483.744683494486
10398.64340475409
9879.70914571772
12518.3224547696
10309.706099865412
12966.157456430912
8013.740590215102
9437.20724529498
6964.167088426292
11968.001042968932
8557.24505568326
12206.543403977586
10010.705303901363
9444.473960719468
9587.774195492002
7557.766869470723
5677.0425113057745
11051.077278194389
9460.406984338668
11997.295718882275
7229.701646313379
12003.573149435135
7757.6188430809925
6074.572915846286
12855.211227773054
6740.875350091403
9584.66990973333
6169.102266430639
5942.438087002081
8527.969100002003
6907.52560116819
5678.305866099533
5993.19074124345
6141.760811096339
6079.783444993402
10617.697873248964
9280.427045099825
8923.332776140516
6570.290422051924
10385.370220197372
5925.528667137201
8051.058069910796
9337.876160517497
12292.334954866665
6439.726245176984
9863.838299865112
12453.455672390055
10140.27877254068
8237.11481771952
11299.548687072947
9809.872403540372
9034.348497932657
6738.088105536031
5991.022783885149
6204.284520790853
7466.037098143295
10833.96441399818
6494.34316048194
11814.708822755052
7933.562633921583
8612.39190502888
12863.581135176866
6636.2024651175525
9086.942413157103
6253.320070081627
10230.100933399977
8240.510674365723
9772.257189926195
12807.801622043626
5989.877317184018
5959.890581781649
8815.06346294293
6198.403817150856
6899.261952354465
12400.017032811866
9634.501101615499
10199.466779062024
8072.035967715372
5763.738164477316
11960.293609232802
11909.313606289856
11794.847012623994
7458.419174607794
7567.240231463904
11845.116726761007
5681.7510271323135
10099.81155447735
6153.782335817195
11871.74710782509
8211.96857906953
10143.926613151878
10959.297108287592
7351.670160258389
11901.04178373843
9231.04132192225
8232.643783198148
5552.287195717288
5880.985883546307
7889.522535199179
6386.78903296918
5604.676902231197
8145.699735293505
10103.808512212177
5538.299887079814
6833.564140581172
8133.024796335463
11859.192246719369
10047.740758465643
7633.512036765302
10729.681824999458
9624.871019042981
6734.95973629696
8871.699291459547
10071.759286694258
9701.848613386705
10137.602377539588
8795.839648432011
7500.710093462603
8511.391943391145
12326.853506554766
7761.553372769131
9176.330003628735
8219.406414994559
8348.016090820034
10108.9453021602
5824.8363924227815
9452.572117882897
9214.268060931194
8043.699662547238
8735.663774934497
9230.326119873585
12974.482408277381
6298.7701385571145
7736.115780587861
5805.149945174655
7316.5762174475785
11815.274754062451
9875.524192015811
5920.726596239018
8892.442194305277
10766.653684046621
6757.733684095663
5878.701323859426
6616.9206178855275
10633.00081206084
6748.922394856103
8135.246187511928
8837.655673943063
7022.801867372114
8939.459576984553
6855.189158681265
11204.913151993514
6134.065237052697
5389.375261960995
5063.422194924557
9691.386229131938
8300.777341521789
8014.590369617894
10251.099747317556
6012.425716050074
6505.890683947795
12429.282443314709
9920.266953995066
6302.797747808314
10566.748581141306
8399.036561537414
5679.680289641788
11348.501202152473
12080.994792920399
6060.90211090863
11955.446181863212
8089.595199727324
7363.790188317205
7612.081356480814
5816.723957756489
10960.22575616431
6776.684494950878
8287.818533600783
6805.281385980903
8127.414079695391
8197.643838370876
11090.273277543009
10854.750228966826
5790.713080963733
5480.668905998338
10435.470159502298
12164.693866958525
9466.88636582137
10700.764812177353
8577.135302276209
11673.844603383717
13100.031019334569
10172.807118998586
11892.671876334618
7891.0534289098905
6072.181868933299
6367.63387867149
6320.8065353937145
14127.426385746332
10361.506027518524
10929.682969322737
10251.099747317556
10654.565175545322
5926.905941939489
10215.563177421249
6308.411062173127
9017.576217267986
5805.137754114423
10338.60032217724
9824.305309747679
10161.682661990199
9978.810634346442
12528.784839024367
9469.583682930906
12516.229977918647
5012.3954732205875
6554.783863897459
9089.25558092593
10100.061159686124
6895.189387545921
10619.150413529826
6526.416907212955
6023.315178099614
12835.849009544614
10088.524039992883
9502.60149636616
12161.397011539706
13549.913542289489
9499.92901550632
6008.287761339938
11048.672155876448
7311.782320287095
9893.679806194248
8315.491702494479
9385.884608892782
11907.319214291289
6828.315952561261
11004.639157119007
9885.549281303678
9264.437336078921
9168.279558712446
8578.051677273497
10734.679218424311
8418.39605927758
6735.366250882253
5874.169361921629
12527.947010455417
12761.049769480163
10189.39571965878
6121.908737465976
8462.285696589159
8051.333933558139
5571.619631758315
7934.204272330959
11888.486922632714
7856.361995728719
6608.656969071802
6019.4838834920965
9722.401476830928
5969.309249687662
10212.674524625632
10481.530275995512
6169.102266430639
11758.753357873618
7570.403467953431
12507.925460416427
6294.638314150252
8788.809744730414
6279.607272800184
7048.769081350825
8741.40173879922
6211.979616192197
8668.250873261703
9497.599123983706
5421.481406756009
8425.827062768434
7022.137751184068
10120.760885027838
9967.119096671206
7725.226320579714
12210.728357679493
9162.124452512831
11088.226036196109
11049.403705400511
6885.48920433159
9260.720163507449
9164.441707150509
9970.028947292061
9938.542060229807
11711.064155728973
8154.625456860851
8496.581947237706
8164.669502524412
8667.034144086172
13290.446412771302
5802.411743045477
9394.254516296594
9500.174473094881
9042.580163622593
6921.298349191065
6874.180838224975
10355.619070541987
9005.053822019314
9854.59942350628
10633.143852470574
5943.817405238794
8669.157352227212
11438.439259147097
8136.688189480318
7140.754312663546
12614.952381847601
6225.346122383592
5573.802516775575
11375.727665212438
10174.866900898744
6273.979192115939
7061.780379024391
7586.092106547089
6018.52128093913
6246.989510233724
8484.771938332744
12271.410186357134
10380.599878783469
10422.48211075333
6774.331133501924
10448.952760291657
9361.592260451249
8772.756818438613
5553.664470519576
12627.466374264824
5167.855538516153
8514.829816650803
11896.856830036526
6952.062882418141
10999.184260977636
10848.525927709012
8593.019791479777
8299.889123248113
10113.858122713142
7053.1228311768355
10201.987362584143
9377.504484316847
9345.900287725344
5674.178059154157
11009.075907247483
12164.693866958525
5482.532845470503
11055.194798560278
10249.064004861739
12624.297295884691
6833.019834496012
5939.301415160076
5561.928119333301
7142.966028720062
9618.603181790873
12027.344440507673
8653.330000887137
10899.468747918252
7628.502395518177
6767.043571334865
12219.098265083305
12168.87882066043
5898.348945853483
6906.223933439619
7458.541780673279
7766.229875746927
12282.955390800504
11414.598132055726
8460.289308202206
10959.108924136362
6022.08094370706
8444.270025963879
11995.203242031323
12946.861294930517
10169.043112788182
12226.51495625931
9404.169260125525
11051.496182251463
5897.983171091451
11678.83370256329
5472.405257184613
10330.88886293666
5818.869563902485
8376.080247676142
9279.168289494173
8131.603187801722
11269.113774750589
8891.3033521677
7767.728793077189
5126.067643401076
9411.22473396068
11930.336459651775
8247.525562896155
9760.494518641794
10551.737511857029
11090.561690209566
12565.649296058175
7409.194852128881
6383.893486389296
8890.756463178845
5377.373295826776
11140.070890827064
5459.519567924173
11254.447585651116
5804.328484535901
10569.826524147182
10204.04865404847
9400.173641544525
9803.20178501236
9811.815609449803
6823.249727446166
8577.051308863618
6143.138085898627
10465.02232860796
9260.415591549645
6651.352487942715
6053.447662127109
9087.441628891675
10548.7888359821
5264.751450940614
10800.485564195067
5361.40181236286
6816.182424770326
9457.028821825188
8363.81592579227
9428.847817673337
9292.927017229706
5000.0
11670.472156705335
10173.006451015295
9226.263286385623
7886.98050277478
12015.385923345959
9885.193723713772
12784.067014840648
11861.284723570323
10458.04800730193
12125.789297359323
8901.695689708986
10301.269022465283
7165.075989195953
5046.77643501835
14262.551372671238
12240.023033592837
6006.255656646505
8917.169794279283
9312.43214552524
12040.470560919823
6639.749867278934
9417.68862227973
5307.132280910113
6491.588610877365
9947.993709966704
11192.40324644514
11018.016552636214
11371.645140447292
6835.90731144924
6141.3664282523605
6235.415497651889
9562.61479266464
9499.196733700452
8205.243894851563
9208.024076561767
5900.700938876381
6641.7115643267025
9205.90651507324
7578.724287930492
5761.389796968442
9348.052794658466
6665.12523596559
9459.121298676142
9264.230783849185
12199.166605704206
9940.681440127057
12039.40868098538
12606.206482509631
7078.592178360821
10524.340204614236
12243.085297012349
8159.145533808418
9993.51558938107
6121.1378081461835
6085.004405630301
7554.89788753836
6154.967056221766
9725.55040927948
10427.623391766021
11562.349584740314
9819.084533203972
5975.1416799508215
11302.593404365838
9090.935259526364
5675.919477645444
6569.700935198199
6742.25262489369
11028.331809612399
9762.530442064344
6749.424789846784
8082.850469812786
10313.871527642968
10798.354658428852
7945.962194011021
10896.652895280935
8862.765396154502
6972.257516875703
5481.874200941202
12508.717128965276
13014.447755859304
8405.571464827794
11814.770064546003
11675.054283835494
7003.187607155303
8783.251275818284
8055.069331686598
9470.048645058996
7552.288338080829
5236.650483685358
10818.201360845589
8444.650639611857
6633.582782185012
12365.568633703604
7076.941805071028
5538.297843645389
5521.987150066963
5432.464287918276
7938.348291889013
5825.2491661765835
10294.74268894285
9761.705442745355
11744.968349244195
9121.648103427207
11799.036155468744
9285.445720047032
9997.554008993564
10484.146444793576
5523.619309120406
8061.7357306981285
5447.569355186093
10065.25949128124
7535.562911011292
11631.112269965477
6242.301871663327
10733.517351414732
10656.592262494683
5062.141724504238
8624.223035145846
11053.269221920813
7174.716912811966
10733.43970090659
7765.582968181318
7177.9680169817575
9966.232246130861
7822.070675581766
10681.127779632763
8394.59667558403
7291.891529596491
8380.997122435643
10143.937477445594
5718.630931630362
5842.892178999951
12299.678482516414
11005.72926099795
10468.908940883852
9008.678379682699
9160.95152115302
8726.90561498998
7690.402111112973
6382.677642906565
10877.971817769787
6452.362843659693
13340.665857194177
12133.306714194227
6001.764591976705
11075.159152890174
9185.53812415172
10597.220275283311
10196.025004714587
8242.981614090557
5165.103740709384
9269.833881041874
8181.267754890859
6562.018501317464
9051.051530920637
5105.940087863867
5806.907298779947
9402.130530304546
5227.250342377438
8289.594300616178
5774.028438885576
6497.903044383054
10842.248497156153
12165.893748789142
7109.984997104453
11821.527663402212
6476.438588052202
10187.793667069769
10833.62520388367
6844.692519851427
8189.329530347676
11063.761642212976
6238.251809130171
12273.502663208088
7172.761982211723
10188.578345888876
6469.552214040765
6889.105066649684
7853.713390339704
9693.47870598289
5868.88262144846
6849.680059472115
9135.335557966431
5814.362670271118
13380.422917362286
5015.169323973543
7099.597184937137
7960.595523928709
6397.271851568193
8418.397879754695
5633.546409052251
5658.650710741941
11610.524727454951
9498.87835884425
7052.748398866956
9649.536692112875
11892.671876334618
7706.8572401184265
5000.0
9390.069562594688
6548.718950524774
11710.626390301697
10006.287647724985
12369.75659835193
7437.766176740316
7948.471531484625
6901.407558500463
8911.390961726065
12049.607640156102
8598.531022078989
11084.7873004387
7034.896636637397
5094.932896636794
12355.109260395257
7076.2562403096945
10830.949272407532
9308.823344767767
8018.786110040579
7291.112513601654
8281.244827556613
8006.804496594885
6422.058584320765
8114.382292484359
9607.597243979122
12462.074878793686
7541.108792040088
5143.384095357665
9921.55868273678
6341.433948398545
10776.411416171908
7010.414847560071
10831.786112901387
6225.6270581161125
6366.920811919936
7868.516029312659
10159.966177073402
8564.089231444264
7040.453946021937
6824.2883433100615
5933.297804820135
11256.55891364487
6289.213144774209
11062.698289767994
10517.158444974943
12127.029283641368
6109.421417890105
6125.5318548949035
9291.40028796078
9197.561692307001
7580.681943109968
8626.638374635912
12662.703357485367
7932.385615692923
6154.932789398335
5507.70256765203
6125.233513468889
5778.160263292439
12118.659376237556
11163.987247334442
8164.1642087556265
6955.597471693401
8891.037971073576
7860.816421582644
10633.141809036148
11131.15244886727
6430.4858347082245
12721.936548343117
7381.2999594173925
9984.332988265374
10057.098001940394
7493.390066329437
7866.746415100817
11028.233872034562
9413.589492823663
12367.664121500977
8265.800550174285
10198.419526078515
9617.015433242836
6224.690228319776
8043.965309022458
6366.9105028851245
10166.09239347883
5657.621834349895
6733.811197285011
10191.408502567167
7023.895104789361
10414.831267264242
6161.095787623408
8296.588403020685
12296.51990856857
7711.57411677858
11322.140697616052
11543.228242225447
9396.562734004052
9950.250545494819
8679.992447466366
11760.845834724572
5805.239856289344
6928.740320545167
5610.132737413363
7206.348762246298
8645.102508548369
5035.3595892860285
5846.264173077589
5575.53943603662
12333.124665948231
6221.981959743524
9312.50079183084
12689.325221171126
6251.482077368795
5502.705302834938
6948.757386892205
10031.217874983828
6443.952067567385
11064.051043357184
9404.818290899275
12199.339932220959
9987.257863538944
9782.10450041911
11487.914571009605
6700.934380825065
5958.989905842629
9637.438447577235
11254.485250272097
8880.984657485653
7647.018770987399
11082.136358482257
8655.20967476289
12463.91805664482
8306.166553800973
10854.80335826187
7698.081337681217
12364.570439510127
6856.566433483553
10329.603557745655
6991.539364107728
11101.887038364428
5712.767972579625
9117.995965554941
9282.060859900794
6921.298349191065
5386.860961860932
5932.855328797722
5779.3209340457015
8329.183799161456
9553.135629690449
7774.014436348341
7800.049304574899
11921.966552247963
12127.029283641368
7173.339638009678
8564.387188320055
11258.094433152191
8954.99785235042
7634.346617972987
7785.440487095792
9834.205947947186
9392.996103644971
6569.43120185413
5005.50909920915
5108.804709380713
6992.1583795093575
7718.078386961908
6581.726546787905
12010.58786912867
9887.57636825304
8288.2636022373
6151.623254435796
6844.154612787567
9128.457591939989
6462.902878422599
9688.754285592848
9462.68504831292
9183.936071562708
12247.2744398571
5726.645281444267
12199.339932220959
7323.507547016361
10905.031425528912
10036.089095375668
5831.737070475192
5752.46611883552
5799.393135169463
8897.917465590497
10756.258733127874
7685.579605870542
7405.359356334504
9200.568940498997
5432.457451924434
9111.21841412324
10048.752787226695
11423.95706172112
7016.224051958816
5961.39094129172
5465.518883173176
8606.64132535522
9875.45471524537
9100.56246906399
6473.130267718518
10222.417619962884
8341.738660267176
6702.414105533858
10381.903589946465
8706.14023436558
5388.391494245076
11869.654630974135
8877.490384619316
10844.402277039848
12089.364700324211
8871.364168213888
11937.277869345528
6082.247098718815
9354.497456128485
8744.590560151395
6342.873202006189
12733.847570417773
5567.356154825161
9628.998132709621
6939.198834751954
9975.963080861562
12470.19548719768
12353.041304757404
6410.329397542402
7827.017963014654
9939.863768313771
9077.796000671882
10288.72670367835
5471.876119945217
9950.922835420566
8824.111790575762
6907.52560116819
11165.650602956197
8088.548961301848
5245.5247764380565
9736.44804506672
11980.559990943499
7022.763042118044
8378.648320110055
9920.271319049181
12142.899497679766
5604.623638204213
6736.380288374047
9308.402550113053
10917.221586648662
6895.203691586894
5606.6116564873955
9126.363020517612
10073.796596939923
5633.115244388627
11098.719951807643
10005.973354853819
9210.11655341272
8915.804780083545
8067.85305744789
5475.74594314683
10974.0745387662
9535.365923932744
9515.548696881433
5411.805165883963
9734.913425813727
10334.1607880464
5430.467199977196
7965.441790986029
5627.405772246448
10592.62028961779
12463.91805664482
6528.50121032621
10973.825239766378
9796.010071679593
8511.229285194378
10536.060282950279
12613.236452189707
8070.549035403597
9151.527201586032
6770.77776095865
10557.037121196263
12756.864815778257
9754.160534660532
5502.58468497592
12455.548149241007
6777.449033386334
9775.08530317006
9895.807322115968
6256.444258359774
5974.132295899246
12411.606135370992
7870.951803146971
5539.891722496701
10054.259575318156
8562.444665600913
11821.527663402212
8574.420451345622
10924.378213556063
6250.687975479454
9009.23877572122
7605.6591673151015
9018.887873074931
9387.977085743736
10076.716658608724
10191.721148034154
12611.549865118826
5971.380498092477
11905.226737440338
5915.873439480216
6143.138085898627
12834.286459263523
5424.997586712127
6269.847367709077
11758.753357873618
11091.952096992842
7206.447362559622
6809.771785156574
9756.490049904754
8393.711371426492
10340.054052927404
9653.721645814781
7992.575987163747
13950.99147108967
10674.323142998315
6649.945500499332
7146.567566552601
12378.126505755743
5682.770700910269
12182.729219191446
5955.8287127875265
9336.382150696081
12231.653126189023
5810.480547625404
8740.961878800523
12367.664121500977
10009.442710476811
6564.081490530112
10152.916328307983
12587.374190851053
8132.758446652452
6417.930973602505
8608.459981993255
6582.48874782834
10931.393975140638
7299.3868470665075
11333.980557130137
12268.322685549083
8689.224684197427
5481.224720161873
10112.734233779523
11568.337964436885
9096.113346855422
6858.428994302262
5918.274474929307
9536.256983825522
5782.672084846585
10159.667876556985
8560.570052814606
9141.064817331266
10954.759996583378
11239.752005391123
10343.805798531263
8779.691613050354
10202.870126255639
9494.693405142345
6550.3128293760865
6323.9575112766925
11538.777809442552
10065.688183817903
5461.387058766313
6388.065560942566
5891.578361696198
12156.323959554713
7102.369396674223
9659.320656138621
7970.270889927953
12884.024152259251
10015.97761376719
5761.632965664989
13526.735337171238
10061.856803471877
9293.249634979304
5315.71577732557
9153.619678436986
8519.096160692885
8328.073578124562
8156.554458957824
10779.1227209065
7640.125503708683
5880.50584589211
5688.637401143751
8165.91747549207
6595.546293802549
6960.52298730383
5099.060593346946
13533.173727481864
7061.75378778563
7502.536923838338
8938.094562788814
6717.806341816451
7062.879746744911
9891.700018922204
6061.567296882666
10810.85379940321
6556.169312437445
5849.254664698206
7840.022379693821
12810.714152476108
5871.947218760544
11680.924089027778
10094.020461317581
11066.85662359442
8900.429979471659
12092.730222532038
12477.361331997947
7484.603743326654
7596.163002311941
5711.070224258754
6927.5757797439255
9380.720850101416
12581.096760298195
8251.933804167871
7350.616459922219
8196.915346853573
9558.706031932341
7922.135748618332
10150.017302366783
7634.842272283876
10349.592731184903
10496.212730751187
7987.8607734562775
8138.421270922463
7998.765490835944
7506.5270292154855
10838.063543454246
10417.47569641267
6472.406026694153
6964.691675349534
6628.3987625678055
6193.918028634018
8841.501307074546
6294.699617182994
9240.387990981098
6255.30560651722
10113.95488066006
12917.985533301646
6026.894367018715
6183.079055164964
5752.133233344875
12989.50601579766
6350.391378995374
6223.585669171258
6011.712557435833
12018.966154818172
8363.493063153159
9582.97959059547
8166.432420967109
8557.525335521716
8247.577201974285
12677.350695442037
10144.431988576383
9264.549559619449
7991.4408705684555
10923.712213162247
5738.219294026101
10086.523560646121
7331.57093925646
10147.591138197062
10584.248553554942
7078.307676651841
6180.700497494545
11243.76292727703
11469.991552442089
12101.919561429931
6125.26825185411
9088.844873061877
5597.737264192776
8976.282265318709
5889.719522277726
10583.128751490174
9147.37569406756
11016.028290940925
6821.5002536179745
10647.021873162223
12244.207987294743
8900.442240078206
6129.667766170616
9906.29213311458
5941.630930404302
7425.231475884537
8301.327701083144
10651.139291386939
11956.19777378406
12829.635602512772
9449.851576480349
12110.289468833744
9961.31574290489
5327.638145362569
10276.950754456424
9073.13022950364
5800.010707596386
12599.929051956773
10061.754631750639
8961.111808149299
5481.388194915853
9207.82381998814
9492.960572750148
9632.917936987928
12277.687616909992
8256.617927459467
5646.668356893825
6890.374813115418
8832.94760102842
10098.244160499842
5549.800174752308
6567.338725003177
7826.776837752533
7111.629155466137
8812.545951731627
12331.31599172212
10808.954820073555
9246.587771025817
7556.222033045604
9432.325581794228
8316.921149178479
10636.549016050345
7264.133516370566
9047.261697005593
10702.623223647099
9264.437336078921
5935.185938228612
10057.541069966786
8498.433417464372
10769.515590510735
7463.0945525716415
7768.40000310602
8938.094562788814
7544.243420447668
10187.271627870421
5888.28707474597
9191.294734611252
12958.995081724981
10111.6757347475
10627.508125651666
12270.24567778497
8123.311867735846
12750.587385225397
7103.098623093016
8230.33061542932
9407.03559111593
11976.370950372744
9398.4394699985
10164.277823709643
5917.250714282503
8478.019111570818
6236.792772454177
11051.721846002765
10099.599037297174
10659.275291894392
11579.879282067925
12650.148496379647
5483.423455602913
10554.876227133458
10177.837874550112
12626.526394429435
12202.35845027568
5290.604983282663
10369.348728840749
11200.135202195394
6396.53325923817
9859.463018349037
10155.591031170808
5436.228294128681
10811.523458055077
9235.17192557608
12107.919084901023
9272.890858941313
8678.627433270627
5751.336701809573
7084.482710930229
12041.23773275229
6115.876627237918
8056.172786275967
7120.373150893479
6782.085292135515
12483.870150368166
9628.115150171778
11423.806553895676
10642.279645629244
11053.122756053574
6314.87444525864
10114.066553024468
9602.852389244832
7269.7488741698035
12391.655486953914
7677.349147013751
5516.123716464888
9093.959566971724
8952.884941155218
7462.089182834661
9360.955019823668
12765.23472318207
10168.47095114925
8740.61414721673
5765.764790071851
12961.54374968619
6927.469521153837
8608.382331485116
8230.477742707903
8578.77296667036
7904.004684289711
6355.567398393288
9455.782326826084
12214.913311381399
9051.088312740283
10383.993612221535
6796.389588793816
9367.044143496505
12075.036138137802
10173.21171901469
7906.503475268926
5882.9437187280155
7608.700193119578
5635.661165666752
7707.722261297229
7092.848756018426
5929.666621847338
10474.138267178003
6384.841639962385
5976.563441895555
10591.151275041779
6930.939272807078
9755.01060338123
5870.355937668711
7708.8338896242985
9673.602532291687
12989.730515954932
10953.149770256668
6199.606352792414
10634.177830289502
10563.785601225407
7761.471553572944
9517.710650502828
6826.581280873944
5954.451437985239
7499.753766151817
9465.398729229
8965.296761851205
8174.5489425022515
6960.792665744848
6792.685990975146
9971.778127159656
6647.862301945227
8919.8583578955
7495.012998286376
5414.110159915092
8871.060898865095
5991.378341475058
9856.828810463692
11070.125300482072
11122.942823478736
8343.831137118128
5894.330159502967
9459.121298676142
5265.814036841488
9037.70790412696
12822.275098638569
6703.656235478844
5810.023536277705
5580.417240828274
12315.35220022715
7519.920420489762
5069.770686127725
10154.251979106353
9909.240860024333
8703.737155482064
8341.738660267176
7959.86980870593
6330.490111875732
9231.091591636388
6993.011971964597
8992.71965183147
6528.112957785505
8517.539410698033
12183.735523886437
9401.32071253741
9157.27129575403
10169.177979460215
10127.806606096547
6262.960993697639
10144.095638042782
10215.563177421249
6541.002644093502
9661.049401661967
12076.809839218493
9345.084609190335
8370.149099763492
9161.989585840798
9331.480210768
9496.180355826655
11702.146137438947
8885.782641514987
6767.437866223208
6473.2180822163045
6741.071630252094
11572.822441852193
10302.87580700334
5780.624645208698
12821.731598157803
8529.601169234153
5921.38866899264
6802.354118194699
7721.466057597534
6433.8569124108635
9806.47245593436
10891.881475899121
11570.430441287837
12541.339700130085
8929.724655385002
9138.972340480314
7343.715010723885
9876.63582034288
8631.759221304357
8698.00327848619
12871.951042580678
5119.52351709698
12091.000103073453
8468.667593891707
8062.320737950862
9139.014148209604
7058.292236461328
10182.231438565574
9920.81868592835
9323.110303364188
6256.19157109299
7467.271332535849
9988.51794196728
5066.1091905098
7141.192327639372
11118.455441481965
10010.268445792572
10162.18125998984
6031.736171364046
6221.323973858752
6709.315554732193
12474.380440899586
6299.323909286224
5877.965687466513
6382.076113787478
5645.213953248206
7824.21413826508
12357.20173724621
5827.048934853179
7744.849421360675
11019.892425438142
6681.65253359304
8037.496793827864
8236.065182416038
5987.891284933086
9969.763300816841
8145.944947424476
9975.709694992891
10609.70565961859
8967.928705390295
6828.305735389137
10140.354175346354
9654.847578182824
8967.082723538444
10202.794519181924
9226.902448791638
6933.693822411653
5083.925705409721
10438.858194233348
5547.44016926176
7118.248645918178
9371.010599034995
9663.06014113593
5101.610293243573
11011.477300655559
5601.38888150982
6738.2522457841405
11556.065870473187
10940.59490915095
6560.45235099174
8365.348501610839
5331.042507114217
7166.453263998241
11089.063007339118
8946.464470192626
5684.160236319104
10031.217874983828
12990.948402872089
9205.931599710813
11009.910033926928
9795.395498059033
11453.251737634462
9357.865036060488
8103.1962992585195
7512.656011109744
7873.931130538269
13317.696690722376
10686.855526325362
11896.856830036526
5929.216565131314
5392.523318651938
6918.490670291447
5455.181148418321
6816.24710770829
9650.93031439056
8817.442020613349
9349.644299369684
8047.909137462243
7584.758453649249
8169.534354423893
11177.044793308653
8187.995023293392
12882.413426835443
9189.899717316272
10131.708211740139
9877.037781689905
12495.305209409116
12499.490163111022
5194.394273220165
9292.765302156518
7210.161536788592
8967.768781589428
5108.917758964084
6032.464208799113
8682.726562726693
10553.874944265328
7996.851884925217
12461.825579793867
7139.674299273885
5744.3571790340975
12519.981723522505
10614.851488854958
12232.612439900473
7322.547132836725
5674.186334961508
8648.114870440128
7030.658402274935
6621.416173619997
5314.525308021056
11985.453012060163
7669.158566833179
9775.08530317006
7001.180287723741
10683.7801575161
10401.95701674429
11796.94158404637
10858.66749275909
9248.177485280043
6649.020914974314
6984.042090983188
6131.045040972904
10054.745651673717
10122.43646042828
10965.925322280262
5780.273448034306
10034.038591772358
7700.460809895715
9262.51016297202
5308.5095557124005
6352.1078639121715
8682.603956661209
8634.805562708292
7143.6485358179325
10106.060376948262
10037.751720178716
5593.605439785913
8341.401925183349
11916.268126083478
9590.947340286188
9055.398689630058
10863.83865209675
7362.639316250494
10143.741307740816
6978.073131248567
10137.010373560388
7727.6434069096185
9390.698940397513
11149.71901453234
11783.353025787721
7619.57667395083
11836.738441071502
5419.682605591409
6873.641371536838
10391.515905480534
5834.628530186226
12192.815582875337
8674.442479568721
12604.874906331752
10506.765607036934
6462.34502082464
8009.535880471336
9669.039230262773
8139.691017388198
