645.3274215413136
1128.7631377507755
1193.6361526053176
1004.5104728057704
917.3095182418965
1022.624599435767
1046.7653762822551
1094.743215703908
1087.3508680846328
1208.8325613919221
1116.9699668268856
1231.5913122976744
926.0033569540731
776.7038779777142
770.0582501417122
672.5735667167158
756.7070626406648
792.3477263318186
703.1744958132072
683.9330064110711
767.3127938203273
869.3133774251992
757.3817025159991
1136.0581986471648
1232.7790585570656
1383.782221384868
1274.6048917368007
1280.4191778772886
1206.574094280425
1109.6246374436473
1263.2798332868751
1430.7369727990272
1388.6567320334093
1267.3545820543136
1399.2992450327174
1378.4289340506061
1393.6281014736842
1379.0125389223172
1344.9712713554222
1349.9328323104583
1360.2018827636466
1353.1259017152986
1369.5044385439141
1284.3615798936924
1146.8751187746261
1273.950181483548
1374.764851783571
1380.4041177655781
1260.7105593656527
1160.6253890188286
1355.7296470866145
1208.3602215246392
1313.181354297707
1393.8663386204544
1273.3386546756215
1409.5642463319464
1249.9193865119432
1280.2981043876216
1306.9361112053361
1402.4042436411387
1390.9531436399534
1264.4880522432618
1403.5230239886941
1385.5232275147628
1393.2139994875065
1278.9356444849136
1423.4958861302573
1272.5025953550175
1284.970928058439
1505.5239141087295
1378.8001239138634
1344.7567107408227
1425.301232885726
1313.3723166129994
1037.603399910045
775.0346210871758
1294.2114033414277
1327.0116688684398
1164.3271726510006
1219.830938496302
1278.711275385075
1194.3497199064434
1431.6611160176242
1288.52694030528
1473.1871856514408
637.5876071423755
1275.9817578522034
1390.167545275355
1344.9715778705863
1313.3695579765258
1351.952154209005
1344.12621884775
1413.5409916314513
1319.524995494227
1392.7625026513563
1407.6615917291585
1250.8861353382968
1332.3183253973152
1242.537581824223
1260.763893004139
1131.0368672352047
1146.1428540485135
1314.1435087649033
1067.5214080407509
1132.9007859457486
1146.3235017151649
1034.4177703596567
986.0766011548586
911.7274132041011
1123.5906943631044
1170.9699692790068
1233.660289652743
1348.4888393742026
1388.556831974337
1343.5478397877164
1402.9081545702843
1332.3449922165582
1248.1431311382216
1363.438809969181
1409.0353926929238
1340.3972061966938
1444.932303060942
1363.8358299481265
1341.4558489427884
1389.4524453984104
1274.2122458120834
1341.2468056011355
1389.34776970448
514.1288523695616
1240.781309034471
1299.6333294404985
1333.2314340700186
1280.3655377236387
1407.7582769004148
1392.6599145726836
1240.360577930632
1372.120023562014
1322.2125204496701
1369.7559083610847
1319.6126566832954
1333.081241639799
1274.0050415614128
1240.4541982564601
1373.4037756391294
1322.6219667190364
1233.6599831375793
1217.3156750628664
1012.4841607242937
1137.2266227920063
1228.5243215695539
1297.0807291464453
1310.6170518063757
1331.3211727776347
1258.1389362977234
1409.3259822879359
1407.9903832881218
1335.7732774920755
1381.6957726654682
1237.0605640251933
1055.0916045081835
1291.5426131684635
1428.1640416455593
1229.1106028494462
1320.3363411325777
1055.9989028671966
1246.8215951519662
1193.5242745705623
1242.9688486595683
1210.237013872059
1337.0328884107557
1280.0685187003821
1296.4559149798115
1314.0684125497935
1143.9874452468957
1370.7366295020438
1221.1097197593162
1403.6600362668742
1169.0610476508
1307.805533029606
1263.2135646422116
1379.5757978145127
1287.3596007292608
1371.3432230110334
1359.4522737499187
1253.7293699969064
1218.1447985807122
1284.1839786999321
1236.1948156772628
1192.5523149864255
1083.695502825155
1152.4466449054526
1255.1057887658535
1370.0728346292603
1279.459172384537
1176.9957508824573
1393.4389816176727
1413.584253531435
1339.583041292497
1394.8425145523183
1348.1847763317983
1237.2691991903098
1147.1600645795666
1228.6914840169807
1156.625672647527
1279.403750707188
1360.3690483317075
1198.2271367274234
1054.8126493764598
997.5381723767717
1158.2789065187944
1107.452670993571
1070.0041808668332
875.1065140193905
683.8019183575389
654.0341550528071
738.0088647827191
695.5192795994542
673.6877370639362
651.8638574075111
654.8696313198669
646.7376978095609
620.0016061394579
650.2646887965057
621.5720821438106
617.0410172051459
576.3695331006265
562.8978311395703
590.208332226473
709.171636468283
756.397333209829
614.5607246715973
668.1706712219275
637.6415538111892
608.5149503792819
606.3999957496565
590.4152299619799
580.7446765468084
567.1354032779141
565.4342441193022
565.4677739998483
549.6563760671326
563.2222110134014
544.0701372084479
515.241543986536
594.967286658294
538.2770006142564
507.4570082905252
580.7449830619721
583.1201690655905
600.7556001552391
588.5454567811269
576.7599794185285
568.2771722627481
587.1139912207223
571.9767627313663
553.3268951526057
575.3877027463881
572.208229237378
558.0291442791397
549.1457218043853
512.8151442290251
509.3212586756356
635.1051408314571
552.2931337213391
621.0360948169921
599.8257670853703
637.1744247016892
636.7603227155118
638.208300348896
660.3469710784552
689.3123475342489
729.8661427845717
677.9308264752268
624.7605605712789
601.8914642065896
620.7859784434015
696.7162810245029
619.2942357219772
578.542896368061
555.9198477537525
702.8161795868257
808.7438354691991
957.6587104866194
1196.6255949970187
1084.280124616805
776.623191918135
669.6567561459356
606.0331114905118
602.6240354478657
625.999801378174
644.8719400080348
681.7969424288295
662.8830775430234
679.1204118256003
673.6207768207543
668.6968709274022
640.2778907342918
584.0014001612678
594.098311269822
658.0171493190663
630.7920828140816
628.2482649493281
646.2712519926232
648.7067512212586
672.3467332226882
640.3435186623116
647.252775524876
656.2590352948694
682.4609052058834
669.4501649255924
651.7568836153749
658.118948486076
687.0172116935214
653.312141556059
609.0360261575954
609.3395557840004
755.3621158300787
632.0758768838166
647.1052094908538
601.0687029494392
637.3810159220324
618.6069621445599
713.1055871175355
714.5002311124334
704.8293711820982
667.3814940856878
804.9678751674085
697.2311667887959
747.3531372461471
828.469510828664
705.0381217879903
621.5035304416557
612.8199850017313
600.553219001815
568.6909677337618
548.0011941830778
502.68728305036865
698.208950161043
591.1273637907885
580.4844451728153
614.2084695452663
690.9675294183037
720.9695401577777
742.3299688866674
736.6079588146963
727.5707940093862
670.1097855579046
801.5622271340108
720.9827123324458
774.2473928841891
732.5469244064129
750.8132984349247
752.5724903360984
762.7046169840387
739.623682073621
780.6849005985368
830.9523143369447
826.6952025472636
822.1406937296398
846.6211810357636
863.7847213826806
799.2749690317513
863.9340363020212
784.2784081318882
772.4852372079984
807.3862798091105
803.5842657184041
824.8306708063924
838.4856148346801
911.4759314447814
962.5126726531344
974.624631313344
1053.3837026296142
1127.5904107344063
1083.8663291457915
1174.6398685975557
1113.0315614656984
1150.4573226044124
1221.7723414174704
1242.1345143839394
1107.6577296380956
1139.1080245261173
1303.1776222678773
1219.2746134741615
1253.652434690814
1252.2611623627172
1157.1081275152123
1204.2808112107718
1132.061513438306
1106.8880700620102
1229.5757449797668
1233.563737376173
1143.939052584456
1194.2172725257667
1232.8323921955516
1375.7946551578884
1353.0283289488043
572.6894580444088
1072.334002626222
1337.4693127235264
1387.445781747706
1255.6627580268073
1182.7025502244487
1235.9438199671872
1173.2993768287151
1129.4374711109458
960.8053951573057
877.9880630734643
847.0526294530192
801.9603980862099
785.9335900159429
776.7596080074802
969.7404781702583
1151.2797416771937
792.6640499807713
886.3862720440598
740.516012147809
700.0204547785918
707.5840229583944
630.332393217269
668.7902377781165
719.351753123696
774.4860065183941
677.1050746241817
784.2805537380341
678.1098626266783
705.0365754327688
648.9786111865176
680.6426781186279
633.7104968365592
604.4309423379588
616.8981401068553
631.694853119977
673.0673503725793
638.1089894358527
568.927935188626
585.7429447637473
622.1544005406677
594.2466695084029
605.9321382447624
620.4150950953078
620.2624505437783
585.1034232237741
603.2428895634039
618.4533980475393
632.4415578092023
634.7523418780225
658.6780860374661
703.3784940809492
694.8985863929336
691.5882226248242
744.7224961158119
714.3550506193501
707.7262459943577
677.9612887544642
643.42547807526
649.480702009636
633.5054381920346
668.4138371570759
635.258398413314
586.0703775163363
607.7946397445544
646.4845162843333
639.4499932771007
643.8484858763943
623.7254588634172
606.2930219575203
601.74587991493
640.2253247644138
641.2446395606453
647.2179096966529
679.3006387531782
641.572610785819
637.7411712393962
654.7604257046069
642.5534593097034
639.9301365733868
628.9177073034432
612.869917825328
602.4156051365403
582.470026212846
606.6605336388131
625.5878449981425
650.9383484969757
677.1590212929954
657.7566114299095
677.9042918962596
668.8297782342356
640.3435186623116
686.3958971724799
634.5914214170728
648.6534175827724
630.5533906503067
654.8654783417608
624.0573402279769
645.3963874531491
651.2431642009906
644.208641193758
633.5227141950531
630.9671861213203
598.7976066112911
628.4019818446171
643.2643965327677
707.3114170681217
683.7035342479664
612.700505271436
620.3617614568216
631.719912498837
652.4848571291953
638.8293000705802
703.3351097589932
745.9624800918401
773.2250380426963
763.4388977816332
750.0474076786544
767.96467440889
761.1607445378143
734.8298493457536
732.967769726192
688.295840977583
688.4666387539661
803.4202801058173
687.7223116053193
681.9930016776916
741.9713461451222
777.6475655952668
743.2124260429996
760.7378368676211
796.2151564039862
737.2589820181857
804.0305517967715
769.6315810338226
848.6907306953685
695.4196621712472
671.2049642378541
764.2093277877248
774.9529751744017
804.5987603412402
760.0716795927517
692.6227113023584
660.5535622987984
684.4004420357347
678.5277753207685
747.4918250748999
794.1188998617272
782.9113551040542
785.2111337750694
779.5197602152309
795.8643748051074
774.7614188137372
588.3462526069114
620.6222993459784
641.3657130503123
610.5912840982794
688.7554606186764
580.979533435762
617.4008127269877
586.330915405493
564.8686177886651
601.3879216468166
562.9523908387113
641.4653304785193
642.4896710188764
633.2430612118956
609.3398619929551
600.1394235308013
572.2811301411803
573.2963580685621
517.9285275645469
604.6914802271154
536.8287164657086
503.9319765201211
613.1309749136396
988.0677733635055
1278.090744180563
1429.9578112528666
1296.2320762338827
1036.5702953414311
1143.710043194117
890.4794896259062
809.2630681678445
848.3820699255086
850.7453018377423
1016.6975959417787
985.3974132572305
1088.4999164210774
970.7631906383695
740.4576242307523
1505.3219206158421
1083.207015028643
1240.4701370449732
1111.6694001007822
974.8876213238104
1120.845851072047
1677.6539411106721
1207.7238960447694
957.1863706193365
933.6580143364836
1145.9658334106862
1089.027124957241
980.7865842277346
1049.8551339132407
1021.7028667356229
1435.9628008086684
1117.23939365579
836.6364088519945
874.2519497429564
807.9122598300435
837.1568715999806
705.1450818007235
712.6896460403758
598.8499142370572
872.6905614989981
967.1573438726539
760.3049376323379
797.6063136474783
797.1854551607141
727.7846489334187
578.2980725100446
1078.881285638433
970.2869281267891
951.0206744892328
962.7440164303517
789.6408909210618
806.0680919032906
821.9851349828901
735.4146802781196
708.7564434595998
569.208058814947
1019.3703279426172
583.0496705779364
516.3207064071069
504.3384156272056
631.1854249178846
512.5888558114582
928.0725184023328
576.1553851478044
620.9774611355249
661.9675167490102
633.457928341659
649.0092320819934
616.1042658328364
620.1502690620789
609.3940358688131
590.7015353346796
590.0737720696027
601.9520434462681
600.1967418664158
615.4844921718071
643.3743069181289
631.805198578914
505.37137172892125
500.0
708.0183549453769
804.5344627259169
611.1460765446014
611.6535768551147
620.3570670804404
610.7328941039152
619.9089702754194
627.388199704731
583.5860721144356
668.2863106198963
696.4587378374677
652.8775030539127
690.2705139360185
622.5085936634733
558.8784977977907
500.8263648813725
510.4656029191587
728.9625360819434
662.3370648078222
513.4284293223031
622.8304345853728
579.62896135089
538.2432839462479
711.3135681068228
640.8952122740116
579.9508022727895
578.7906653897816
614.2449448497483
591.5199106120045
556.3424409390731
572.3799268205755
541.9380177296545
687.8095811574256
587.0625861242411
650.4539259305468
606.9151958869438
575.4057954252407
605.5681135953371
564.8696431877413
524.7655611064076
527.7115548544944
512.1888820002443
730.9689843436141
507.0164652527525
679.0877042951026
601.1267088731236
686.0550038466561
614.2449448497483
563.9012080677545
516.1141151867638
679.7605725726285
573.6207149307444
541.8955024535398
509.51332923868347
614.8647185107777
563.4235046453394
689.444149054646
723.7382916316047
639.9282993196583
564.3148041044775
716.3010076992523
671.470712884794
607.1131104739471
655.7195282202547
582.7596998840482
598.6432751524843
649.985225969109
631.1254042882443
640.203714064673
588.30337423441
623.748140985532
653.4972767149421
672.7434881653695
648.4815975776027
626.4338268499928
509.0900136950975
904.7122006521824
779.0054277705191
725.8836025921692
650.1359817244945
558.4062892941492
919.6027073054008
797.5670140729783
749.7687853948385
745.2955030955989
792.994194370897
851.5572516085826
865.102116291293
865.6649265110474
874.9097312842863
774.2848272351175
685.3123246477835
661.3030747160149
651.8445469521971
643.1677156977859
712.5823657330759
720.4328321061147
696.4682505463122
683.2464124443521
686.9650544105284
785.3024752938561
769.6015425477785
764.6433532595436
572.513518340437
689.3276732924346
894.0859329565512
582.8430793575933
901.6023720520626
793.8646698770383
675.4033024352425
744.2598143851709
758.2469948231633
770.411968640638
735.5435633077885
784.8892928531698
776.9395155670877
762.0009488060023
797.6066069956569
849.4058158448576
973.4143477686737
1004.6534451010227
989.5555979681724
1036.8159450005537
1031.0185171940702
1063.4098136346936
928.6994643341
733.4253968656168
1300.5409788296106
1123.1422626785911
997.3237553741719
950.4625459867707
1017.5568182688326
930.5440725893299
1005.5223649645238
924.0165256628799
1098.9079477747205
972.2000963683674
844.2484064276639
891.8122034721221
1009.056705713974
988.49268911892
973.1938185291278
1050.0551216129256
979.946960616071
1030.6178550251261
1177.2487894286396
1148.4665455046284
1295.431371050501
1127.0717870774024
1101.9528694110536
911.5846356237208
993.1727800401175
1043.9957561953868
849.8711205908305
1176.2674708534732
572.1003358997507
881.1663188060131
831.4479149095419
835.2202081580252
781.615710904706
770.3531177292049
807.9684246765254
817.7372968877269
771.7332165210487
601.1279502442262
848.4405538778468
762.3383592284156
539.712717641092
909.6703899404176
788.2167222587459
797.3871421384378
807.3153622026239
806.1553149116357
984.5716614061853
1039.187146307044
923.3054104830638
900.7869674656632
709.4799888857254
525.6435746708795
1054.7004917729287
1282.5644775081216
948.8863980745621
1041.0624060786454
968.8117280195457
811.8468672975039
916.1021654522511
1061.3422491277424
969.9537194503195
1095.0624085307668
1113.3883371388895
1072.6708627911435
994.9833684872169
1337.6372830332414
1164.451378045857
1146.8648218287858
891.2837713298793
919.7669994331513
1428.860486966771
1335.4739786220773
1221.9036612273499
1094.1667712223948
1158.1965628615603
1282.3344766131872
1557.243523209714
1261.5074987913085
942.2707297226937
1189.4141444557263
1134.0353673187456
1644.1199561397236
1259.7536190245382
1372.7302041268385
1036.557696329543
1170.437552439636
1583.1786112901386
1634.8473944087264
1406.1610909923913
1180.6600362656468
1070.9964050533868
1342.0649691308304
1151.2080171288849
1072.4317809634467
918.3151084493254
1102.6364325901977
926.5968358397394
846.8008971862685
820.0104133418286
790.8798252127931
601.5563766958661
957.1863706193365
665.0663850541571
543.5907474923995
815.4647934639524
617.0936967813047
616.0484800730405
646.365894915976
691.0968788173909
646.1198443848868
659.1353166362944
623.7873749264875
608.3627820154742
607.8406170191114
899.8612916712474
713.3087876481146
709.5907777352289
702.5587068493061
607.5258801449623
552.1137210211498
802.6561378026786
585.1155827813676
539.8721055262232
782.7466054909298
683.8440587174168
646.0599927825897
609.2867555615132
616.7240394938658
636.3502054264627
677.4618582747447
650.1918171894522
658.6700266177768
652.9225825238145
671.2641216644508
734.3027751976197
729.3162545808691
771.465767773486
755.5484353218267
761.2385828210103
774.2458603083705
776.7648019237708
764.2976041548743
782.8233806497385
799.876546838062
753.3601023733892
770.602621072468
747.1793452917841
518.9101465101614
978.3994295521513
789.7122467937893
791.2060040306568
875.5162828426492
741.2985453607704
776.4895709433629
734.067852648761
977.1901632336287
719.4354317633899
675.8392606979837
534.9494854971464
509.91637857647004
505.30393839290423
1066.9537419575531
671.6429756340892
725.371621219812
687.1520286603939
684.0844249019458
662.7506608445452
683.0876375895484
683.1985960788128
652.7781921408695
739.3319440703824
629.9458775958258
534.0875513566157
788.1947523786598
715.0785368616296
760.7659364385636
816.7443733199206
778.691556242876
852.5924689883329
857.1949939126089
811.746151497776
727.8701160384672
653.9503061269112
860.8039034501755
905.0691214843573
961.8480962321091
961.6915304956024
927.8504173306126
818.3570705487562
775.3860967173861
805.861707067783
787.8308989757495
789.5933243086188
811.4384360464542
857.3035002805636
894.2753593277264
757.4126605475342
594.1108658369672
547.1787962031584
715.9589367765476
519.6261659325969
931.1601680683946
660.9302694350026
622.482233359394
1091.4418514169788
788.3741136614921
778.7643491453393
736.9760685220779
811.7396941633382
861.3121055916131
904.1402433566925
948.2079284438307
913.6428264621488
888.4556636088088
937.3211228590427
834.4552469470068
910.3496275432074
883.2346831307541
863.385987189301
862.0908574301923
890.9846125300948
845.5601090760996
869.9055647214943
852.7505240387583
854.30394288846
844.9080270599761
822.588205868662
735.7545544577828
757.6071322994421
885.0860347195857
1118.7407049276603
749.8126265747312
811.5412707606542
793.3396207540101
778.484965022533
658.2965496798363
633.7989382739371
510.5361522374994
874.9630649227726
605.7747048156801
561.5893179056759
982.6792367854162
732.3078425787162
706.2770432189456
621.8888200024439
500.2074184124166
647.1205352490394
908.7839480869573
760.243960444544
811.6484438948199
823.9377500998819
746.2567346490054
699.7799016168674
693.9771616171297
647.7709230689478
602.262654069847
822.7852635794077
648.9522698673934
569.4847545635147
720.8609040041231
603.7087926122489
610.4152678420689
602.262654069847
547.7709626355586
502.88876854260013
1044.1935943981216
644.9197563735742
661.9914249317799
655.5392807356037
609.3833436645309
639.3824847696972
639.0358912909234
623.3349585448458
595.3491748500129
602.5724375013526
737.3733121742509
589.040815967887
609.2867555615132
637.0389116225516
603.915383832592
514.874567864705
547.3573665988356
711.5494096313603
514.859089002042
675.3653399645959
590.0737720696027
558.2587241367613
624.3679146465614
608.9967922166401
554.210271854429
510.52500745638196
514.2399344955192
791.6760319475472
673.2399184097503
591.5199106120045
620.6492726803851
575.1992042048976
556.6059943740163
515.89101317958
721.4657882078304
603.2956101715627
541.6891176180322
521.5076143036497
531.9664664237159
563.7496380068189
633.7367542544298
568.8643605084302
564.249869526712
638.0029351892077
640.3410689906735
589.6515500395737
582.116025389264
661.1859373769429
646.421680675772
643.9835872672475
595.0319613578376
584.2892178999952
576.6453427472995
597.0002535340739
590.9917484731093
515.9075239664206
547.722571899262
689.8734295125018
529.1591409830247
776.2124615987586
675.3653399645959
686.3452807494991
648.183692739963
538.0514557725687
641.7857628392269
579.9508022727895
581.1903495948483
596.782092987231
607.0142521377389
562.1165239872637
570.7814179917826
577.4185574697333
634.149523925445
670.8157835606432
715.439087058889
703.1175792237414
659.2350945323999
589.6605896289165
634.3559087609526
598.4806595000636
624.943550124016
525.1783307774228
818.0559726340218
671.470712884794
684.2793685460679
726.0107950553792
727.3576226847377
720.3255517988149
699.5735167813598
585.4082019773491
507.0241014916663
815.3554095011334
766.1496700252886
734.039784311132
769.4584383190725
881.4746730607092
798.5310646908506
796.7557767427886
854.5685282475808
856.5204040492583
761.3378937340535
669.817983122049
677.4618582747447
667.1335233182433
694.2049425774492
673.2450584332648
616.7240394938658
729.2169436678258
886.8086431895738
1027.2244724976206
1064.3802406430116
962.427570471918
874.2439803486999
787.4676984103306
763.5846382248405
753.570799485545
690.4771051563616
699.5735167813598
718.5186249652928
1022.7157907499117
1165.5810867942469
974.6240182830165
810.4551854922461
746.9984092063661
885.4832783717588
733.2175795846188
767.6508800459037
687.0484265350585
546.069842136517
796.7109696872851
987.1288344344232
896.0188255563024
1144.0245277520871
1247.6514131434456
1161.683710094102
1561.2554207206704
1160.0260462316787
1113.1162443337512
946.0304447208076
930.2774043968989
1139.6824339429172
1249.6331013490346
1382.752023919626
1178.3339960872318
666.4052432892591
1126.4495005443102
1500.5708235058003
1872.550977745756
1257.3129180840042
1266.9101350669287
1288.8117180048762
1266.7513602121248
1277.5584718543473
1263.4097318973168
1265.9090565422393
1275.3564669182272
1278.7581722051232
1261.6576912215282
1266.34179532403
1280.0629959046396
1240.9795652470657
1122.7290802379048
1449.6599929460644
1274.2523992985298
1231.4953730514321
1018.2098615327966
1205.2772920080056
1485.2506946655328
1413.2339054294164
1080.7548937189322
1083.6134694768266
943.9804713058895
945.5406334891929
1389.7090962710956
1268.518726646099
1263.2786059989323
1159.4765701852293
1388.5828597354916
1273.738066853818
1269.8581979115284
1272.8048150109314
1134.6561982883377
1338.6726912562667
1342.8725620294738
1271.5889919727817
1253.3983244154358
1130.8897399566222
1376.337274573423
1326.0148410555403
1271.5611961611226
1274.6416735564464
1183.6201566006407
1296.7581432181587
1333.5555681794394
1270.279349746471
1272.3372925556457
1231.6216572988822
1287.825503778106
1152.2697734076314
1418.4414235218103
1258.025199959785
921.4877755622408
716.6758993225637
1119.2686387909982
1696.1723612416072
1715.0046529001854
1021.2411244124938
1139.0623387324467
1342.2277233282434
1355.1147218266028
1263.7114604026497
1222.2018921974498
1290.9642190545355
1308.72738582208
1259.2662599142332
1284.5151400099967
1132.216761378369
1238.04004309926
1438.7141649728287
1277.5016459680198
1270.7395683322802
1133.5469067175118
1300.8343968239117
1364.015013987775
1271.5810305399582
1245.7124336736624
1113.0413619735655
1274.9567711447444
1462.1897198083586
1272.5837307472716
1264.5475161850222
1143.4059801517128
1046.7721705483066
1573.448593933207
1330.4090424425417
1250.896003228073
1201.0403798437528
1134.6561982883377
1486.9818923101886
1280.4305189383458
1241.721331943253
1255.41336430635
1034.085507922191
1547.0839986415249
1275.921067849788
1271.6647982864577
1242.638425313085
1161.021406610347
1415.5264643148917
1259.788923692186
1272.1386707295592
1221.480860531056
1132.140209139679
1452.2751803228707
1282.235280222293
1271.041815881102
1150.823854723259
1104.1877245498947
1543.4296660676093
1301.5708697796892
1193.9147460478669
994.4882604531028
1126.106473564298
1635.5951564065144
1400.6958735678513
1275.9509676522944
1203.1592722267428
1125.2419338068667
1401.7215950983339
1352.256217251409
1268.543247859196
1175.390224454924
1154.2388390676872
1170.0329548732054
1214.2558164118032
1174.6472316980817
1049.6859036945702
1120.383013174839
1199.4590211703894
1161.7827902770123
1069.3341387189548
1088.9425267720562
1065.9538894935185
1052.1858413698205
1182.447278317048
1085.2543534563479
1006.4120371514214
1371.7285187082616
1566.1878627351534
1550.222100887627
1625.444600244967
1164.8488372691343
617.5140545609486
1158.1655206225628
1412.7180950658053
1638.2227721923766
1549.3888803758061
1131.5174830119079
1399.8776391466454
1322.7486154710057
1298.130543582165
1240.2448309457332
1051.0590916280084
1287.8728427286355
947.0112932446918
915.1593189615783
887.9138159820634
808.0624522602632
817.6220471861704
742.5380926828291
779.3113299039055
760.457043256107
720.8460145468009
765.1156799334813
735.1008087504766
745.4303697676329
896.8617342791439
900.373785024977
855.1876827541037
820.9511448910827
745.4303697676329
694.1957471225378
694.8155207835672
696.261659325969
681.618036092197
641.6572629716736
587.5946774254851
511.7756995595581
1255.9050600386008
1412.4325002523642
1654.1135765374495
1371.284503463242
1259.6647296270612
1283.5716863360853
1134.1409140818264
1169.80980938435
1511.7452523866295
1271.0531263019534
920.0073956862348
1049.1599236736374
1352.8850197896786
1629.1920515683125
1400.68683917885
1277.3347157848361
1105.830899262361
1172.2756292578608
1536.9061347096062
1133.211898836918
1408.2792197840417
1101.406046358988
1177.6565975754243
1536.3970409434783
1270.6403566309382
1272.3912189742084
1182.9703444535671
1186.1311288217844
1445.014108008042
1272.3912189742084
1267.0932320990091
1168.3673490239128
1159.4844101006079
1482.3302181856675
1244.4493169003063
1258.2118477510576
1176.010611146281
1246.3944621292342
1439.731353763046
1265.5712768318267
1238.0406978573774
1057.9998209951445
1219.401510751939
1288.5531707767627
1192.790477268631
1101.3245133254404
1041.858785754332
1094.1563497068287
1322.2295413993268
1141.8317182708786
1155.0566215244758
1117.1486651673308
1114.4170020283132
1225.9774870742558
1203.236416673551
1203.6508212980843
1115.0312584163955
1213.4735074857135
1202.2863170404858
1139.6346175773779
1121.1952783586808
1096.4423397978062
1113.3267309592813
1278.1690500604655
1188.0575143408628
910.0516948040776
1051.128977085335
1168.5543232737782
1321.1207400767003
1194.937690548189
1195.1751652423247
1134.548917981038
1073.1986598560138
975.4047188482573
963.4392799590986
821.5472803726898
773.9871921310917
1264.7366240749766
1033.7354676052298
982.696401634584
902.6462884487512
568.7213127349694
1052.3905934991813
784.8153531892821
1118.429787482096
1163.5949079248883
1142.5587722392079
1020.2471701453458
1171.8517907001847
1106.6740352081856
1184.3922188996962
1085.066336011731
1054.2401059970305
1358.6930356893995
1116.4151544769816
1222.0430584328246
1167.7114065735652
1172.2236589468525
1221.9989202492502
1136.722110491769
1178.026845846146
1155.6515898552493
1117.699394833241
1324.4319096126778
1027.7921385808186
1127.3028995108425
1189.3624116776557
858.634389121409
825.480514799197
1340.1411952804942
1613.138134618513
1183.7104604474716
1133.4618069884195
1118.954453077642
1436.5644390915545
1248.0886795308415
1170.5072967588492
1052.8240059406726
1128.3775135035996
1272.589861050546
1044.9293535198294
1160.1981068806117
1153.679755409073
970.5032284220478
1050.0831473467433
1466.9946515147367
1183.8059047898512
1120.3003336949646
1092.5628531557109
1270.6569764281667
1230.789775144563
1213.2515905071846
1193.4004424444217
1084.4367538654628
1306.581779676083
927.0393782074258
1182.9268015402006
1128.4849575974408
1124.6662560725763
1276.2300351348115
1345.1266745434252
1200.355884539416
861.3792278193322
1030.0398961978021
1593.2225001747138
1210.3347922092837
1194.4603718805442
1125.931550668387
946.2027062428149
989.8700825261427
1070.4593145467393
1155.7368863672737
1157.172802214756
1146.8132027115557
1180.2472637391336
1134.2086861493153
1044.7638831956538
1051.8731959028323
1050.9469070780892
1055.5434084731419
1081.623557692897
1072.2595194414396
1005.0002840373852
974.9648631450663
1048.2814512144337
964.830245772032
999.4621680594034
953.1299489427474
907.7117580442862
1009.8554842306122
780.8579086579757
1086.2932526999266
1579.874990855631
1192.206770123129
1324.2346009846901
1369.7531987643279
1273.8238910996579
1275.3766969190322
1150.6814240776243
1051.7941149905942
1602.9561957136104
1258.5647002910591
1280.6072981072707
1143.9147953234778
1159.138177444489
1414.8079927711465
1268.6689190763186
1216.3158259671304
1197.639547158584
1149.74348767666
1101.301756952405
1116.6827621184857
1101.2668884746622
1107.089254550839
1300.7900483265862
1190.427858386725
1151.7626913785502
997.6468582355881
1384.4979342921401
1030.5474269655317
1398.5337146669156
1137.9383626613853
794.6250632639438
868.5484395326516
1166.0044698643949
1516.0851947600356
1501.2581425753242
1638.733871682944
1413.0602433076501
1159.7659204997751
1238.233802410517
1553.3608161640568
1366.8684081359752
1267.0787184069713
1063.721233041027
1402.427178998059
1366.2100184734695
1299.8789060759889
1174.4270533739982
930.0119622651226
1501.0766905075575
1075.971418074014
1191.0476320477544
1086.7086442589098
1195.1139179396118
1306.9264880405767
1216.0451697092726
1166.6588335013716
1203.3131428389272
1140.4750821562811
1262.8334833895346
695.8913890082027
1047.2172305660192
1497.8355942572955
1047.9995001330703
1177.2764034073525
1204.377963656893
1105.8163356499879
1169.402757246938
1125.5539239866916
1226.3287534518718
1112.6815131713652
1007.1495683653466
1304.2259041277784
1093.2251566394657
1509.0810225836287
1268.0319805661213
1262.6721872101973
1269.756231761021
1100.7580733028972
1456.2145132069209
1265.0091739529187
1263.0748762004278
1246.1510890892455
1136.2255559265523
708.2098341413848
1322.5467953325401
1605.1496182251465
1623.6214480511971
975.3612243030318
1394.0338634246461
984.4564117046289
1313.2662623663546
1275.495605817598
968.4967801603769
1412.3204537723384
1245.0678645006806
1459.779284560913
1237.623224204399
1071.254149704458
1392.9724655385003
1376.6603415559773
1281.901178693845
1272.49353322514
1160.319579545682
1307.2855384919699
1352.567023627415
1264.399162845785
1272.9374492461975
1071.881892759744
1238.0333414934482
878.5584877931358
759.2187342430614
835.741191889743
613.9827771415578
580.9837583745051
569.8278324759764
1413.3594511008675
1694.2315624529285
1557.122105688616
1604.8352950555407
1702.1671633788956
1693.849262258747
1619.311231819053
1653.3987831756688
1698.6422604308134
1411.273872933526
1807.5158335516403
1717.680530279407
1698.45957739324
1728.3356104004274
1508.5587207446601
1537.4402189125217
1611.5240143437904
1643.9789591644153
1390.6147508992135
1815.1836168871055
1663.5971557027556
1671.578810565864
1634.0110860404413
1579.4072487158037
1546.1641120336078
1589.4125811223678
1561.8788725636643
1642.24285727714
1645.6416027482796
1650.5253842340012
1522.2155096819006
1842.6487206634506
1671.1702433065439
1643.7361991547539
1641.7324797678239
1640.2646084105309
1626.9551069717488
1590.5368516677454
1484.5064623478684
1464.0939879790799
1635.1149431802562
1599.697398758318
1544.0440413849203
1577.409382878717
1622.580522555225
1580.6786736148886
1518.4947162916078
1582.3559245907309
1568.284426454956
1674.4453403769157
1694.923618464637
1277.1521962628444
1039.7796533118483
1572.8208508779207
1747.6545036083564
1717.829496648972
1356.478852375023
1098.2471010817535
658.1992193263123
1529.10459874607
1775.8957292629211
1345.4823524075518
1090.714184418322
1667.6100522260972
1751.0998785791267
1779.0103005756857
1405.806009371966
1169.80980938435
1401.4865050890394
1735.092430669335
1600.5397872557471
1029.440175385123
1011.6109404487453
984.0787850229335
966.3677258332207
1029.9064801801164
957.0006224301258
1071.2038812176093
1027.8644241039328
691.9410909200276
1189.3231777367002
1042.0174019928972
1519.8554233203117
1686.1284723570323
1737.6034028904787
1757.0634376043429
1374.7679169352082
980.3781518178046
1379.4759898498523
1675.1429688895282
1725.3328798553478
1430.020280329309
990.1383106015492
1590.71152795357
1701.8220487391807
1658.2904822514674
1394.5418231767148
1081.8805389015956
1533.9007814501927
1680.7926563871017
1782.4870313434233
1319.2126565424028
985.5672226579279
1481.484236333817
1619.587708496723
1618.0183508585083
1344.9501218091261
1026.6843927791565
1198.6859899275032
1546.4556425559115
1626.3075693447913
1409.6076565035776
1146.288610139642
1544.8862849176967
1624.9235244666536
1187.7004864599992
1480.8166714163826
964.6892678196868
1076.1660515394444
1556.0180096591225
1421.0106336240597
1016.5908484380601
1021.6624483368691
1038.2363362692038
1012.0335809839627
979.5373020280362
996.0434065383224
625.5565804514438
1012.8679152595918
1284.7070185024813
1268.114132754176
1215.8660181927544
1134.6561982883377
1424.8475904434295
1415.730603413925
1592.3930701417041
1486.0911592444363
1055.5605733223097
1419.6728673300904
1586.148608838496
1617.390607803222
1551.163715470556
967.9904171099217
1445.3890106548756
1639.9893577935159
1662.2742362561667
1616.9008302545924
1148.4879101331364
1130.885977260986
1666.2659657443587
1801.9470660572877
1678.281684165958
1067.4876913727426
1259.263194762596
1662.5881077838096
1752.3578731534558
1634.9674133512283
1049.9108858247364
1310.2935525116436
1679.298866219578
1692.0291942395775
1628.188917162831
958.2603997529897
1354.3662676384151
1629.1920515683125
1779.9760591222796
1620.529323079652
1157.8826913339171
1114.2545489915447
1608.7483230430869
1527.9059578782776
1615.2114009679274
1174.8317538266376
1078.7870663678896
1649.091632095162
1621.604199799692
1643.6445943827034
1251.4164065715217
1129.6317453822928
1446.6501521082882
1594.4779862852856
1600.441545310502
1168.8681948014212
1187.0727434047133
1575.6456946267074
1581.6092536519238
1627.4344966877973
1214.9195131334288
1070.8840389341244
1462.3167512056584
1638.420000155301
1604.685565926519
1073.1913108410997
1206.2189065909342
1590.8613945388408
1653.1719619545206
1624.9235244666536
1219.309324708855
1125.552353058125
1658.2904822514674
1648.4638890398762
1640.5027372491404
1245.7667190739485
1079.4148094231755
1615.1935071097214
1665.7268230602392
1629.317725853655
1216.8008609514686
627.4398096173015
1019.0433962303308
1573.448593933207
1613.3102779438636
1290.0226044716069
1096.3638719158955
1598.558316144644
1590.2484028323624
1675.3773514316922
1004.6122358401233
1077.8454517849605
1281.3770377638944
1180.4385475738284
1401.3613860871224
1264.9717331716024
1251.6057955852043
1664.7852084773103
1249.5986409445327
1162.6532933419594
1273.137796865953
1045.1208104389057
1488.0755384143195
1640.9309723764447
1583.9772434388967
1315.132326683044
1058.002424686515
1591.025399481213
1651.6026043163056
1664.1574654220244
1438.4838370467305
1101.385816358183
1305.4023093261121
1603.5802605869317
1689.5810591611048
1463.5709830843516
878.2231602040329
1494.092194825093
1599.0280259832148
1522.2912131093676
1175.026170964232
965.4794448887781
1470.3460883147839
1335.012287171196
946.3320556419021
1196.3099701169008
1069.3709205386003
1622.2799658744734
1582.8647397624957
1319.753349291194
1124.5822709177187
905.7513550355604
1604.8357466975035
1151.8850431588016
847.4864326171369
876.8984016664617
1166.6710941079205
1105.6561856190442
1102.2894230608115
1238.5827287393008
1167.4777364720521
1024.8011636132987
1332.7606267785543
1219.7472035141604
1170.1569060511806
1040.996198803283
1054.064274691029
887.3670592035469
1225.1308921920781
1222.8626799805957
1124.3186678769248
1250.3515637065111
1522.5866937271876
1226.270965371797
1190.5394299063169
1332.7379446564396
915.2600004659031
1456.3591497818657
1682.6036228388878
1637.478385572372
1491.2142536907493
1047.3999136035927
1282.1758162805327
1627.7483682154402
1567.7989064356332
1551.4775869981988
1001.2607990400763
1224.3262522236278
1671.6071228714163
1637.1645140447292
1660.077135562666
1139.0384844724917
1059.2591675399403
1596.0473439235004
1754.8663369108422
1889.3827059006856
1517.6561233268171
1153.174618419273
1506.5939585452547
1586.0034550389255
1611.7409203056488
1089.4586983077502
1109.2326045492573
1624.2957814113674
1638.106128627658
1649.4055036228049
1141.875243424126
1075.6483510914595
1682.3620140253165
1614.3923664972062
1699.8838370734854
1119.2764934338322
1157.2549482786312
1573.448593933207
1619.27383696908
1663.5297223667385
1197.4305038169314
753.9300352574176
1131.203611484265
1647.5222744569471
1640.7312359497628
1228.2910813256428
1167.8858176824347
1712.137079894382
1690.5226737440337
1718.4936124287399
1193.7306528564473
995.9249830701458
1673.2597397236707
1679.5371702765299
1743.5669619156952
1312.6213544619004
1054.3050872117378
1522.2063234132577
1674.4347942916231
1288.8161607872291
981.7952868604295
996.8665976530747
1234.371098317395
902.894706255829
1087.3707170125317
1177.332304532215
1287.6649620976332
1750.4721355238407
1307.5990418332303
1093.2496778525629
835.7042193806931
833.5216017583346
1095.1653172384142
1172.561702524173
1102.8331809612398
1070.2867878477773
1236.83180205169
1212.8788680681087
1146.2603825169579
1245.4644951225264
1407.9684134080358
1298.3757557131362
1511.3020314598991
1489.6185357484549
1375.0437805825504
1156.050343685236
1729.187722555552
1477.7177780021016
1307.0899818175203
1407.3008233814671
971.8549602940258
852.1329422214271
1012.7596819632043
1506.9078300728975
1285.9606030554442
1068.3214617095618
1170.3459004249692
875.9790543823229
1037.3572507796725
1457.9542932761608
860.6878079994862
1034.6133847166395
779.3023671677997
1412.5953662715253
969.937651296339
940.7522437833518
1107.0500598046299
1164.0867398861008
1297.0399626296712
1296.2172759302634
1127.1490288986583
1153.6061917697818
948.1919896553177
755.1401571237598
795.8386275313555
513.4903349742689
996.7758691646154
786.1288401752286
779.5179211242486
733.861261428418
794.0784480955745
821.4449043080094
698.7957460362718
698.5936266915039
660.9888890026584
552.0254317674768
921.7862931604743
794.7037513024302
818.8775332967423
830.8624433880425
782.0681272863477
757.6709512724676
573.1332920014663
546.27643335686
1054.8488451121661
1594.951772377462
1506.659623359346
1169.4536075308013
1578.9223374313008
1610.0025549217798
1635.5951564065144
1612.5402087604273
1145.3278302281985
1109.5464760769
1514.4407467363287
1581.9231251795668
1631.2009550195128
1180.7953128518539
1120.8521222314405
2000.0
1869.1139578619498
1419.468862350579
1242.1990564950056
1020.3001390837561
1365.4273385766103
1583.4924828177818
1536.0978821436934
1123.042951765548
627.5679973883509
1275.2706426723873
1654.841344585061
1587.091165978565
1282.3344766131872
1106.387024543389
1318.7072010952895
1484.352437711047
1529.1927085355483
1330.935961912548
1195.6157671365852
722.8684015969849
1030.7328450614891
1256.8631810307165
1041.2573497227672
1395.797309287287
1117.8892443851917
1048.6357631070796
1317.3429140437484
1072.6163030920025
1087.8378461220314
1074.9421401542631
944.0893285893064
974.9003035037674
869.4641828857464
1156.3907335207791
1034.3666998401372
891.3050289679368
1008.7237455633126
1060.3495662401747
1142.0640567649737
1189.3421816768505
1087.9897772066965
1174.989352325948
1298.708694259974
1134.2350464533947
1198.898098420793
1100.955661752536
1203.3523767798824
1088.355856748708
1191.1395865968684
1073.6167685863643
1115.0843703595986
997.6720176384155
1124.142728172953
1189.8050195740584
1071.6379066894278
1215.8385784889292
932.7883809049679
1213.6782596150742
1137.2398161373915
1040.649223637959
831.9920910914025
873.1037439396844
824.9679895997363
788.1947523786598
765.6166641437974
744.5432657923274
1136.7125212521416
1045.2208344062437
973.9030946179616
1095.1893058085443
1049.3376332653677
1033.586758352489
995.9292742824377
1126.9289510111118
1171.6654521854737
1327.8490277952037
942.8322655026175
941.1844399824919
1090.1234412034576
1214.6117299152147
1236.9268217524414
1250.9431471587477
1364.9980526069933
996.5527261254318
1495.6084550777507
1586.6311980942114
1543.316927279482
1468.3016321728126
1152.20791919877
1254.682681247574
1617.390607803222
1560.3236146229804
1371.6280699104816
1055.5717809158034
1354.994010693701
1627.9972585283758
952.188555442684
1491.5787091182426
1016.6405038945817
632.147882531946
1377.2788891563519
1584.7479689283537
1493.097482856607
1143.7584725899837
1417.164403572704
1616.3104373207032
1375.094662099727
1470.1140560296435
1151.0013958399873
1142.8168580070546
1569.054392546205
1566.5434203250613
1619.587708496723
1083.6899910639695
1139.3765244458032
1568.2993449552318
1648.6715657964046
1231.3182072868055
845.0962273704963
1210.5266707017686
1090.1820740941148
1078.9253797279182
1063.2343531866636
970.4888274149054
987.7900706251808
897.0528156481098
871.0793150881902
836.3732451802841
903.5603166669459
500.0
1180.3048885899116
867.6214137214988
1131.173572998221
1130.61142418797
1348.8912937841587
1405.5866429932632
1404.2497714418596
1298.2844141943494
1312.2246900896362
1053.9912156840949
1594.1641147576427
1698.425902369649
1450.0970835695202
1228.9194527523555
1244.1973614357335
1377.2788891563519
1580.981510596638
1540.805955058338
1366.36801248563
1184.2478996559266
1284.8445097297813
1533.5869099225497
1579.726024486066
1402.7024828954322
1134.6561982883377
1287.6649620976332
1565.4123517569785
1503.141371741182
1391.0892363726425
1318.5849134871169
1268.365469064242
1534.5285245054788
1374.454045407565
1508.0962147779594
1039.1512818851356
1172.634653133137
1523.8568925656177
1543.6307988071248
1518.2072050680445
1064.976719151599
1180.7416944390397
1530.44819464612
1499.1191662387942
1502.1386133541666
1087.850067455366
1231.9563718576578
1578.4705383754942
1574.7040800437787
1173.9440859125223
756.1449138304138
700.25800403047
1553.0469446364139
1570.3098786567768
1506.2148669599196
1145.6602387129296
1312.9352259895434
1545.8278995006256
1619.587708496723
1557.4411460234153
1214.3795663096516
987.1365802961427
1529.5065800631912
1537.6672397819084
1521.97366339976
1113.6402889289548
1203.3940628421474
1586.4627945518523
1641.9854678284562
1583.3209374182893
1376.02340304578
1129.3203823184072
1213.1240801990798
1549.5943578323413
1562.14921893806
1301.0081079391107
1070.0557311443667
1363.7824134677041
1623.6680383560815
1565.2879342144895
1348.7165801408419
1174.8317538266376
1347.0532809743333
1548.9666147770552
1513.813003681043
1490.8505264459282
1091.9696705288939
1254.682681247574
1477.7177780021016
1533.273038394907
1519.776562706259
1133.3944410183724
1154.1432529735503
1531.9927616073576
1062.5691631216669
982.9109622491837
1086.3772808509352
1595.8883659525422
1505.1888930347905
1562.9633477096002
1409.404743465199
1007.1043391227905
676.2269212347087
1568.2400231771855
1349.8700864211207
682.9456839432886
1244.934836919629
1430.4433312721892
1413.7928145489261
1484.4439467546379
1293.4553734321275
1019.3575819436873
1360.0159551359886
1618.3322223861512
1334.567840183811
1400.918793686916
917.2472251028819
1378.2205037392805
1614.8796355820784
1580.353767541352
1532.8672943821496
1134.6637387454582
1041.750226106019
1370.4442660913828
1168.8681948014212
1268.8210383486087
1179.225955213639
1334.2784898692653
1519.4626911786163
1338.13567668944
1179.379212795496
1093.266842701731
1254.192648835009
1092.932741173283
1050.3736028340818
1083.6556956610364
935.6007026434567
1054.6785298542754
999.2110367186842
971.8917421136714
1220.4802677518537
1025.4411672751335
1332.5997901351243
1294.8101339870852
1315.828729135002
1307.1704725157863
626.9396259616383
1001.5746705677193
1438.1727875408146
1588.033723118634
1531.332575100897
1076.225196061182
1275.2706426723873
1167.187661265584
1275.499939333316
1184.146749651901
1158.6048410596272
1203.7079343697906
1347.670893708041
1188.1661293238003
1159.4883433071218
1077.7942836960492
1032.2738330524635
1008.0953741366001
975.430153163584
1102.6940230769137
1062.5964810064356
1142.309128985119
951.0867188614311
1050.2376309892552
1299.4405336618483
1061.0921220825094
1366.4617124257863
1234.0519709291373
1245.504342093809
1261.0694895409886
1199.157410249295
1161.0553386673894
1515.0684897916149
1498.110740763266
1416.8945559351473
1035.4476613097354
1158.5104343892033
1349.3443231961278
1565.9156772697756
1533.273038394907
1069.3759472648017
1209.4399385242634
1269.4761501849441
1410.028493539163
1384.9203121877376
1216.2627954755092
1107.6632469110423
1563.909533379806
1503.141371741182
1552.8449232227258
1271.1903128130289
1087.5754691418924
1592.280885591785
760.7132158304048
869.0277052926178
1055.9100006089434
985.486942019005
1393.8945662431388
1251.540266868886
1115.6383210562014
929.8672871078497
1230.0731426917998
1573.448593933207
1410.722145638841
1374.64239086113
1323.4180445885568
1169.80980938435
1283.587766876356
1485.6473252873784
1028.6669328580579
884.6376351870125
719.37711288128
1256.6363598095681
1294.6816349600572
1471.3505277889608
1279.9200168593036
1232.8979864405867
1395.797309287287
1518.2072050680445
1579.9009898331437
1438.1671378476674
1011.6185594522942
1294.730677386251
1548.231634896141
1615.367880180634
1396.1111808149299
1124.2984378761198
1338.6726912562667
1543.316927279482
1483.681337027318
1426.5567189962978
1135.2839413436236
1293.622563521426
587.0189902155134
724.6854566574581
718.5735111230266
731.1503966140253
726.4444504998831
746.2567346490054
629.7392863754827
646.0783836924124
682.8148390938431
752.247880038956
735.4551402797298
825.0268405111692
710.3214510934034
772.4370661562435
826.0009457014519
770.7922078971353
802.4336077938224
792.3136080338309
734.6122235795168
701.4309803009284
875.3805385757507
906.7361175167871
949.2568233340594
1016.3352147915227
1026.7087915086718
908.2199086396301
783.3657599974526
788.0702599716062
771.808209209026
803.3206626776102
821.113146899532
862.376939270355
768.902898646272
564.5700799965795
811.3838505742664
687.603196321918
814.7631590834944
771.6594853569533
1133.9394929578434
788.4666739771301
1079.5717451869968
970.0471338584415
1118.247215514081
993.2395403355953
955.6245190741797
1162.0384239235495
992.1867241334919
938.3203622927499
1140.9146249010469
1300.1241182069598
1158.6961825784138
1215.549841204711
939.8578423539384
1241.514985690074
1150.9744525741348
1160.7227436348912
745.1109809670431
1114.0939350457586
770.9826698669956
1082.1476986228479
831.5242305182887
988.2746683431317
1009.1895013376046
973.8718300712628
1004.8022752416259
951.4303820707005
948.1791160184416
937.1556764669818
1082.1740589269273
987.5804142532004
1241.1022160190585
887.1022914664952
1061.1442818200783
1280.4169961384857
1231.5556672534858
943.306137945719
930.6427704720456
1064.0351045686698
798.5972058250786
851.3504535902213
756.1731132254754
814.952300110223
709.6747377809522
914.2207330359415
620.6492726803851
625.194279527934
664.90086441608
858.1747881961503
841.7018784475293
946.0604832068516
952.8179165060868
933.428380279877
948.7161305852683
877.5170521530449
814.6477940168713
814.9395777405706
881.6365130671502
858.6423585156656
963.241068047185
909.6575163035416
1006.7972480165081
940.1306408496437
995.7114251497953
969.9137669978678
1013.874059415265
985.4789805861813
921.4341528625014
895.0268055147953
533.0545952549
1142.0855128264334
931.7766665184439
1131.6489059139744
931.0896695807404
1051.9988671199549
906.3250834436449
933.2653142127813
745.0846206629637
995.1166012282683
796.3421807060656
993.1222084131466
986.2530768238122
825.9142973317583
846.6600677357643
857.1962199732637
893.0792036518108
906.028586017764
1013.0800433502549
909.1465110364427
787.9913524680433
1065.9135227657919
880.3344366516937
930.8867565423618
766.6173550079501
887.7137680473874
1226.104384352033
1055.9210351548372
969.1686613992376
956.5947963533687
961.8104583791232
825.1984890028491
875.8887407171883
770.7178707740243
960.1779586171834
839.8425574644411
842.9414257695881
967.3056622341849
924.5486359870872
945.6448486448558
905.518023812034
1001.2102887775025
1016.0262475064992
995.1991551624715
957.1417914948668
914.8374452271978
561.7707748825944
913.3890319065938
571.3618914720244
783.8618185041623
809.3704558628393
843.7837294394737
839.6200274555849
861.3280443801262
806.581370989198
777.4520089208173
789.1363669615887
828.6326297794869
811.7888267541232
870.0906998803773
928.4542993593079
914.2330059153696
707.4016464359847
748.1160556320935
580.0766970224491
1038.9529687219667
1360.0276027122095
1400.8192537295745
1370.3737155482065
1326.7633510853295
1175.3732390442037
1233.7199895406104
1126.0221542235927
995.3475342747557
1270.551556034058
1584.8918659850708
1527.5368088977036
1342.6546809873448
1025.2169414810855
1483.409880570978
1535.7840106160506
1369.9800533159682
1452.6196806620583
1157.8826913339171
1254.5551218479513
1673.3412647957855
1417.7450664795065
1457.3161287053085
1002.2024136230052
1382.3008335986392
1593.8502432299997
1557.3248160166668
1517.5794620127585
1094.1667712223948
1228.9194527523555
1578.3331999847774
1547.8179518090244
1484.309080082604
1019.8864559966397
1276.6756811825167
1564.223091349479
1540.591680401829
1538.2949828371943
1122.1063541101337
1187.4469385893208
1498.4332988265373
1588.5144272600694
1533.9007814501927
1204.9634204803624
1159.1061945315823
1472.727566316863
1521.97366339976
1499.6887849371092
1163.5323788314906
1116.4516496850456
1571.4349246519648
1576.0946660110938
1539.5504689477661
1155.0578475851305
740.43355956877
1095.767484657577
1556.929337496358
1556.1856599128434
1075.3344795638168
1282.1758162805327
1560.893732827488
1525.7401217314757
1563.4047050486317
1024.487292085656
1182.0507989624257
1565.2879342144895
1590.397656425927
1579.0982814307802
1252.3580211544504
1139.665600411838
1415.8599521993683
1641.2448439040877
1576.4518521667376
1233.6322384527002
1108.2909899663282
1460.4354033876184
1519.5412376069553
1479.9148786956025
1105.1522746898986
1043.005712216591
1537.6672397819084
1530.7620661737633
1549.908229359984
1216.2627954755092
1085.0644969207488
1606.7189758633613
1555.443468198627
1553.4920046541263
1082.8673962272478
1079.995424621458
1523.2291495103318
1499.0610418818235
1530.1343231184771
1247.649948239806
1214.3795663096516
1415.885087056437
1529.10459874607
1519.2270518935989
1267.1099829536702
1051.2422529639691
1420.2585521863568
1532.959166867264
1552.105330053485
1278.4093579488172
999.3775698742185
1469.2432467557414
1544.4689392600617
1554.101666076151
1250.7886635162358
1173.529861136554
1463.593559258168
1545.3044661021738
1535.1562675607647
1358.1327259701309
1139.665600411838
1387.5832379972992
1510.6742884046132
1619.901580024366
1309.7965107131135
1229.131528108871
1407.4105558100766
1530.44819464612
1499.0030336574337
1362.1341952154369
1135.275788836412
1357.4214095150921
1440.3670662125885
1514.1268752086858
1355.9356252766302
1121.473594127333
1450.4109550971634
1599.813802255216
1346.3419468443865
1124.5013509144983
1041.6647675919862
1575.3318230990646
1253.092431486709
1257.1611137698465
1243.1091095085494
978.1992534940088
1588.0969787162253
1314.4141717795883
1328.6510306921357
1130.0853410748496
1061.2102608198832
1548.1246121160727
1221.5219666837813
1252.3966420650786
944.8162686479044
683.2972939615287
781.0462057305258
722.9288841877378
816.4977495656681
848.5261320524542
957.7000900337207
914.9344813620389
812.6724066395343
1090.918936547683
1023.615043817254
1022.4408510972398
1170.1592366709838
1160.6638338136368
1275.7138635991173
1211.3438401282297
1108.3098034445088
1551.5881803693005
1288.0443556049977
1329.6664195861167
1287.0530143828464
1090.714184418322
1533.5869099225497
1473.8109357254048
1094.0901424314663
1207.3487214843835
1042.691840688948
1385.7547138293369
1271.6143457064172
1259.8532275726852
1041.2051482574084
1198.0582468722173
1424.5980871001664
1279.7629289117772
1253.303313919344
1172.268060997335
963.2823441952771
981.4868927985692
1415.283055754664
1574.2095517309558
1017.1891660376295
1149.7220316152002
1407.7244273377196
1420.770325735708
1278.2867518833314
981.0903938465741
959.3481106926292
1352.1691669449144
1503.141371741182
1231.6425003300146
1549.2804863046981
1215.6350524202235
1259.4447448270369
1582.2369967072098
1520.6194794064722
1382.0966944996057
1030.3540819111586
1238.233802410517
1517.2655904851154
1528.878837007905
1522.601406455046
1100.1303302476113
1063.4073615133839
1569.9960071291341
1556.1856599128434
1578.1566668478513
1107.0355038557564
1115.8239066297597
1520.0904342339022
1550.5359724152702
1394.888798342039
1067.1738198450994
1204.0218058974335
1569.054392546205
1524.0876712312972
1528.3384375809324
1055.5605733223097
1020.4069622262973
1512.7995843230588
1531.1661090011394
1534.5285245054788
1186.1311288217844
1051.1663719353082
1517.5029538681583
1554.4158517895073
1603.2663890592885
1355.3934835470648
1096.3330817159867
1399.5637676190026
1524.4846356209036
1664.4713369496674
1135.9116843989095
1004.713385844149
1595.4196008682145
1574.7040800437787
1319.0410080507231
885.5605201930147
1081.9257816443192
1274.9138590218245
1332.149435542109
1595.4196008682145
1413.374114835293
1164.7502379857017
1249.0273384071602
1574.7040800437787
1556.0705841379734
1410.5187950723107
1100.7580733028972
672.6373095978889
1519.4626911786163
1545.2001564453396
1289.0809898886778
1131.5174830119079
1403.957969006004
1465.7658888720646
1526.7675090141508
1417.7683162222947
1188.642101042928
1295.1903533697923
1525.5107661607253
1533.273038394907
1425.928975941012
1186.1311288217844
1111.4453831412416
1470.4987328663133
1535.2505232747715
1541.3333595633285
1142.5183815793662
1148.1526739769852
1502.513628685896
1537.9811113095514
1514.1268752086858
1130.8897399566222
1076.2760941467454
1526.0539932591187
1605.1496182251465
1547.0833856111976
1174.2040107713515
1136.5394274541954
1534.5285245054788
1592.4433086200756
1509.8014804929094
1289.7087329439637
989.9614240449295
1485.5645661931758
1500.0026564647524
1533.273038394907
1156.6272052233453
1094.7945142776807
1501.8250553844935
1591.967014064142
1523.2291495103318
1327.5737667462413
1203.0043102858435
1303.3428605812978
1563.650015461018
1454.177413428879
1476.1484203638865
630.0684778020012
882.8432507121244
917.4190454148736
917.1076738727701
1028.5509445805023
1002.4298478744809
892.5032592441571
874.0085099494156
904.2315848754793
1019.3428544883737
1158.9494155467457
1338.8930434426684
1357.4357104878454
1281.1947668835742
1013.5537372621948
1227.3022456118267
1034.6580782480085
976.52257320706
1080.4858205613705
1039.3931244970597
949.5277827387825
941.7033919390205
858.2291760749794
827.0339018031674
910.7052035056528
889.4244503467912
502.27539859603144
1223.6457964621518
1087.978753684325
965.4550954959929
886.1189908213013
976.6102365438821
941.894329101653
895.151992695948
976.1823413753377
954.4428657676203
917.8160730643688
846.7673480430642
787.7736005437171
602.1598744217642
623.4590373558627
765.0565357002298
753.4874273610147
716.3010076992523
811.1263778367468
766.5026742426317
762.3708498357691
846.6600677357643
854.3958974375741
919.4878887460526
952.0610885322653
945.9789501733037
973.4831688436736
972.5525888066384
1027.630911604705
914.4201305447899
922.5129040214573
858.6184503328959
716.5928101351078
914.7499592334833
748.942420513466
868.7628761911691
1570.3705686591925
1272.7596704512434
936.4800360635433
1140.9336288411969
1404.2350808051842
1605.4634897527894
1464.84904536874
763.6600526143495
1116.4516496850456
1501.5720141029672
1615.8212501650073
1621.1570661349378
1248.2776912950922
1238.1228028892526
1548.1321375223808
1561.521475882774
1687.697829995247
1209.043750339721
1116.7655212126883
1588.9941709536693
1588.9762802587031
1591.6531425364988
1190.211458681143
1064.976719151599
1584.7479689283537
1586.0034550389255
1273.9949265610103
1036.1630677018434
1233.7550028383305
1319.2567947259777
1247.1687194327756
1233.136455237956
1080.7046252320831
1274.3271889984762
1378.212534345024
1526.3133050876206
1513.813003681043
1293.3090055517525
1128.694210191688
1399.5637676190026
1634.6535418235856
1591.816192680729
1347.0532809743333
1058.4540862664549
1485.9233662778288
1562.6553015011127
1568.8683946038982
1375.7095315181368
1162.2768927209188
1494.6668404948218
1552.3078885018938
1617.390607803222
1302.7530953910916
1121.1597225996902
1455.7467710670937
1484.6229516102467
1574.884062318371
1422.4578521798512
1022.9179344474411
1334.9062329245512
1584.1202258730675
1532.3314238119779
1145.3278302281985
923.3106013372649
1261.5947669414131
1402.9838638157214
1396.0737859649566
1231.328628802372
917.6665578831456
1174.8795100550678
1615.5073786373646
1599.9686998922346
1482.4258509167462
1227.6627098989302
1139.678142730625
1493.097482856607
1653.2735547366947
1315.3205239253448
639.9946707230202
1029.1953650003004
1523.8568925656177
1562.14921893806
1458.5716148158804
1228.189913525942
1321.7236287635465
1597.3028300340723
1569.054392546205
1400.8593891496926
1091.9696705288939
1302.4389096777354
1572.193107822635
1579.9009898331437
1422.790260664582
1182.6785420177116
1220.9708683901538
1480.2680234374147
1592.280885591785
1397.680538453145
1129.6342538460501
1303.3428605812978
1558.2654899256866
1585.8344231251397
1496.2914948185874
871.6400834673129
973.8393130772183
1010.8357197241692
1009.8671318068334
1041.2689972989883
1023.915334790166
1057.383112485752
1084.6876198385744
1127.830718622758
1172.5249581368093
1327.3790386940664
1448.3211046424078
1626.1888190624643
1354.66297431689
1258.6311604950179
1209.4783888418672
898.8628783893002
1517.1467988305562
1351.1484714497474
1264.1030691976373
1213.7407887084719
935.975521290339
1598.2444446170011
1269.170990914482
1263.7119558487384
1175.4717574884721
940.0343950882375
1568.6007501039087
1336.6828915754663
1262.9785340969179
1246.3564542489337
682.1552184615309
1019.1514761157255
1675.1429688895282
1539.9838813892575
1314.9692606159485
1043.633455271877
1467.9877606451696
1283.3626429944325
1264.9398555945759
1271.5906216168391
1069.3022611419283
1470.1557004474907
1245.161658140777
1259.0118523283506
1243.0166650251076
986.4472421135836
1577.5603285829654
1214.0741777962692
969.1121119543086
1278.296928554953
843.6668770402481
1001.2607990400763
1555.9113021478067
1040.565851513429
1136.9881656538726
1180.0982973695686
999.6638550371272
1484.6983543405204
1236.38612900365
1079.782627619632
967.8812977116396
882.1539106634991
1059.0358422484974
981.3575433994821
925.9910963475245
985.4097773624057
927.8724704676567
1055.6549799927336
1080.659134829764
1035.9904017884592
1029.8298513891882
809.4319620117367
910.4173670881792
1012.7594088916371
947.6831744835526
890.8488750972651
888.6140242539319
970.9536526082297
963.0267105487399
903.4168675703279
807.6143270909135
971.5001022582451
955.1143281126308
1022.6819177713813
918.5538124151719
924.0526944521982
979.6465757556314
987.998500936506
958.4259179413951
824.9679895997363
761.1313025137104
856.7162172268879
840.5291514311602
685.5189158681266
984.549592314398
960.5823553105397
1110.1026387902102
984.8965674797221
891.8354986245643
773.4874591169248
747.5771215869244
639.9282993196583
635.2465244024675
672.6442764640276
625.6264278628443
730.9689843436141
933.428380279877
849.6152921953978
791.792624302113
933.047075416217
949.6178981969144
993.4391450924267
925.116621752434
956.4394382681976
811.746151497776
813.9273134027637
749.653535693282
772.4273637155488
679.9409529188622
816.9053901876487
773.6432514965093
800.1770431585611
761.3378937340535
531.8150479328413
729.2751815489314
829.4306103155891
701.2150922597818
674.5695811899409
798.9517957946896
878.904236897805
839.6464221237268
928.0570085509557
1005.8425877072707
1004.5239594729737
1110.969534425546
1191.382237377903
1006.310329847098
1076.9945656904908
1033.6288003282575
869.3930713677647
861.3200749858697
886.1019264086705
752.7513675537613
835.0909593965494
840.4623311254707
786.748613836258
798.7309046161593
802.3531648641534
879.094889329635
766.5026742426317
798.8237569264036
590.693545730632
1128.037309843101
803.4144563177067
1075.647125030805
934.7291332602309
959.2603596047193
955.1829875093028
835.2736424341228
780.3442860056211
688.4287356639485
683.5378503756888
603.6015123049491
824.7613983793931
501.85932098308814
526.6518082677235
1061.6885840227092
1080.0548130850098
869.1042673299942
1024.7650126196559
717.8544265489539
1177.1480261459872
1035.1503231916136
849.735640888469
1096.9247946654918
848.6027608433826
1004.5723888688406
942.6483564043892
919.5867685168876
809.2670568536587
830.9671043839434
621.2573987651934
949.8148236253915
789.3110480817752
945.3778558709325
929.1224632373967
1052.408984409004
956.5549493820859
897.9185985636291
879.460255404782
902.8369408805813
829.3578997744457
817.1494008037237
833.4063520567781
732.8014752980862
748.3650404462007
610.8280375130842
884.6449345464206
805.9615973281686
778.2783738021899
892.9365010926244
923.6321207397621
812.5994504403413
1259.2785205207815
810.2950003147848
765.7360739885656
687.998010512244
645.7070747138716
620.7706631171634
896.6710346911348
714.5728752062337
882.0625691447124
911.4292666100473
812.3588486698611
805.2344954956096
801.8457117098192
783.5562219673127
800.4781410732954
832.6118647524318
747.7028731914073
722.2838101200215
773.4949883629355
812.5645469848921
762.4137184770175
516.3376638446125
868.781267100992
902.9521905821377
960.3765804432701
895.2263408425814
899.0428961841315
1036.7077515910246
883.6650304206083
693.3819717161313
701.4218902781432
682.8563451052428
683.6372606990553
852.651213125715
974.7004253786617
929.7109643743556
792.8094323627213
666.4132126835157
721.3585079005305
781.1271257337462
640.2196528531862
954.5999956679191
790.0540733617479
664.653202613471
1210.4672067600081
895.415595736742
821.1788491459058
748.1865541197477
717.3339638009679
703.8062235656214
789.1204281730757
745.0374173277518
708.6369025457515
893.5752621585204
826.2075369217949
883.4333049568406
830.0502576989882
802.1467800286458
812.6792241566231
786.1288401752286
811.9527427181192
768.1554040053767
724.151474072291
647.0929488843053
616.7240394938658
698.1209803090571
620.7724917761982
572.1837080242809
535.4975725528037
748.3650404462007
567.555329052202
509.29660491544064
638.416117629894
786.3354313955717
618.1701780362678
906.1583391945844
668.7850270203334
653.5496984631611
596.5752949688695
634.6974756637178
699.4678079384158
660.8272803399948
570.860788577692
804.928641226453
674.1643681435112
685.7377713695257
650.756375779579
